data/aspect_horn_min.txt
ncols	401
nrows	401
xllcorner	0.0
yllcorner	0.0
cellsize	10.0
NODATA_value	-9999.0
[rows 208 to 233 of 401, columns 0 to 59 of 401]
-9999.0 -89.99985 -89.99985 -89.99985 -89.99985 -89.99985 180.74907 182.59285 186.33999 192.23974 201.16126 213.7967 228.07137 241.7748 248.19881 252.62949 255.78419 257.44749 257.60448 257.21315 256.71525 256.14859 255.4112 254.3432 253.0403 251.05901 248.46924 245.00972 240.60368 235.47857 229.71691 224.19875 218.65997 213.16817 207.7434 203.01764 198.55029 194.4101 190.26819 187.01665 184.25385 182.04567 180.55598 180.00021 180.00021 180.00021 180.00021 180.00021 181.06076 188.65245 204.67693 227.72645 247.06779 257.95742 263.66007 266.1215 267.45534 268.07815 268.18758 267.52582
-9999.0 -89.99985 -89.99985 -89.99985 -89.99985 -89.99985 180.50728 181.94139 184.72654 189.50558 196.7873 207.49932 220.76387 234.67643 242.40907 247.55709 251.56493 253.9301 254.74485 254.19366 253.75535 253.22651 252.5424 251.68755 250.63617 249.09205 247.23681 244.69517 241.38977 236.98659 231.62428 225.97778 219.80531 214.03219 208.45501 203.06463 198.09708 193.58275 189.52735 186.29415 183.60469 181.4561 180.00021 180.00021 180.00021 180.00021 180.00021 180.00021 182.00957 191.76819 209.89887 231.34009 248.8388 258.04337 262.40529 264.42783 265.44254 266.16046 265.99201 265.71069
-9999.0 -89.99985 -89.99985 -89.99985 -89.99985 -89.99985 180.30789 181.40167 183.63964 187.53289 193.50655 202.49912 214.1697 227.77401 236.67376 242.65028 247.27978 250.53418 251.83422 251.37013 250.80462 250.31989 249.58135 248.77978 247.68429 246.58994 244.92034 242.8554 240.19917 236.97628 232.77306 227.3059 221.32193 215.04174 208.86697 203.11046 197.87879 193.32434 189.27239 185.6702 183.01282 180.91637 180.00021 180.00021 180.00021 180.00021 180.00021 180.00021 183.69121 194.03596 212.47145 233.32539 247.9129 255.66445 259.41274 261.6742 262.51473 263.01893 262.96679 262.78574
-9999.0 -89.99985 -89.99985 -89.99985 -89.99985 -89.99985 180.14173 181.11691 182.92631 186.10794 191.30983 198.87917 209.11621 221.66169 231.64319 238.08725 243.31778 246.92569 248.91615 248.81359 248.3111 247.60923 246.95663 246.07772 244.94727 243.79677 242.41537 240.54867 238.3044 235.45508 232.12505 227.85307 222.36987 216.20484 209.70521 203.59118 197.99567 193.07568 188.66047 185.08808 182.47195 180.43738 180.00021 180.00021 180.00021 180.00021 180.00021 180.00021 184.33235 195.67977 212.8559 232.59487 245.37642 251.56493 254.69901 257.07392 258.28229 259.07068 259.19845 258.76071
-9999.0 -89.99985 -89.99985 -89.99985 -89.99985 -89.99985 180.13027 180.88142 182.49659 185.1597 189.71528 196.11866 205.15535 216.371 227.68405 233.99404 239.44115 243.5418 246.14762 246.39456 245.87374 245.21083 244.57886 243.69879 242.63825 241.35712 239.92186 238.26658 236.12429 233.64568 230.44857 226.67908 222.21689 216.68956 210.69127 204.19737 198.11026 192.83561 188.44045 184.57413 181.98837 180.41847 180.00021 180.00021 180.00021 180.00021 180.00021 180.69865 184.76378 195.10109 210.964 228.43348 239.74367 245.55632 249.14533 251.85428 253.14171 254.00172 254.35753 254.05443
-9999.0 -89.99985 -89.99985 -89.99985 -89.99985 -89.99985 180.12168 180.81668 182.14365 184.70591 188.41238 194.09154 201.89809 212.09673 223.71746 231.03012 236.45374 240.87583 243.82485 244.44822 244.06262 243.43523 242.73393 241.85845 240.69592 239.48354 237.90734 236.1919 234.1029 231.7383 228.81392 225.36701 221.26406 216.39678 210.91014 204.7984 198.43513 192.75769 188.33446 184.45553 181.92191 180.40071 180.00021 180.00021 180.00021 180.00021 180.00021 180.62932 184.18509 193.85147 207.97946 222.91762 232.86932 239.13347 243.21293 246.03761 247.81951 248.69098 248.93677 248.45893
-9999.0 -89.99985 -89.99985 -89.99985 -89.99985 -89.99985 180.11423 180.76225 181.98952 184.34953 187.71566 192.82301 199.78101 208.79936 219.6254 228.73543 234.10462 238.67109 242.06873 243.16193 242.72305 242.12316 241.26544 240.39913 239.40562 237.9102 236.5924 234.73201 232.60461 230.19418 227.56373 224.27495 220.36452 216.11317 210.85743 205.25333 199.08085 193.09975 188.23075 184.39881 181.49735 180.38982 180.00021 180.00021 180.00021 180.00021 180.00021 180.57317 184.39881 192.38068 205.31291 217.40519 226.29234 232.59487 236.83705 239.77461 242.0206 243.27022 243.43523 242.82733
-9999.0 -89.99985 -89.99985 -89.99985 -89.99985 -89.99985 180.10793 180.71641 181.99812 184.19197 187.29282 191.98763 198.29762 206.34825 216.29594 227.10708 232.67681 237.34928 240.63061 242.35406 242.03149 241.35883 240.51659 239.56376 238.40524 237.18197 235.47055 233.71271 231.74575 229.325 226.52095 223.20982 219.6678 215.60438 210.80643 205.40745 199.60855 193.44123 188.23075 184.34323 181.47844 180.00021 180.00021 180.00021 180.00021 180.00021 180.00021 180.52561 183.96451 191.6685 202.62001 212.84502 220.66188 226.41438 231.05877 234.033 236.30993 237.58304 237.70967 237.47934
-9999.0 -89.99985 -89.99985 -89.99985 -89.99985 -89.99985 180.2059 180.79261 182.13505 184.20515 187.10546 191.44905 197.23478 204.77491 213.8242 223.92602 232.03796 236.62907 239.99004 242.00972 241.79085 241.1308 240.3023 239.19878 238.11647 236.74022 235.20412 233.45889 231.3739 228.96175 226.16915 222.87865 219.32689 215.34025 210.91186 205.55986 200.04113 194.12076 188.58369 184.3163 181.45953 180.00021 180.00021 180.00021 180.00021 180.00021 180.00021 180.48551 183.64136 190.5518 200.22505 208.78676 215.53792 221.05493 225.59677 228.55953 230.83646 232.12505 232.68425 232.15198
-9999.0 -89.99985 -89.99985 -89.99985 -89.99985 -89.99985 180.297 180.97481 182.27142 184.37818 187.27162 191.37514 196.78845 203.79458 212.19586 221.6531 231.49078 236.62448 239.94076 242.11285 242.16212 241.50895 240.60138 239.51563 238.29408 236.89549 235.49175 233.65886 231.43922 229.08551 226.32442 223.07346 219.56868 215.57058 211.01556 206.27777 200.794 194.88623 188.99107 184.34323 181.45037 180.00021 180.00021 180.00021 180.00021 180.00021 180.00021 180.45457 183.39499 189.71299 197.94238 204.98633 211.60743 216.7841 220.81486 224.22912 226.18863 227.68405 227.96824 227.64853
-9999.0 -89.99985 -89.99985 -89.99985 -89.99985 -89.99985 180.38352 181.25442 182.63925 184.68987 187.6131 191.6473 196.78272 203.47544 211.32095 220.172 229.47225 237.35844 240.74405 242.82847 243.18542 242.28416 241.38977 240.2324 239.03606 237.67414 236.04121 234.13498 232.12505 229.66076 226.80513 223.78106 219.97376 216.02722 211.6865 206.99569 201.35664 195.84765 189.5222 184.73342 181.45953 180.00021 180.00021 180.00021 180.00021 180.00021 180.00021 180.4305 183.17955 188.99737 196.01094 202.40515 208.12384 213.02378 217.16455 219.93652 222.31601 223.73637 224.00165 223.65902
-9999.0 -89.99985 -89.99985 -89.99985 -89.99985 180.17324 180.65453 181.62512 183.10622 185.23876 188.22502 192.12572 197.1391 203.5058 211.0975 219.30397 227.99689 236.60329 242.07102 244.1182 244.73126 243.75666 242.7156 241.6625 240.41345 238.94038 237.26505 235.43044 233.37868 230.86397 228.0983 224.99974 221.28469 217.20809 212.77168 208.01498 202.69965 196.83772 190.43721 184.82509 181.4687 180.00021 180.00021 180.00021 180.00021 180.00021 180.00021 180.41217 183.01282 188.005 194.47026 200.35339 205.65554 210.25639 214.1697 216.80587 219.07937 220.41837 220.8607 220.68423
-9999.0 -89.99985 -89.99985 -89.99985 -89.99985 180.34227 180.91981 182.08807 183.78517 186.02773 189.1005 193.03729 198.04093 204.13491 211.30834 219.14068 227.38038 235.31757 242.56033 245.67894 246.43123 245.70071 244.52901 243.35617 242.07503 240.57274 238.97189 237.12353 235.05859 232.65503 229.8716 226.55762 222.96116 218.79232 214.19548 209.50066 204.21169 198.08333 191.53442 185.71031 181.8841 180.00021 180.00021 180.00021 180.00021 180.00021 180.00021 180.40071 182.47195 187.65092 193.31346 198.82474 203.65134 207.9892 211.69337 214.61832 216.52914 217.82803 218.3838 218.17066
-9999.0 -89.99985 -89.99985 -89.99985 180.15949 180.59494 181.45724 182.74984 184.56955 187.05332 190.22636 194.26915 199.28311 205.26937 212.11507 219.50508 227.22798 234.80935 241.69917 247.46313 248.64342 247.8218 246.84605 245.65545 244.21446 242.87488 241.1245 239.3002 237.09488 234.71081 231.94514 228.79101 224.99974 220.97185 216.25412 211.19261 205.92483 199.7558 192.69982 186.33999 181.93509 180.00021 180.00021 180.00021 180.00021 180.00021 180.00021 180.39269 182.40262 186.97253 192.35146 197.56481 202.28025 206.41299 209.93955 212.56026 214.59254 215.95217 216.6294 216.54919
-9999.0 -89.99985 -89.99985 -89.99985 180.32107 181.02294 182.09437 183.61271 185.68968 188.323 191.76819 195.90896 200.97562 206.77109 213.41912 220.43556 227.70296 234.80764 241.26487 246.77902 250.83441 250.37891 249.23299 248.04468 246.69021 245.22458 243.59681 241.91632 239.78664 237.48048 234.61971 231.37791 227.7975 223.58282 218.80607 213.69013 207.87805 201.80126 194.53443 187.48476 182.43643 180.39498 180.00021 180.00021 180.00021 180.00021 180.00021 180.00021 182.36939 186.77945 192.0117 197.103 201.47123 205.53408 208.87728 211.3496 213.61736 214.71057 215.29556 215.28123
-9999.0 -89.99985 -89.99985 180.23111 180.73245 181.63658 182.93547 184.70649 187.04702 189.96223 193.56613 197.94238 202.9615 208.73977 215.14372 221.83243 228.56927 235.22188 241.26029 246.50801 250.4299 252.9429 251.91329 250.60408 249.44384 248.04181 246.3407 244.6711 242.65028 240.2811 237.5458 234.43407 230.96996 226.83435 221.86968 216.38418 210.63856 204.00428 197.07092 188.81288 182.99048 180.41503 180.00021 180.00021 180.00021 180.00021 180.00021 180.00021 181.96145 186.33999 191.84841 196.88012 201.21397 205.11467 208.30089 211.01098 212.98081 214.28715 214.75239 214.81714
-9999.0 -89.99985 180.07527 180.55312 181.33005 182.54701 184.09915 186.24201 188.89022 192.12629 195.89578 200.45137 205.60226 211.25506 217.39831 223.72205 229.96041 235.97131 241.60693 246.44785 250.26718 252.90795 254.50822 253.40355 252.26108 250.7943 249.36477 247.66825 245.72878 243.52576 240.88156 237.76696 234.49251 230.12027 225.45123 219.98694 213.58127 207.14008 199.5925 190.85031 184.11806 180.44082 180.00021 180.00021 180.00021 180.00021 180.00021 180.00021 181.98837 186.38411 191.46395 196.88012 201.21397 205.26937 208.42121 211.19719 213.12978 214.27798 214.91912 215.02627
-9999.0 180.07355 180.38868 181.14441 182.23245 183.7061 185.72979 188.08751 191.16372 194.72064 198.81213 203.4783 208.55815 214.18001 220.05569 225.9033 231.78643 237.29886 242.35979 246.8747 250.34625 252.90737 254.59645 256.17552 254.98148 253.73358 252.28629 250.69346 248.94938 246.87928 244.49062 241.65162 238.32445 234.22723 229.57367 223.97701 217.51921 210.57897 202.88071 193.18282 185.46394 180.94674 180.00021 180.00021 180.00021 180.00021 180.00021 180.00021 182.04567 186.11539 191.70287 197.103 202.06768 206.12537 209.22793 211.71514 213.69013 214.99189 215.63991 215.70694
-9999.0 180.30617 180.96966 182.04223 183.4815 185.33846 187.68529 190.5816 193.90475 197.78826 202.1542 207.06215 212.16778 217.68021 223.12216 228.60021 233.82501 238.85386 243.49368 247.52042 250.71008 253.10447 254.52541 255.93087 257.37874 256.5044 255.16884 253.75936 252.18086 250.29468 248.00515 245.38501 242.18218 238.29867 233.97284 228.39738 222.04901 214.60572 206.10474 196.02011 187.12494 181.56209 180.00021 180.00021 180.00021 180.00021 180.00021 180.00021 181.70992 185.92058 192.03748 198.06041 203.10187 207.31884 210.65059 213.30396 215.24227 216.44434 217.17887 217.32784
-9999.0 180.79662 181.85602 183.28842 185.23647 187.5495 190.35069 193.624 197.41985 201.63109 206.14084 211.02645 216.20026 221.36261 226.51464 231.51714 236.20623 240.71655 244.64188 248.33402 251.26069 253.38121 254.6801 255.93259 257.22518 258.24906 258.05024 256.61498 255.26509 253.60008 251.56493 249.02673 246.34185 242.67606 238.37143 233.42681 227.12083 219.42773 210.77377 200.13624 189.16238 182.33731 180.00021 180.00021 180.00021 180.00021 180.00021 180.00021 181.81821 186.24201 192.67003 199.34842 205.01669 209.7012 213.07707 215.67027 217.60057 218.69721 219.46211 219.34866
-9999.0 181.49219 183.00366 185.05083 187.57529 190.4057 193.75234 197.49777 201.65458 206.09958 210.7818 215.60667 220.58854 225.50853 230.14892 234.57215 238.77537 242.6606 246.14189 249.31149 251.99064 253.90088 254.95742 255.99275 257.02407 258.07087 259.01911 259.45399 258.11957 256.72957 254.98148 252.78705 250.26489 247.01909 243.14933 238.27059 232.43158 224.99974 215.33108 205.09634 193.20116 184.03784 180.00021 180.00021 180.00021 180.00021 180.00021 180.00021 181.9752 186.2867 193.02927 200.50522 207.2879 212.66912 216.34235 218.7058 220.63037 221.69492 222.25814 222.43175
-9999.0 182.50461 184.6257 187.28308 190.48018 194.11445 197.94353 202.20118 206.61639 211.24245 215.98483 220.7272 225.32576 229.75701 233.9396 237.78358 241.38977 244.68428 247.80461 250.46657 252.78934 254.44233 255.284 256.20818 257.01433 257.93966 258.76758 259.49295 260.31113 259.41102 257.93107 256.26376 254.15069 251.48013 247.90889 243.60025 237.90103 230.26236 221.42391 210.46552 197.68455 186.25405 180.73474 180.00021 180.00021 180.00021 180.00021 180.00021 181.65205 186.399 193.79073 202.32838 210.22545 216.17046 220.33816 223.25108 224.80322 225.71594 226.32442 226.23218
-9999.0 183.68834 186.47865 190.03786 194.11503 198.5417 203.06234 207.81273 212.39983 217.05454 221.69034 226.11071 230.22283 234.09946 237.77097 241.07579 244.07007 246.91939 249.44384 251.78151 253.6929 254.96773 255.71888 256.44711 257.16158 257.73511 258.44787 259.05406 259.73359 260.30368 260.82622 259.30788 257.59245 255.08518 252.42895 248.4681 243.43523 236.9081 227.81583 216.55263 202.47964 189.46261 181.79013 -89.99985 -89.99985 180.00021 180.00021 180.00021 181.88811 187.27506 195.5543 204.70271 213.4323 220.64584 225.257 228.41973 229.89911 230.89376 231.26561 230.99231
-9999.0 185.08349 188.7 193.20345 198.25637 203.74931 209.10074 214.18058 218.91379 223.39546 227.57748 231.5412 235.15313 238.44534 241.45223 244.20987 246.72688 249.00897 251.13006 253.06494 254.61708 255.65299 256.14745 256.70322 257.2143 257.70761 258.1889 258.69024 259.08901 259.50842 260.02064 260.41484 260.53745 258.73894 256.39038 253.1314 249.08746 242.94937 234.78243 223.15253 209.358 193.76094 183.36634 -89.99985 -89.99985 -89.99985 -89.99985 -89.99985 182.23131 188.53098 197.19869 207.34978 217.47624 225.30628 230.8697 234.19228 236.14606 236.75283 236.78205 236.56031
-9999.0 186.64595 191.04111 196.52832 202.81654 209.17007 215.37176 220.85554 225.64375 229.89911 233.61588 236.9293 239.89149 242.6732 245.07733 247.28379 249.32066 251.10084 252.83461 254.33461 255.48969 256.29699 256.6528 256.95016 257.3031 257.60448 258.0044 258.27484 258.53955 258.69024 258.99619 259.17438 259.20647 259.3371 259.51873 257.28649 254.11288 249.00152 241.84356 231.6323 216.38418 199.74663 185.71031 -89.99985 -89.99985 -89.99985 -89.99985 -89.99985 182.77046 189.60528 200.64675 212.00563 222.23637 230.25377 236.09393 240.13041 242.10253 243.07599 243.10693 242.72649
-9999.0 188.51551 193.7936 200.16202 207.36468 214.71802 221.58492 227.49669 232.21156 236.07788 239.24118 242.02862 244.37546 246.51202 248.4045 250.14457 251.69385 253.13942 254.45894 255.57907 256.44539 256.96277 257.09913 257.27274 257.47098 257.62854 257.7397 257.81991 257.9557 257.96086 257.93622 257.90528 257.86518 257.64058 257.12491 256.90834 255.96353 254.79183 248.86 239.88633 225.97091 206.56483 189.46261 -89.99985 -89.99985 -89.99985 -89.99985 -89.99985 183.65224 192.40761 205.70997 218.29041 228.57615 236.03262 241.61667 245.41538 247.65163 248.98147 249.27425 248.94652
