data/aspect_sharpnack_min.txt
ncols	401
nrows	401
xllcorner	0.0
yllcorner	0.0
cellsize	10.0
NODATA_value	-9999.0
[rows 104 to 129 of 401, columns 60 to 119 of 401]
180.35946 180.95992 181.44636 182.24334 183.16638 184.19885 185.4456 186.78632 188.32128 190.07224 192.11999 194.31212 196.8383 199.63146 202.63262 206.01593 209.64447 213.49017 217.54957 221.85994 226.24421 230.61588 234.97207 239.14607 243.12698 246.89762 250.31989 253.48033 256.3159 258.82832 261.04509 263.00633 264.63238 266.0642 267.23074 268.20019 268.82299 269.04244 268.88373 268.19675 266.73685 264.11271 259.75937 252.16826 239.12315 219.33262 199.1158 186.16295 180.67917 -89.99985 -89.99985 -89.99985 -89.99985 -89.99985 -89.99985 -89.99985 -89.99985 -89.99985 -89.99985 -89.99985
-89.99985 180.16751 180.60296 181.23322 181.89212 182.81 183.85049 185.20381 186.65798 188.33274 190.20574 192.42136 194.95384 197.69544 200.81634 204.22028 207.91472 211.9174 216.21401 220.65386 225.22492 229.78623 234.35672 238.69573 242.89436 246.7561 250.30614 253.49122 256.36918 258.94921 261.15166 263.10086 264.75499 266.16046 267.29148 268.2254 268.85737 269.14385 269.06593 268.41505 267.08922 264.66504 260.41885 252.96811 239.96655 220.29232 199.54609 186.12513 180.70151 -89.99985 -89.99985 -89.99985 -89.99985 -89.99985 -89.99985 -89.99985 -89.99985 -89.99985 -89.99985 -89.99985
-89.99985 -89.99985 180.15892 180.43279 181.05846 181.71336 182.63925 183.90033 185.26913 186.85451 188.76818 190.90646 193.39253 196.18054 199.33639 202.85091 206.68228 210.82992 215.25889 219.9136 224.70696 229.53069 234.23353 238.72208 243.00666 246.96007 250.57142 253.81093 256.6866 259.2672 261.45762 263.37818 265.00595 266.31917 267.46738 268.36004 268.94847 269.24526 269.18396 268.69809 267.43357 265.1807 261.0428 253.67685 240.71426 220.60115 199.58677 185.7676 180.48321 -89.99985 -89.99985 -89.99985 -89.99985 -89.99985 -89.99985 -89.99985 -89.99985 -89.99985 -89.99985 -89.99985
-89.99985 -89.99985 -89.99985 180.15376 180.42134 180.9072 181.81649 182.85698 184.13181 185.63812 187.4882 189.67231 192.12171 194.95556 198.22714 201.81844 205.82342 210.11831 214.86641 219.71478 224.69207 229.68367 234.57673 239.21311 243.6054 247.55996 251.18735 254.42514 257.31628 259.80693 261.91255 263.79644 265.32738 266.66008 267.70916 268.55829 269.09859 269.34897 269.30313 268.9055 267.85584 265.57547 261.63868 254.24867 241.34566 220.89737 199.30602 185.38372 180.25002 -89.99985 -89.99985 -89.99985 -89.99985 -89.99985 -89.99985 -89.99985 -89.99985 -89.99985 -89.99985 -89.99985
-89.99985 -89.99985 -89.99985 -89.99985 180.15147 180.41847 181.03669 181.954 183.2443 184.67154 186.45859 188.7063 191.22961 194.0606 197.42558 201.25064 205.42521 209.99799 214.85839 219.93823 225.12981 230.36549 235.40294 240.1837 244.6012 248.57753 252.18086 255.12644 257.79413 260.20227 262.27924 264.06286 265.615 266.95687 268.01742 268.76341 269.25443 269.51742 269.48533 269.11291 268.09362 266.06306 262.17267 255.00153 241.6413 220.44645 198.66259 184.96947 180.25919 -89.99985 -89.99985 -89.99985 -89.99985 -89.99985 -89.99985 -89.99985 -89.99985 -89.99985 -89.99985 -89.99985
-2.1E-4 -2.1E-4 -2.1E-4 -2.1E-4 -2.1E-4 180.12626 180.48035 181.14785 182.21126 183.53651 185.11902 187.16276 189.57777 192.28156 195.46148 199.04762 202.99702 207.32973 211.97584 216.85171 221.76024 226.79196 231.70965 236.4228 240.94516 245.08306 248.9213 252.35275 255.46334 258.23703 260.64001 262.73245 264.55962 266.1129 267.42326 268.46432 269.12322 269.50825 269.54091 269.24698 268.3314 266.4309 262.71813 255.48912 241.67855 220.19205 197.48803 184.49736 -89.99985 -89.99985 -89.99985 -89.99985 -89.99985 -89.99985 -89.99985 -89.99985 -89.99985 -89.99985 -89.99985 -89.99985
-89.99985 -89.99985 -89.99985 -89.99985 -89.99985 -89.99985 180.19674 180.56801 181.28306 182.23016 183.58177 185.16313 187.07223 189.40703 192.11827 195.21854 198.75427 202.72372 207.09195 211.71171 216.67008 221.68805 226.82576 231.91821 236.75512 241.34795 245.60904 249.55729 253.03915 256.21391 258.99619 261.44845 263.50194 265.31878 266.76264 267.98762 268.74966 269.18396 269.26303 269.00004 268.28441 266.80676 263.07909 255.68679 241.56911 219.03525 196.32321 183.65912 -89.99985 -89.99985 -89.99985 -89.99985 -89.99985 -89.99985 -89.99985 -89.99985 -89.99985 -89.99985 -89.99985 -89.99985
-89.99985 -89.99985 -89.99985 -89.99985 -89.99985 -89.99985 -89.99985 180.31992 180.77714 181.5174 182.53498 183.83387 185.42669 187.39652 189.71528 192.48095 195.65915 199.1943 203.20844 207.62365 212.37118 217.37654 222.57155 227.77171 232.9375 237.89473 242.55288 246.82829 250.74732 254.23148 257.37587 260.05559 262.44483 264.45935 266.15874 267.49774 268.36176 268.84763 268.90206 268.57777 267.63468 265.91466 262.91752 256.02254 241.27977 217.38513 194.53443 182.74239 -89.99985 -89.99985 -89.99985 -89.99985 -89.99985 -89.99985 -89.99985 -89.99985 -89.99985 -89.99985 -89.99985 -89.99985
-89.99985 -89.99985 -89.99985 -89.99985 -89.99985 -89.99985 -89.99985 180.13829 180.47061 181.05388 181.88295 182.96183 184.30026 186.05638 188.04798 190.52716 193.32778 196.55697 200.25885 204.38071 208.90994 213.78925 218.92983 224.23771 229.54559 234.74862 239.66403 244.31014 248.58956 252.41635 255.7819 258.80998 261.39517 263.60736 265.49354 266.98437 267.89709 268.36692 268.38124 267.95725 266.81993 264.78135 261.07431 254.33805 240.43981 215.21764 192.48267 182.1213 -89.99985 -89.99985 -89.99985 -89.99985 -89.99985 -89.99985 -89.99985 -89.99985 -89.99985 -89.99985 -89.99985 -89.99985
-89.99985 -89.99985 -89.99985 -89.99985 -89.99985 -89.99985 -89.99985 180.06094 180.29643 180.75594 181.43776 182.40033 183.60125 185.05943 186.85909 189.0369 191.6387 194.60032 198.01916 201.88491 206.21303 210.90613 215.98769 221.26979 226.60059 232.0116 237.15161 242.04065 246.60484 250.67971 254.3793 257.64974 260.48818 262.88944 264.95438 266.45381 267.41753 267.86902 267.75844 267.11214 265.70037 263.08482 258.57679 250.4385 236.20107 212.73501 190.70134 181.08769 -89.99985 -89.99985 -89.99985 -89.99985 -89.99985 -89.99985 -89.99985 -89.99985 -89.99985 -89.99985 -89.99985 -89.99985
-89.99985 -89.99985 -89.99985 -89.99985 -89.99985 -89.99985 -89.99985 -89.99985 180.21221 180.57431 181.1891 182.00843 183.04548 184.42287 186.06669 188.06173 190.40799 193.19256 196.38967 200.0692 204.18591 208.72545 213.63684 218.85363 224.2549 229.72092 235.05114 240.17453 244.92492 249.27425 253.12911 256.64134 259.66312 262.23742 264.38887 265.90549 266.85603 267.21241 267.01875 266.0791 264.32298 261.15166 255.5172 245.77233 229.31068 207.22888 188.2594 180.36977 -89.99985 -89.99985 -89.99985 -89.99985 -89.99985 -89.99985 -89.99985 -89.99985 -89.99985 -89.99985 -89.99985 -89.99985
-89.99985 -89.99985 -89.99985 -89.99985 -89.99985 -89.99985 -89.99985 -89.99985 180.1446 180.47519 180.99028 181.74143 182.74181 183.96336 185.47941 187.3335 189.5623 192.16754 195.22198 198.69812 202.63319 207.06846 211.88302 217.08204 222.44435 227.94131 233.41191 238.64302 243.57618 248.08307 252.20378 255.8031 258.98187 261.72863 263.91618 265.40129 266.27734 266.45381 266.05733 264.8312 262.53249 258.43985 251.4956 239.87545 221.53163 200.33907 185.89079 -2.1E-4 -89.99985 -89.99985 -89.99985 -89.99985 -89.99985 -89.99985 -89.99985 -89.99985 -89.99985 -89.99985 -89.99985 -89.99985
-89.99985 -89.99985 -89.99985 -89.99985 -89.99985 -89.99985 -89.99985 -89.99985 180.13314 180.43852 180.9158 181.61309 182.543 183.68147 185.14938 186.88487 188.98763 191.50119 194.4038 197.78883 201.59957 205.88473 210.6546 215.73272 221.14546 226.66934 232.18005 237.50512 242.60273 247.25285 251.45034 255.25363 258.51606 261.32068 263.4137 264.82833 265.55026 265.58521 264.90797 263.3077 260.3266 255.30004 246.89361 232.93807 213.57898 194.76533 183.27065 -2.1E-4 -89.99985 -89.99985 -89.99985 -89.99985 -89.99985 -89.99985 -89.99985 -89.99985 -89.99985 -89.99985 -89.99985 -89.99985
-89.99985 -89.99985 -89.99985 -89.99985 -89.99985 -89.99985 -89.99985 -89.99985 180.12454 180.45113 180.89746 181.55235 182.42898 183.54797 184.9328 186.67173 188.67479 191.13736 193.96663 197.23478 200.98135 205.21265 209.89772 214.97298 220.33759 225.897 231.44495 236.85309 241.98852 246.73776 251.03495 254.91616 258.25307 261.06113 263.02638 264.30866 264.80541 264.56649 263.51912 261.44845 257.77064 251.44862 241.09069 225.46556 206.39237 190.23496 181.49735 -2.1E-4 -2.1E-4 -89.99985 -89.99985 -89.99985 -89.99985 -89.99985 -89.99985 -89.99985 -89.99985 -89.99985 -89.99985 -89.99985
-89.99985 -89.99985 -89.99985 -89.99985 -89.99985 -89.99985 -89.99985 -89.99985 180.15663 180.46545 180.92783 181.58902 182.42497 183.53421 184.90473 186.57891 188.5963 190.97923 193.77927 197.00732 200.73212 204.90669 209.57629 214.60973 220.00527 225.58473 231.14414 236.64339 241.79657 246.63692 250.96676 254.84225 258.2101 260.81133 262.62989 263.71679 263.87951 263.36557 261.89536 259.04948 254.48358 246.61973 234.55439 217.73006 199.70308 186.49927 180.68203 -2.1E-4 -2.1E-4 -89.99985 -89.99985 -89.99985 -89.99985 -89.99985 -89.99985 -89.99985 -89.99985 -89.99985 -89.99985 -89.99985
-89.99985 -89.99985 -89.99985 -89.99985 -89.99985 -89.99985 -89.99985 180.03803 180.187 180.51931 180.99945 181.63543 182.51721 183.62875 185.00041 186.6723 188.68625 191.06575 193.86293 197.09269 200.82436 205.01669 209.67255 214.75755 220.18289 225.73771 231.33093 236.83476 242.05956 246.85522 251.23319 255.08003 258.29088 260.67553 262.31076 262.98856 262.87512 261.90396 259.81724 256.26376 250.49751 241.06892 227.32137 209.90574 194.03596 183.96794 -89.99985 -2.1E-4 -2.1E-4 -2.1E-4 -89.99985 -89.99985 -89.99985 -89.99985 -89.99985 -89.99985 -89.99985 -89.99985 -89.99985 -89.99985
-89.99985 -89.99985 -89.99985 -89.99985 -89.99985 -89.99985 -89.99985 180.07298 180.25231 180.60927 181.1106 181.80216 182.69884 183.82642 185.21184 186.8969 188.93033 191.37572 194.20613 197.47943 201.22314 205.46761 210.18535 215.34254 220.77074 226.3737 231.98295 237.47533 242.67893 247.43391 251.7838 255.51891 258.49543 260.60735 261.86098 262.21679 261.68509 260.1742 257.47098 253.00535 245.68524 234.74977 219.66264 203.07551 189.51418 181.82795 -89.99985 -2.1E-4 -2.1E-4 -2.1E-4 -89.99985 -89.99985 -89.99985 -89.99985 -89.99985 -89.99985 -89.99985 -89.99985 -89.99985 -89.99985
180.00021 -89.99985 -89.99985 -89.99985 -89.99985 -89.99985 -89.99985 180.10678 180.35201 180.73532 181.26186 182.01244 182.93547 184.12436 185.53957 187.30199 189.37724 191.87132 194.76132 198.11943 201.97773 206.34309 211.10552 216.31141 221.83129 227.47893 233.13002 238.56223 243.7177 248.37929 252.58823 256.17151 258.79337 260.60735 261.41293 261.2949 260.24868 258.18661 254.63484 249.03532 240.25532 227.67832 212.06465 196.92768 186.17784 180.56457 -89.99985 -89.99985 -2.1E-4 -2.1E-4 -89.99985 -89.99985 -89.99985 -89.99985 -89.99985 -89.99985 -89.99985 -89.99985 -89.99985 -89.99985
180.00021 180.00021 -89.99985 -89.99985 -89.99985 -89.99985 180.03516 180.20991 180.48608 180.89918 181.4899 182.27256 183.26435 184.52944 186.0283 187.84801 190.03098 192.60987 195.64253 199.10835 203.06176 207.54115 212.47145 217.78105 223.32556 229.01503 234.64033 239.99348 245.06186 249.65526 253.64534 256.86422 259.1635 260.4475 260.80101 260.20342 258.67419 255.81914 251.40794 244.35311 234.09029 220.33644 205.21551 191.91773 183.57661 -89.99985 -89.99985 -89.99985 -2.1E-4 -2.1E-4 -89.99985 -89.99985 -89.99985 -89.99985 -89.99985 -89.99985 -89.99985 -89.99985 -89.99985 -89.99985
180.00021 180.00021 180.00021 180.00021 180.00021 -89.99985 180.10564 180.31305 180.65682 181.13753 181.79873 182.65644 183.72902 185.04969 186.65741 188.59343 190.91735 193.61082 196.77871 200.40095 204.55489 209.18095 214.28085 219.67467 225.31143 231.02554 236.56031 241.87106 246.74979 251.17761 254.8921 257.65719 259.44196 260.20514 259.99944 258.87931 256.60753 253.04087 247.4425 239.00684 227.54138 213.34636 199.02585 188.05428 181.8142 -89.99985 -89.99985 -89.99985 -2.1E-4 -2.1E-4 -89.99985 -89.99985 -89.99985 -89.99985 -89.99985 -89.99985 -89.99985 -89.99985 -89.99985 -89.99985
180.00021 180.00021 180.00021 180.00021 180.00021 180.07126 180.21163 180.48952 180.90319 181.45839 182.19865 183.14059 184.31344 185.74354 187.47215 189.52048 192.01227 194.89024 198.2386 202.05164 206.43477 211.25907 216.50221 222.05531 227.7339 233.39816 238.84412 244.03455 248.72363 252.88904 256.12625 258.40949 259.61614 259.76167 259.03917 257.263 254.37243 249.76355 242.90754 233.31336 220.79251 206.78713 193.78615 185.1024 180.4941 -89.99985 -89.99985 -89.99985 -2.1E-4 -2.1E-4 -89.99985 -89.99985 -89.99985 -89.99985 -89.99985 -89.99985 -89.99985 -89.99985 -89.99985 -89.99985
180.00021 180.00021 180.00021 180.00021 180.03688 180.1446 180.39383 180.74506 181.23551 181.87149 182.70113 183.74449 185.03193 186.59324 188.48113 190.70364 193.35758 196.4779 200.03368 204.13663 208.72144 213.76175 219.18422 224.84562 230.57004 236.18617 241.49176 246.453 250.94213 254.70188 257.39879 259.0151 259.55196 259.11938 257.7821 255.34989 251.63197 245.81358 237.90963 227.21308 214.00526 200.61351 189.79091 182.69139 -89.99985 -89.99985 -89.99985 -2.1E-4 -2.1E-4 -2.1E-4 -89.99985 -89.99985 -89.99985 -89.99985 -89.99985 -89.99985 -89.99985 -89.99985 -89.99985 -89.99985
180.00021 180.00021 180.00021 180.00021 180.11308 180.33425 180.62302 181.05503 181.62913 182.39346 183.32795 184.49277 185.91371 187.67441 189.70612 192.18187 195.0541 198.40648 202.28254 206.65306 211.50716 216.78525 222.39049 228.08684 233.77631 239.27499 244.4488 249.09205 253.25917 256.38752 258.40662 259.3308 259.24142 258.25994 256.23626 253.01681 248.30595 241.59375 232.50549 221.04977 207.81273 195.57664 186.33999 181.18853 -89.99985 -89.99985 -89.99985 -2.1E-4 -2.1E-4 -2.1E-4 -89.99985 -89.99985 -89.99985 -89.99985 -89.99985 -89.99985 -89.99985 -89.99985 -89.99985 -89.99985
180.00021 180.00021 180.00021 180.07985 180.27294 180.57603 180.98627 181.50652 182.17688 183.05064 184.10717 185.44961 187.03671 188.99565 191.29378 193.99413 197.14941 200.80431 205.02873 209.66911 214.83203 220.31295 226.01617 231.76752 237.37907 242.66518 247.50667 251.88923 255.50803 257.90127 259.17152 259.35888 258.65185 256.96048 254.23606 250.16921 244.57485 236.9568 226.85613 214.65384 201.80126 190.97694 183.57661 180.23169 -89.99985 -89.99985 -89.99985 -2.1E-4 -2.1E-4 -89.99985 -89.99985 -89.99985 -89.99985 -89.99985 -89.99985 -89.99985 -89.99985 -89.99985 -89.99985 -89.99985
180.00021 180.0449 180.12913 180.29242 180.57145 180.92325 181.42802 182.0875 182.86844 183.8694 185.11157 186.62704 188.45879 190.61425 193.17996 196.19085 199.71454 203.73155 208.26594 213.26213 218.65137 224.36949 230.10079 235.7788 241.18408 246.19976 250.72555 254.63255 257.47671 259.03229 259.49581 258.99505 257.55521 255.24791 251.77922 247.07638 240.65753 232.03509 220.99591 208.39314 196.47046 187.21432 181.87035 -89.99985 -89.99985 -89.99985 -2.1E-4 -2.1E-4 -2.1E-4 -89.99985 -89.99985 -89.99985 -89.99985 -89.99985 -89.99985 -89.99985 -89.99985 -89.99985 -89.99985 -89.99985
180.04949 180.1423 180.31878 180.61729 180.992 181.44177 182.05312 182.82719 183.78345 184.93739 186.3589 188.08751 190.15875 192.64711 195.50674 198.88146 202.76726 207.17331 212.08585 217.4029 223.08034 228.79788 234.53548 240.06567 245.13119 249.78303 253.90031 257.06475 258.95265 259.67515 259.3394 258.09379 256.03916 253.05749 248.93907 243.37679 235.91917 226.19092 214.28715 202.27853 191.82721 184.27161 180.69578 -89.99985 -89.99985 -2.1E-4 -2.1E-4 -2.1E-4 -89.99985 -89.99985 -89.99985 -89.99985 -89.99985 -89.99985 -89.99985 -89.99985 -89.99985 -89.99985 -89.99985 -89.99985
