data/aspect_sharpnack_min.txt
ncols	401
nrows	401
xllcorner	0.0
yllcorner	0.0
cellsize	10.0
NODATA_value	-9999.0
[rows 0 to 25 of 401, columns 60 to 119 of 401]
-9999.0 -9999.0 -9999.0 -9999.0 -9999.0 -9999.0 -9999.0 -9999.0 -9999.0 -9999.0 -9999.0 -9999.0 -9999.0 -9999.0 -9999.0 -9999.0 -9999.0 -9999.0 -9999.0 -9999.0 -9999.0 -9999.0 -9999.0 -9999.0 -9999.0 -9999.0 -9999.0 -9999.0 -9999.0 -9999.0 -9999.0 -9999.0 -9999.0 -9999.0 -9999.0 -9999.0 -9999.0 -9999.0 -9999.0 -9999.0 -9999.0 -9999.0 -9999.0 -9999.0 -9999.0 -9999.0 -9999.0 -9999.0 -9999.0 -9999.0 -9999.0 -9999.0 -9999.0 -9999.0 -9999.0 -9999.0 -9999.0 -9999.0 -9999.0 -9999.0
-89.99985 -89.99985 -89.99985 -89.99985 -89.99985 -89.99985 -89.99985 -89.99985 -89.99985 -89.99985 -89.99985 -89.99985 -89.99985 -89.99985 -89.99985 -89.99985 -89.99985 -89.99985 -89.99985 -89.99985 -89.99985 -89.99985 -89.99985 -89.99985 -89.99985 -89.99985 -89.99985 -89.99985 -89.99985 -89.99985 -89.99985 -89.99985 -89.99985 -89.99985 -89.99985 -89.99985 -89.99985 -89.99985 -89.99985 -89.99985 -89.99985 180.85506 183.46832 186.24201 190.95402 197.24166 205.70997 214.21553 224.99974 234.46214 243.43523 250.95359 256.5044 260.69788 263.99124 266.18567 267.59973 268.74794 268.84247 268.91409
-89.99985 -89.99985 -89.99985 -89.99985 -89.99985 -89.99985 -89.99985 -89.99985 -89.99985 -89.99985 -89.99985 -89.99985 -89.99985 -89.99985 -89.99985 -89.99985 -89.99985 -89.99985 -89.99985 -89.99985 -89.99985 -89.99985 -89.99985 -89.99985 -89.99985 -89.99985 -89.99985 -89.99985 180.00021 180.00021 180.00021 180.00021 180.00021 180.00021 180.00021 180.00021 180.00021 180.00021 180.00021 180.00021 -89.99985 -89.99985 181.36385 182.82719 185.85584 190.09745 195.61102 202.42578 211.55128 222.04901 232.19323 241.84356 249.58995 256.22824 260.92878 264.12245 266.63372 267.96642 268.75481 268.84247
-89.99985 -89.99985 -89.99985 -89.99985 -89.99985 -89.99985 -89.99985 -89.99985 -89.99985 -89.99985 -89.99985 -89.99985 -89.99985 -89.99985 -89.99985 -89.99985 -89.99985 -89.99985 -89.99985 -89.99985 -89.99985 -89.99985 -89.99985 -89.99985 -89.99985 180.00021 180.00021 180.00021 180.00021 180.00021 180.00021 180.00021 180.00021 180.00021 180.00021 180.00021 180.00021 180.00021 180.00021 180.00021 180.00021 -89.99985 -89.99985 181.15759 182.38601 184.96947 187.85317 193.20116 200.04514 208.61029 219.01921 229.72034 240.0863 248.87547 255.96353 261.07603 264.61863 267.0262 268.31535 268.74794
-89.99985 -89.99985 -89.99985 -89.99985 -89.99985 -89.99985 -89.99985 -89.99985 -89.99985 -89.99985 -89.99985 -89.99985 -89.99985 -89.99985 -89.99985 -89.99985 -89.99985 -89.99985 -89.99985 -89.99985 -89.99985 -89.99985 180.00021 180.00021 180.00021 180.00021 180.00021 180.00021 180.31648 180.3606 180.40357 180.44769 180.00021 180.00021 180.00021 180.00021 180.00021 180.00021 180.00021 180.00021 180.00021 -89.99985 -89.99985 -89.99985 180.96278 182.00957 184.27562 187.40684 191.7934 198.22485 207.19795 217.74667 229.55361 240.17281 249.86382 256.72957 262.06725 265.4752 267.78308 268.2953
-89.99985 -89.99985 -89.99985 -89.99985 -89.99985 -89.99985 -89.99985 -89.99985 -89.99985 -89.99985 -89.99985 -89.99985 -89.99985 -89.99985 -89.99985 -89.99985 -89.99985 -89.99985 -89.99985 -89.99985 180.00021 180.00021 180.00021 180.00021 180.00021 180.22023 180.4941 180.55369 180.93413 181.41427 181.58043 181.29223 180.90205 180.00021 180.00021 180.00021 180.00021 180.00021 180.00021 180.00021 180.00021 180.00021 -89.99985 -89.99985 -89.99985 180.41847 181.77581 183.81382 186.73991 191.42098 197.8404 206.56483 217.99877 230.46404 241.96617 251.37815 258.38141 263.50652 266.70592 267.75443
-89.99985 -89.99985 -89.99985 -89.99985 -89.99985 -89.99985 -89.99985 -89.99985 -89.99985 -89.99985 -89.99985 -89.99985 -89.99985 -89.99985 -89.99985 -89.99985 -89.99985 -89.99985 -89.99985 180.00021 180.00021 180.00021 180.00021 180.16694 180.37091 180.62302 180.93929 181.59876 182.1213 182.74239 183.05293 182.82203 181.2103 180.00021 180.00021 180.00021 180.00021 180.00021 180.00021 180.00021 180.00021 180.00021 180.00021 -89.99985 -89.99985 -89.99985 180.75365 181.62512 183.54854 186.88201 191.52354 198.62764 207.7583 219.98694 232.98907 244.02538 253.81093 260.53745 264.88964 267.0961
-89.99985 -89.99985 -89.99985 -89.99985 -89.99985 -89.99985 -89.99985 -89.99985 -89.99985 -89.99985 -89.99985 -89.99985 -89.99985 -89.99985 -89.99985 -89.99985 -89.99985 -89.99985 180.00021 180.00021 180.00021 180.00021 180.00021 180.1572 180.52218 180.96794 181.52485 182.22157 183.1171 184.22463 184.64518 183.66771 181.77867 180.33711 180.00021 180.00021 180.00021 180.00021 180.00021 180.00021 180.00021 180.00021 180.00021 -89.99985 -89.99985 -89.99985 -89.99985 180.70724 181.93509 183.87111 187.24469 192.05696 199.61198 210.25639 222.42086 236.30993 248.19881 256.82755 263.13639 266.27849
-89.99985 -89.99985 -89.99985 -89.99985 -89.99985 -89.99985 -89.99985 -89.99985 -89.99985 -89.99985 -89.99985 -89.99985 -89.99985 -89.99985 -89.99985 -89.99985 -89.99985 180.00021 180.00021 180.00021 180.00021 180.00021 180.00021 180.29586 180.65109 181.26473 182.01645 182.95324 183.88315 185.30064 185.45534 183.92268 181.88811 180.29815 180.00021 180.00021 180.00021 180.00021 180.00021 180.00021 180.00021 180.00021 180.00021 180.00021 -89.99985 -89.99985 -89.99985 -89.99985 180.69005 181.90931 184.29969 187.85317 193.62687 201.92158 213.08509 227.16094 241.09069 252.20378 260.34035 265.19216
-89.99985 -89.99985 -89.99985 -89.99985 -89.99985 -89.99985 -89.99985 -89.99985 -89.99985 -89.99985 -89.99985 -89.99985 -89.99985 -89.99985 -89.99985 -89.99985 180.00021 180.00021 180.00021 180.00021 180.00021 180.00021 180.12798 180.27867 180.76167 181.3438 182.05197 183.13372 184.25385 185.86959 185.79683 183.83387 181.69273 180.26664 180.00021 180.00021 180.00021 180.00021 180.00021 180.00021 180.00021 180.00021 180.00021 180.00021 180.00021 -89.99985 -89.99985 -89.99985 180.31305 181.03555 182.33731 184.91161 188.86444 195.36178 204.97372 218.29041 233.13002 246.90335 257.47098 263.8629
-89.99985 -89.99985 -89.99985 -89.99985 -89.99985 -89.99985 -89.99985 -89.99985 -89.99985 -89.99985 -89.99985 -89.99985 -89.99985 -89.99985 -89.99985 180.00021 180.00021 180.00021 180.00021 180.00021 180.00021 180.00021 180.12111 180.26148 180.7124 181.24869 182.06401 183.06324 184.29969 185.52009 185.42784 183.41275 181.51397 180.23856 180.00021 180.00021 180.00021 180.00021 180.00021 180.00021 180.00021 180.00021 180.00021 180.00021 180.00021 -89.99985 -89.99985 -89.99985 -89.99985 180.3182 181.07393 182.88276 185.75844 190.86406 198.64941 209.74474 224.38381 239.9316 252.83804 261.46908
-89.99985 -89.99985 -89.99985 -89.99985 -89.99985 -89.99985 -89.99985 -89.99985 -89.99985 -89.99985 -89.99985 -89.99985 -89.99985 -89.99985 180.00021 180.00021 180.00021 180.00021 180.00021 180.00021 180.00021 180.00021 180.11423 180.24601 180.66484 181.16045 181.90931 182.81 183.89174 184.86921 184.93109 182.92974 181.32202 180.21049 180.00021 180.00021 180.00021 180.00021 180.00021 180.00021 180.00021 180.00021 180.00021 180.00021 180.00021 180.00021 -89.99985 -89.99985 -89.99985 -89.99985 180.33711 181.53803 183.60469 186.99202 193.09172 202.68075 216.50163 233.32539 248.02577 259.01911
-89.99985 -89.99985 -89.99985 -89.99985 -89.99985 -89.99985 -89.99985 -89.99985 -89.99985 -89.99985 -89.99985 -89.99985 -89.99985 -89.99985 180.00021 180.00021 180.00021 180.00021 180.00021 180.00021 180.00021 180.00021 180.10793 180.23111 180.6213 181.07852 181.76263 182.58081 183.52161 184.12551 184.09972 182.56649 181.17306 180.37951 180.00021 180.00021 180.00021 180.00021 180.00021 180.00021 180.00021 180.00021 180.00021 180.00021 180.00021 180.00021 -89.99985 -89.99985 -89.99985 -89.99985 -89.99985 180.36748 181.70992 184.0854 188.74641 196.47676 207.84768 224.99974 242.44745 255.96353
-89.99985 -89.99985 -89.99985 -89.99985 -89.99985 -89.99985 -89.99985 -89.99985 -89.99985 -89.99985 -89.99985 -89.99985 -89.99985 180.00021 180.00021 180.00021 180.00021 180.00021 180.00021 180.00021 180.00021 180.00021 180.00021 180.21736 180.46603 180.87741 181.49678 182.21412 182.86214 183.51359 183.44713 182.46679 181.2378 180.34857 180.00021 180.00021 180.00021 180.00021 180.00021 180.00021 180.00021 180.00021 180.00021 180.00021 180.00021 180.00021 180.00021 -89.99985 -89.99985 -89.99985 -89.99985 -89.99985 180.81267 181.95801 185.4118 190.71338 200.8977 215.67657 235.95412 252.7183
-89.99985 -89.99985 -89.99985 -89.99985 -89.99985 -89.99985 -89.99985 -89.99985 -89.99985 -89.99985 -89.99985 -89.99985 180.00021 180.00021 180.00021 180.00021 180.00021 180.00021 180.00021 180.00021 180.00021 180.00021 180.00021 180.1022 180.32737 180.70151 181.259 181.76435 182.4582 182.87016 182.94751 182.37283 181.45209 180.64536 180.15892 180.00021 180.00021 180.00021 180.00021 180.00021 180.00021 180.00021 180.00021 180.00021 180.00021 180.00021 180.00021 180.00021 -89.99985 -89.99985 -89.99985 -89.99985 -89.99985 180.92382 182.2909 185.85584 193.57072 206.00333 226.08092 248.19881
-89.99985 -89.99985 -89.99985 -89.99985 -89.99985 -89.99985 -89.99985 -89.99985 -89.99985 -89.99985 -89.99985 -89.99985 180.00021 180.00021 180.00021 180.00021 180.00021 180.00021 180.00021 180.00021 180.00021 180.00021 180.00021 180.09647 180.20476 180.54567 180.93528 181.37875 181.99353 182.35163 182.55102 182.16943 181.47615 180.75365 180.30216 180.00021 180.00021 180.00021 180.00021 180.00021 180.00021 180.00021 180.00021 180.00021 180.00021 180.00021 180.00021 180.00021 -89.99985 -89.99985 -89.99985 -89.99985 -89.99985 -89.99985 181.10144 182.79281 187.47158 196.82168 215.13398 239.03606
-89.99985 -89.99985 -89.99985 -89.99985 -89.99985 -89.99985 -89.99985 -89.99985 -89.99985 -89.99985 -89.99985 -89.99985 180.00021 180.00021 180.00021 180.00021 180.00021 180.00021 180.00021 180.00021 180.00021 180.00021 180.00021 180.00021 180.09647 180.4093 180.65453 181.04815 181.48131 181.9265 182.11156 182.01645 181.64861 181.12607 180.43165 180.14517 180.00021 180.00021 180.00021 180.00021 180.00021 180.00021 180.00021 180.00021 180.00021 180.00021 180.00021 180.00021 180.00021 -89.99985 -89.99985 -89.99985 -89.99985 -89.99985 -89.99985 180.68203 183.69121 189.03977 203.1987 224.99974
-89.99985 -89.99985 -89.99985 -89.99985 -89.99985 -89.99985 -89.99985 -89.99985 -89.99985 -89.99985 -89.99985 180.00021 180.00021 180.00021 180.00021 180.00021 180.00021 180.00021 180.00021 180.00021 180.00021 180.00021 180.00021 180.00021 180.09074 180.19215 180.51072 180.75938 181.15243 181.56782 181.86748 181.90472 181.68471 181.3289 180.81839 180.28039 180.00021 180.00021 180.00021 180.00021 180.00021 180.00021 180.00021 180.00021 180.00021 180.00021 180.00021 180.00021 180.00021 -89.99985 -89.99985 -89.99985 -89.99985 -89.99985 -89.99985 -89.99985 180.9095 183.90033 194.03596 210.06846
-89.99985 -89.99985 -89.99985 -89.99985 -89.99985 -89.99985 -89.99985 -89.99985 -89.99985 -89.99985 -89.99985 180.00021 180.00021 180.00021 180.00021 180.00021 180.00021 180.00021 180.00021 180.00021 180.00021 180.00021 180.00021 180.00021 180.00021 180.09074 180.28726 180.509 180.75652 181.14097 181.5386 181.70247 181.61538 181.40052 181.17707 180.67401 180.27867 180.00021 180.00021 180.00021 180.00021 180.00021 180.00021 180.00021 180.00021 180.00021 180.00021 180.00021 180.00021 180.00021 -89.99985 -89.99985 -89.99985 -89.99985 -89.99985 -89.99985 -89.99985 181.30197 186.11539 195.94563
-89.99985 -89.99985 -89.99985 -89.99985 -89.99985 -89.99985 -89.99985 -89.99985 -89.99985 -89.99985 -89.99985 180.00021 180.00021 180.00021 180.00021 180.00021 180.00021 180.00021 180.00021 180.00021 180.00021 180.00021 180.00021 180.00021 180.00021 180.00021 180.09017 180.28669 180.50785 180.86137 181.13467 181.41141 181.56782 181.6085 181.39708 181.04872 180.67859 180.28211 180.00021 180.00021 180.00021 180.00021 180.00021 180.00021 180.00021 180.00021 180.00021 180.00021 180.00021 180.00021 -89.99985 -89.99985 -89.99985 -89.99985 -89.99985 -89.99985 -89.99985 -89.99985 182.1213 184.96947
-89.99985 -89.99985 -89.99985 -89.99985 -89.99985 -89.99985 -89.99985 -89.99985 -89.99985 -89.99985 -89.99985 180.00021 180.00021 180.00021 180.00021 180.00021 180.00021 180.00021 180.00021 180.00021 180.00021 180.00021 180.00021 180.00021 180.00021 180.00021 180.00021 180.09017 180.28669 180.50785 180.8648 181.13868 181.42 181.58444 181.50423 181.42229 181.07107 180.69521 180.2907 180.00021 180.00021 180.00021 180.00021 180.00021 180.00021 180.00021 180.00021 180.00021 180.00021 180.00021 -89.99985 -89.99985 -89.99985 -89.99985 -89.99985 -89.99985 -89.99985 -89.99985 -2.1E-4 -2.1E-4
-89.99985 -89.99985 -89.99985 -89.99985 -89.99985 -89.99985 -89.99985 -89.99985 -89.99985 -89.99985 -89.99985 180.00021 180.00021 180.00021 180.00021 180.00021 180.00021 180.00021 180.00021 180.00021 180.00021 180.00021 180.00021 180.00021 180.00021 180.00021 180.00021 180.00021 180.09017 180.28669 180.51072 180.87283 181.15759 181.45037 181.6297 181.6807 181.47214 181.25155 180.87225 180.45858 180.16121 180.00021 180.00021 180.00021 180.00021 180.00021 180.00021 180.00021 180.00021 180.00021 180.00021 -89.99985 -89.99985 -89.99985 -89.99985 -89.99985 -89.99985 -89.99985 -2.1E-4 -89.99985
-89.99985 -89.99985 -89.99985 -89.99985 -89.99985 -89.99985 -89.99985 -89.99985 -89.99985 -89.99985 -89.99985 -89.99985 180.00021 180.00021 180.00021 180.00021 180.00021 180.00021 180.00021 180.00021 180.00021 180.00021 180.00021 180.00021 180.00021 180.00021 180.00021 180.00021 180.00021 180.09017 180.28898 180.51645 180.88658 181.18853 181.50766 181.70419 181.76435 181.55178 181.3289 181.08367 180.65453 180.34742 180.00021 180.00021 180.00021 180.00021 180.00021 180.00021 180.00021 180.00021 180.00021 -89.99985 -89.99985 -89.99985 -89.99985 -89.99985 -89.99985 -89.99985 -2.1E-4 -89.99985
-89.99985 -89.99985 -89.99985 -89.99985 -89.99985 -89.99985 -89.99985 -89.99985 -89.99985 -89.99985 -89.99985 -89.99985 180.00021 180.00021 180.00021 180.00021 180.00021 180.00021 180.00021 180.00021 180.00021 180.00021 180.00021 180.00021 180.00021 180.00021 180.00021 180.00021 180.00021 180.00021 180.09131 180.29299 180.52447 180.79433 181.22691 181.44521 181.80732 181.88983 181.82336 181.59533 181.34781 180.89517 180.57317 180.20533 180.00021 180.00021 180.00021 180.00021 180.00021 180.00021 180.00021 -89.99985 -89.99985 -89.99985 -89.99985 -89.99985 -89.99985 -2.1E-4 -2.1E-4 -89.99985
-89.99985 -89.99985 -89.99985 -89.99985 -89.99985 -89.99985 -89.99985 -89.99985 -89.99985 -89.99985 -89.99985 -89.99985 -89.99985 180.00021 180.00021 180.00021 180.00021 180.00021 180.00021 180.00021 180.00021 180.00021 180.00021 180.00021 180.00021 180.00021 180.00021 180.00021 180.00021 180.00021 180.00021 180.09246 180.29815 180.53765 180.81839 181.14842 181.52944 181.94426 182.06229 182.17058 181.93853 181.68471 181.40224 180.86137 180.46603 180.00021 180.00021 180.00021 180.00021 180.00021 180.00021 -89.99985 -89.99985 -89.99985 -89.99985 -89.99985 -89.99985 -2.1E-4 -89.99985 -89.99985
-89.99985 -89.99985 -89.99985 -89.99985 -89.99985 -89.99985 -89.99985 -89.99985 -89.99985 -89.99985 -89.99985 -89.99985 -89.99985 -89.99985 180.00021 180.00021 180.00021 180.00021 180.00021 180.00021 180.00021 180.00021 180.00021 180.00021 180.00021 180.00021 180.00021 180.00021 180.00021 180.00021 180.00021 180.00021 180.09475 180.20476 180.55598 180.85335 181.20743 181.62397 182.10297 182.45877 182.62837 182.39403 182.12875 181.8331 181.24525 180.81438 180.29987 180.00021 180.00021 180.00021 180.00021 -89.99985 -89.99985 -89.99985 -89.99985 -89.99985 270.00015 270.00015 -89.99985 -89.99985
