data/aspect_sharpnack_min.txt
ncols	401
nrows	401
xllcorner	0.0
yllcorner	0.0
cellsize	10.0
NODATA_value	-9999.0
[rows 182 to 207 of 401, columns 60 to 119 of 401]
-89.99985 -89.99985 -89.99985 -89.99985 -89.99985 -89.99985 -89.99985 -89.99985 -89.99985 -89.99985 -89.99985 180.63677 180.67401 180.70724 180.73474 180.76396 -89.99985 -89.99985 -89.99985 -89.99985 -89.99985 -89.99985 -89.99985 -89.99985 -89.99985 -89.99985 -89.99985 -89.99985 -89.99985 -89.99985 -89.99985 -89.99985 -89.99985 -89.99985 -89.99985 -89.99985 -89.99985 -89.99985 -89.99985 -89.99985 -89.99985 -89.99985 -89.99985 -89.99985 -89.99985 -89.99985 -89.99985 -89.99985 -89.99985 -89.99985 -89.99985 -89.99985 -89.99985 -89.99985 180.00021 180.00021 180.00021 180.00021 180.00021 180.00021
-89.99985 -89.99985 -89.99985 -89.99985 -89.99985 -89.99985 -89.99985 -89.99985 -89.99985 -89.99985 180.83043 180.89517 180.9708 181.04185 181.12321 181.16905 181.21889 -89.99985 -89.99985 -89.99985 -89.99985 -89.99985 -89.99985 -89.99985 -89.99985 -89.99985 -89.99985 -89.99985 -89.99985 -89.99985 -89.99985 -89.99985 -89.99985 -89.99985 -89.99985 -89.99985 -89.99985 -89.99985 -89.99985 -89.99985 -89.99985 -89.99985 -89.99985 -89.99985 -89.99985 -89.99985 -89.99985 -89.99985 -89.99985 -89.99985 -89.99985 -89.99985 -89.99985 -89.99985 -89.99985 180.00021 180.00021 180.00021 180.00021 180.00021
-89.99985 -89.99985 -89.99985 -89.99985 -89.99985 -89.99985 -89.99985 -89.99985 180.9708 181.08081 182.43643 182.72634 184.63544 185.19465 185.71031 184.23666 184.57413 182.38601 -2.1E-4 -2.1E-4 -2.1E-4 -2.1E-4 -2.1E-4 -89.99985 -89.99985 -89.99985 -89.99985 -89.99985 -89.99985 -89.99985 -89.99985 -89.99985 -89.99985 -89.99985 -89.99985 -89.99985 -89.99985 -89.99985 -89.99985 -89.99985 -89.99985 -89.99985 -89.99985 -89.99985 -89.99985 -89.99985 -89.99985 -89.99985 -89.99985 -89.99985 -89.99985 -89.99985 -89.99985 -89.99985 -89.99985 -89.99985 180.00021 180.00021 180.00021 180.00021
-89.99985 -89.99985 -89.99985 -89.99985 -89.99985 -2.1E-4 -2.1E-4 181.24525 182.86214 185.04224 186.11539 189.46261 193.39253 194.74356 195.52393 194.03596 191.30983 188.12991 184.39881 184.39881 -89.99985 -89.99985 -89.99985 -89.99985 -89.99985 270.00015 270.00015 -2.1E-4 -2.1E-4 -2.1E-4 -2.1E-4 -2.1E-4 -89.99985 -89.99985 -89.99985 -89.99985 -89.99985 -89.99985 -89.99985 -89.99985 -89.99985 -89.99985 -89.99985 -89.99985 -89.99985 -89.99985 -89.99985 -89.99985 -89.99985 -89.99985 -89.99985 -89.99985 -89.99985 -89.99985 -89.99985 -89.99985 -89.99985 180.00021 180.00021 180.00021
-89.99985 -89.99985 -2.1E-4 -2.1E-4 -2.1E-4 -2.1E-4 181.4687 183.01282 184.76378 188.36597 190.61941 193.13412 195.94563 197.103 198.43513 196.92768 195.94563 191.30983 188.97273 183.01282 -89.99985 -89.99985 -89.99985 -89.99985 -89.99985 -89.99985 -89.99985 -89.99985 -89.99985 -89.99985 -89.99985 -89.99985 -89.99985 -2.1E-4 -2.1E-4 -2.1E-4 -2.1E-4 -2.1E-4 -89.99985 -89.99985 -89.99985 -89.99985 -89.99985 -89.99985 -89.99985 -89.99985 -89.99985 -89.99985 -89.99985 -89.99985 -89.99985 -89.99985 -89.99985 -89.99985 -89.99985 -89.99985 -89.99985 -89.99985 180.00021 180.00021
-2.1E-4 -2.1E-4 -2.1E-4 -2.1E-4 -89.99985 181.19368 183.73131 186.48323 188.12991 191.30983 194.74356 196.9907 199.4401 200.55622 201.80126 199.02585 197.24166 192.72446 186.91123 183.17955 181.54834 -89.99985 -89.99985 -89.99985 -89.99985 -89.99985 -89.99985 -89.99985 -89.99985 -89.99985 -89.99985 -89.99985 -89.99985 -89.99985 -89.99985 -89.99985 -89.99985 -89.99985 -2.1E-4 -2.1E-4 -2.1E-4 -2.1E-4 -89.99985 -89.99985 -89.99985 -89.99985 -89.99985 -89.99985 -89.99985 -89.99985 -89.99985 -89.99985 -89.99985 -89.99985 -89.99985 -89.99985 -89.99985 -89.99985 -89.99985 -89.99985
-2.1E-4 -89.99985 -89.99985 -89.99985 182.04567 184.3163 186.71012 189.09019 192.90723 195.78061 199.23039 202.52032 204.77491 205.94202 204.67693 200.55622 195.25521 190.40799 185.38945 183.01282 180.9708 180.00021 180.00021 180.00021 180.00021 180.00021 180.00021 180.00021 180.00021 -89.99985 -89.99985 -89.99985 -89.99985 -89.99985 -89.99985 -89.99985 -89.99985 -89.99985 -89.99985 -89.99985 -89.99985 -89.99985 -2.1E-4 -2.1E-4 -2.1E-4 -89.99985 -89.99985 -89.99985 -89.99985 -89.99985 -89.99985 -89.99985 -89.99985 -89.99985 -89.99985 -89.99985 -89.99985 -89.99985 -89.99985 -89.99985
-89.99985 -89.99985 -89.99985 181.81821 183.81382 186.88201 190.12495 194.53443 198.10396 201.80126 205.60226 208.5232 209.60437 208.5232 204.70271 198.43513 192.33886 188.12991 183.76397 181.41427 180.67401 180.00021 180.00021 180.00021 180.00021 180.00021 180.00021 180.00021 180.00021 180.00021 180.00021 180.00021 180.00021 -89.99985 -89.99985 -89.99985 -89.99985 -89.99985 -89.99985 -89.99985 -89.99985 -89.99985 -89.99985 -89.99985 -89.99985 -89.99985 -2.1E-4 -2.1E-4 -89.99985 -89.99985 -89.99985 -89.99985 -89.99985 -89.99985 -89.99985 -89.99985 -89.99985 -89.99985 -89.99985 -89.99985
-89.99985 -89.99985 181.70992 183.46832 187.12494 192.03061 196.0734 200.22505 204.44374 208.68592 212.90518 214.21553 212.68058 208.47392 202.37994 195.94563 189.89405 185.46909 182.80656 181.05102 180.00021 180.00021 180.00021 180.00021 180.00021 180.00021 180.00021 180.00021 180.00021 180.00021 180.00021 180.65854 181.45037 182.32126 182.38601 182.32126 181.45037 180.69005 180.65854 -89.99985 -89.99985 -89.99985 -89.99985 -89.99985 -89.99985 -89.99985 -89.99985 -89.99985 -2.1E-4 -2.1E-4 -2.1E-4 -89.99985 -89.99985 -89.99985 -89.99985 -89.99985 -89.99985 -89.99985 -89.99985 -89.99985
-89.99985 181.63658 184.14441 187.53919 192.15494 197.61236 202.2854 207.71876 212.2755 216.70274 218.65997 217.80626 213.08509 206.56483 199.02585 191.97618 186.73991 183.33826 181.32202 180.41217 180.00021 180.00021 180.00021 180.00021 180.00021 180.00021 180.00021 180.00021 180.00021 180.00021 180.00021 180.45858 181.48131 182.70056 184.1702 185.1362 185.25366 184.54778 183.73131 182.38601 181.71851 181.11232 180.54567 -89.99985 -89.99985 -89.99985 -89.99985 -89.99985 -89.99985 -89.99985 -89.99985 -2.1E-4 -2.1E-4 -89.99985 -89.99985 -89.99985 -89.99985 -89.99985 -89.99985 -89.99985
181.66007 184.0854 187.32662 192.4397 198.43513 205.4636 210.54746 216.08509 221.25718 223.97701 223.05856 218.55855 210.65059 202.01153 194.03596 188.46108 184.20515 181.90931 180.34914 180.00021 180.00021 180.00021 180.00021 180.00021 180.00021 180.00021 180.00021 180.00021 180.00021 180.00021 180.00021 180.00021 181.08769 182.33731 183.81382 185.52754 187.06249 188.20726 187.96948 187.40684 185.49258 184.23666 183.09418 182.02734 181.00518 180.5027 -89.99985 -89.99985 -89.99985 -89.99985 -89.99985 -89.99985 -89.99985 -2.1E-4 -2.1E-4 -89.99985 -89.99985 -89.99985 -89.99985 -89.99985
184.20515 187.43147 193.24069 198.94678 206.21131 214.11469 220.27972 225.98752 228.69131 228.52172 224.16953 215.86279 205.62174 196.60682 189.88431 184.88869 181.98608 180.5938 180.00021 180.00021 180.00021 180.00021 180.00021 180.00021 180.00021 180.00021 180.00021 180.00021 180.00021 180.00021 180.00021 180.00021 180.28096 180.89517 182.54472 184.45095 186.29931 188.53098 190.18683 191.59229 191.1133 189.71299 187.98953 185.85584 184.3249 182.86214 181.90931 180.9708 180.4941 -89.99985 -89.99985 -89.99985 -89.99985 -89.99985 -89.99985 -2.1E-4 -2.1E-4 -89.99985 -89.99985 -89.99985
188.61578 193.62687 199.98326 207.97946 215.97222 224.01196 229.61091 233.61588 233.47092 229.22244 220.88763 210.18363 199.5925 191.54245 186.15206 182.66962 181.05102 180.23684 180.00021 180.00021 180.00021 180.00021 180.00021 180.00021 180.00021 180.00021 180.00021 180.00021 180.00021 180.00021 180.00021 180.00021 180.00021 180.23455 181.00518 182.40835 184.31057 186.78174 189.0243 191.30983 192.69982 193.82855 193.26648 191.76819 189.84592 187.86921 185.98476 184.15129 182.79281 181.42 180.9794 -89.99985 -89.99985 -89.99985 -89.99985 -89.99985 -89.99985 -2.1E-4 -2.1E-4 -89.99985
195.33313 201.96054 210.14123 218.65997 226.44417 233.25263 237.87525 238.21903 234.75779 226.41438 215.03142 203.256 194.03596 187.76494 183.88773 181.4561 180.43222 180.00021 180.00021 180.00021 180.00021 180.00021 180.00021 180.00021 180.00021 180.00021 180.00021 180.00021 180.00021 180.00021 180.00021 180.00021 180.00021 180.00021 180.19731 180.85506 182.07031 183.94503 186.33999 189.09019 191.36999 193.31632 194.56021 195.46148 195.25521 193.71739 191.65933 189.38927 187.18052 185.44045 183.69121 182.36653 181.4687 180.51129 -89.99985 -89.99985 -89.99985 -89.99985 -89.99985 -2.1E-4
204.51937 212.98826 221.76024 229.325 236.14263 241.04886 242.10253 239.77804 232.08322 220.40004 207.69928 197.15686 190.13583 185.38945 182.32757 180.81839 180.00021 180.00021 180.00021 180.00021 180.00021 180.00021 180.00021 180.00021 180.00021 180.00021 180.00021 180.00021 180.00021 180.00021 180.00021 180.00021 180.00021 180.00021 180.00021 180.00021 180.55082 181.80216 183.45515 185.54988 188.20038 190.89558 193.20803 194.93149 196.22007 196.59479 196.81251 195.14578 192.99489 190.38163 188.31497 186.24201 184.57413 182.83864 181.48131 181.03211 -89.99985 -89.99985 -89.99985 -89.99985
217.23502 224.99974 233.26695 239.44401 243.89532 245.32313 243.02729 236.68923 226.25911 213.11144 201.93877 193.04188 187.29225 183.69121 181.40224 180.35373 180.00021 180.00021 180.00021 180.00021 180.00021 180.00021 180.00021 180.00021 180.00021 180.00021 180.00021 180.00021 180.00021 180.00021 180.00021 180.00021 180.00021 180.00021 180.00021 180.00021 180.00021 180.47863 181.40167 183.05293 184.95171 187.28881 189.92613 192.39272 194.42843 195.86599 196.94085 197.45652 197.0205 195.78061 193.43092 191.06116 188.61578 186.63277 184.98953 183.28383 181.95801 181.02294 180.54051 -89.99985
230.94705 238.06948 243.17225 246.80136 248.28246 246.34586 241.28492 232.08666 219.69931 207.23519 197.41183 190.23095 185.40721 182.63009 180.88142 180.15606 180.00021 180.00021 180.00021 180.00021 180.00021 180.00021 180.00021 180.00021 180.00021 180.00021 180.00021 180.00021 180.00021 180.00021 180.00021 180.00021 180.00021 180.00021 180.00021 180.00021 180.00021 180.00021 180.4242 181.24181 182.55618 184.45553 186.6047 188.97273 191.39863 193.62687 195.41335 196.59307 197.39005 197.29552 196.97179 195.52393 193.35528 191.14882 188.8421 186.48323 184.87379 183.20534 181.89326 180.98799
242.78378 247.42589 250.31302 251.28819 249.98128 245.13635 237.36647 226.16915 214.11469 202.93227 194.03596 188.12991 184.19025 181.80675 180.47462 180.00021 180.00021 180.00021 180.00021 180.00021 -89.99985 -89.99985 -89.99985 -89.99985 -89.99985 -89.99985 180.00021 180.00021 180.00021 180.00021 180.00021 180.00021 180.00021 180.00021 180.00021 180.00021 180.00021 180.00021 180.00021 180.38467 181.12034 182.30293 184.03784 186.03747 188.24049 190.61941 192.64825 194.37572 195.91125 196.57072 196.97523 196.54895 196.27393 194.39062 192.36235 190.30486 187.67441 185.79281 184.23666 182.60259
251.75401 254.05443 254.81991 253.4958 249.63464 242.87889 232.55648 221.11223 209.74474 199.40572 191.82148 186.43797 183.22195 181.31286 180.28841 180.00021 180.00021 -89.99985 -89.99985 -89.99985 -89.99985 -89.99985 -89.99985 -89.99985 -89.99985 -89.99985 -89.99985 -89.99985 -89.99985 -89.99985 180.00021 180.00021 180.00021 180.00021 180.00021 180.00021 180.00021 180.00021 180.00021 180.10907 180.3543 181.02982 182.11614 183.55713 185.57624 187.64232 189.87399 191.86789 193.46243 194.75502 195.74509 196.12439 196.13699 195.65399 194.51094 192.60414 190.53118 188.54931 186.46604 184.63544
258.00899 257.93508 257.21315 253.94557 248.12375 239.4526 228.10174 216.79556 205.97468 196.64521 189.89691 185.30523 182.45132 180.91179 180.13371 -89.99985 -89.99985 -89.99985 -89.99985 -89.99985 -89.99985 -89.99985 -89.99985 -89.99985 -89.99985 -89.99985 -89.99985 -89.99985 -89.99985 -89.99985 -89.99985 -89.99985 180.00021 180.00021 180.00021 180.00021 180.00021 180.00021 180.00021 180.00021 180.10277 180.44311 181.0831 182.10182 183.45973 185.19465 187.14614 189.25463 191.12304 192.72446 193.88241 194.74356 195.19219 195.14406 194.89654 194.25024 192.52908 190.47961 188.36597 186.49068
261.44845 260.53745 257.93221 253.30099 245.91671 235.75817 224.45429 213.39506 202.95405 194.48688 188.54187 184.38391 181.96374 180.5703 -89.99985 -89.99985 -89.99985 -89.99985 -89.99985 -89.99985 -89.99985 -89.99985 -89.99985 -89.99985 -89.99985 -89.99985 -89.99985 -89.99985 -89.99985 -89.99985 -89.99985 -89.99985 -89.99985 -89.99985 180.00021 180.00021 180.00021 180.00021 180.00021 180.00021 180.00021 180.09819 180.52848 181.14326 182.11672 183.39842 184.899 186.92555 188.75902 190.67499 191.97618 192.98 193.68244 194.25024 194.37572 194.03596 193.39253 191.85986 189.99088 188.08808
263.74602 261.65587 258.09149 251.93163 243.43523 233.05209 221.8204 210.4999 200.76248 192.88202 187.44064 183.79033 181.55235 180.40644 -89.99985 -89.99985 -89.99985 -89.99985 -89.99985 -89.99985 -89.99985 -89.99985 -89.99985 -89.99985 -89.99985 -89.99985 -89.99985 -89.99985 -89.99985 -89.99985 -89.99985 -89.99985 -89.99985 -89.99985 -89.99985 -89.99985 180.00021 180.00021 180.00021 180.00021 180.00021 180.00021 180.18986 180.6127 181.21431 182.15224 183.38181 184.81076 186.59381 188.49832 190.16677 191.5201 192.44772 193.03844 193.24069 193.51228 193.09688 192.45001 191.01074 189.24603
264.73781 262.13371 257.06189 250.34625 241.32675 230.49212 219.05874 208.32266 198.97027 191.82721 186.69809 183.28555 181.34265 180.26091 -89.99985 -89.99985 -89.99985 -89.99985 -89.99985 -89.99985 -89.99985 -89.99985 -89.99985 -89.99985 -89.99985 -89.99985 -89.99985 -89.99985 -89.99985 -89.99985 -89.99985 -89.99985 -89.99985 -89.99985 -89.99985 -89.99985 -89.99985 180.00021 180.00021 180.00021 180.00021 180.00021 180.00021 180.27981 180.69979 181.39995 182.32298 183.52906 184.92249 186.63277 188.3293 189.92212 191.17575 191.97102 192.28844 192.4036 192.57262 192.1389 191.39691 189.99431
265.23628 261.55961 256.41731 249.12814 239.77174 229.0666 217.37196 206.85073 197.82837 190.76265 186.10164 182.86214 181.16332 180.25403 -89.99985 -89.99985 -89.99985 -89.99985 -89.99985 -89.99985 -89.99985 -89.99985 -89.99985 -89.99985 -89.99985 -89.99985 -89.99985 -89.99985 -89.99985 -89.99985 -89.99985 -89.99985 -89.99985 -89.99985 -89.99985 -89.99985 -89.99985 -89.99985 -89.99985 180.00021 180.00021 180.00021 180.00021 180.08673 180.37091 180.89231 181.59418 182.51435 183.69923 185.05026 186.57662 188.21585 189.85222 190.86063 191.5751 191.78939 191.66506 191.75272 191.23305 190.50654
265.32566 261.25365 255.5997 248.27042 238.90256 227.70067 216.23464 205.5845 196.90533 190.06078 185.61462 182.63983 181.00002 180.12512 -89.99985 -89.99985 -89.99985 -89.99985 -89.99985 -89.99985 -89.99985 -89.99985 -89.99985 -89.99985 -89.99985 -89.99985 -89.99985 -89.99985 -89.99985 -89.99985 -89.99985 -89.99985 -89.99985 -89.99985 -89.99985 -89.99985 -89.99985 -89.99985 -89.99985 -89.99985 180.00021 180.00021 180.00021 180.00021 180.17496 180.55713 181.09055 181.79987 182.72119 183.88658 185.21814 186.71012 188.27601 189.66314 190.6005 191.02564 191.01704 191.00845 190.82568 190.45153
264.99907 261.25365 255.5997 247.76737 238.36685 226.88248 215.25144 205.0356 196.1645 189.7594 185.36768 182.46106 180.85277 180.12454 -89.99985 -89.99985 -89.99985 -89.99985 -89.99985 -89.99985 -89.99985 -89.99985 -89.99985 -89.99985 -89.99985 -89.99985 -89.99985 -89.99985 -89.99985 -89.99985 -89.99985 -89.99985 -89.99985 -89.99985 -89.99985 -89.99985 -89.99985 -89.99985 -89.99985 -89.99985 -89.99985 180.00021 180.00021 180.00021 180.08386 180.35487 180.7525 181.39708 182.12531 183.05465 184.22291 185.41581 186.85336 188.33274 189.51074 190.18339 190.52487 190.4458 190.20402 189.95077
