data/aspect_horn_max.txt
ncols	401
nrows	401
xllcorner	0.0
yllcorner	0.0
cellsize	10.0
NODATA_value	-9999.0
[rows 156 to 181 of 401, columns 240 to 299 of 401]
266.13926 263.68012 260.04929 255.19176 249.20607 242.16441 234.57444 227.53336 221.16379 215.97566 212.21075 210.65861 212.00563 214.15136 216.63399 218.75794 220.93117 222.91762 224.71785 226.24535 227.09505 228.13611 227.68405 227.08245 226.77133 236.52364 243.43523 249.22784 252.44671 254.96945 256.42934 257.61938 258.08863 257.93508 257.10142 256.06838 254.35753 251.85428 249.93716 250.53418 252.86383 255.74982 258.60773 262.14689 265.35488 267.35221 268.45172 269.40913 269.71222 269.99985 269.99985 269.99985 269.99985 269.99985 269.99985 269.99985 269.99985 269.99985 269.47445 268.76799
265.95362 263.23379 259.53076 254.64974 248.66634 241.29409 233.27612 225.33893 218.5872 213.00487 208.557 205.94775 205.81425 207.6884 209.77797 212.18669 214.11469 216.53888 218.09618 219.95772 221.26864 222.57098 223.02533 223.18175 222.37388 228.74288 237.47533 243.99673 248.8388 252.39515 254.32029 255.74294 256.3858 256.6866 256.47174 255.65986 254.11288 252.25535 249.28571 246.98528 246.4255 247.93238 250.37776 253.86708 258.43985 262.09303 264.83865 266.53174 267.65588 268.36348 269.02353 269.34496 269.33006 269.65092 269.63029 269.60508 269.13869 268.56803 267.83865 266.88926
265.52677 262.67344 258.89822 253.96276 247.80977 240.52404 232.29693 224.15005 216.68613 210.55376 206.00333 202.8131 201.11543 202.30603 204.42426 206.56483 208.6544 210.81102 212.79345 214.87558 217.1846 218.79633 220.44015 221.02743 220.8819 221.8777 231.88154 240.01811 246.27138 250.24025 253.25401 255.30291 256.48721 256.97423 256.85276 256.15948 255.17342 253.65737 251.29507 248.19881 244.67569 241.92778 242.56033 244.10617 247.56683 252.59053 256.80922 260.46984 262.92382 264.6679 265.88773 266.65549 267.00672 267.31039 267.61405 267.47368 266.84514 266.57585 265.64308 264.41294
264.99392 262.05178 258.12301 253.10161 246.95778 239.4973 231.60824 223.13076 215.40442 208.86697 203.88109 200.3299 198.18646 198.11141 199.79877 201.9296 203.91203 206.20787 208.51747 211.29287 213.69013 216.08509 218.4537 219.74228 220.60115 221.30875 226.90941 236.65944 243.94631 249.07543 252.47422 255.09722 256.87969 257.82106 258.23187 258.01243 257.63771 256.33882 254.7099 252.34988 249.24159 245.06587 241.31357 239.38156 239.56032 242.10253 246.03761 250.09644 254.11631 257.42457 259.91923 261.34761 262.6213 263.79644 264.03536 264.24563 264.38257 263.93796 262.80636 261.34761
264.35679 261.25365 257.21659 252.09893 245.96255 238.65276 230.95392 222.61395 214.76729 207.89753 202.60454 198.72562 196.31805 195.02718 196.2132 198.1074 200.19182 202.47162 205.27109 208.37938 211.29287 213.88723 216.55263 219.00775 221.0916 222.15787 223.15253 233.37868 241.66078 247.81607 252.3092 255.54298 257.3392 258.83978 259.62931 259.88772 259.66369 259.24887 258.335 256.78114 254.64229 251.69442 247.71466 242.81873 239.36437 238.61666 239.70814 241.27404 243.86094 248.02577 251.9958 255.09722 257.0384 258.86384 260.01835 260.15414 260.69788 260.11174 259.24199 257.60448
263.57814 260.29337 256.085 250.92494 244.69001 237.72456 230.13058 222.09485 214.44987 207.6099 202.01898 197.64215 194.94238 193.21147 193.22007 194.8106 196.9695 199.6836 202.69392 205.97468 208.91281 212.34769 215.57917 218.47204 221.18614 223.19894 224.58779 230.66744 239.90581 247.34051 252.14992 255.96353 258.23187 260.11862 261.33272 261.63409 262.14689 261.87015 261.17974 260.31915 258.95895 256.92438 254.21142 250.53762 246.34586 242.82962 241.35253 240.89932 240.85177 241.50437 243.22095 246.61458 249.77501 252.3092 254.11975 255.2565 255.71888 255.57907 255.14133 253.30099
262.60411 259.11422 254.72136 249.44384 243.43523 236.60157 229.14968 221.73446 214.57936 207.6099 201.76516 197.19467 193.95632 192.02831 191.14997 192.45459 194.75273 197.35396 200.53044 203.74072 207.28446 210.81102 214.6951 218.26004 221.53163 224.67602 227.20277 229.59028 238.65046 246.39972 252.42895 256.75937 259.42649 261.28 262.47004 263.45381 263.95916 264.08349 263.82222 263.16905 262.38524 261.15796 259.4007 257.24237 253.95073 249.91424 246.85694 245.19421 243.23241 241.98221 240.43351 240.19516 241.4677 244.09356 246.99731 248.8537 249.92856 250.20129 250.30786 248.87547
261.39345 257.6973 253.41272 248.03952 242.05899 235.63155 228.49593 221.32537 214.33012 207.99722 202.09232 197.19467 193.64119 191.19065 189.91124 190.5031 192.71357 195.43455 198.4993 201.92673 205.67674 209.64276 213.77435 217.816 221.8204 225.88153 229.60002 232.81546 237.09488 246.60197 253.12853 257.51453 260.53745 262.71125 264.1362 264.77963 265.53708 265.6637 265.74392 265.47921 265.1469 264.45476 263.37417 261.82718 259.63733 256.71983 253.33652 250.31989 248.72822 246.85694 244.2305 241.57427 239.11914 238.35997 239.38156 241.59489 243.19918 244.65392 244.94899 244.76736
260.19368 256.20646 251.76776 246.59968 240.65811 234.42948 227.85307 221.06696 214.33986 208.30089 202.68075 197.69659 193.71854 190.89672 189.29588 189.19504 190.99928 193.61655 196.75407 200.35969 204.07991 208.63091 213.05988 217.87501 222.55321 227.16094 231.86664 235.92261 239.48183 245.93448 253.25802 258.15166 261.57279 263.66007 265.33311 266.18567 266.64862 267.01359 267.33159 267.12589 267.11386 266.57585 265.98571 265.01913 263.62913 261.65988 259.00536 255.96353 253.65164 251.80557 249.53781 247.0231 243.43523 239.84565 236.58323 235.46539 236.60157 238.57025 239.90581 240.54638
258.21525 254.4154 249.77501 244.92263 239.35921 233.42681 227.16495 220.7971 214.61947 208.82056 203.25141 198.55029 194.23707 190.95402 188.92861 188.58598 189.56001 192.10624 195.33313 198.80755 202.85492 207.53427 212.4302 217.69396 223.40234 228.74746 233.74594 238.74901 243.02729 246.80136 253.81093 259.14345 262.49525 264.83292 266.40626 267.18835 267.83464 268.16696 268.44599 268.47521 268.27066 268.04033 267.78021 267.25194 266.39365 265.15148 263.41828 260.98092 258.24505 256.21219 254.39935 251.92418 249.02043 245.55632 240.5418 236.04121 232.61836 232.91745 234.78243 235.99251
255.73549 251.70072 247.47058 242.94937 237.70967 232.31699 226.63668 220.83377 215.05262 209.38206 204.27471 199.31634 195.22542 191.6112 188.95039 188.20726 188.78938 190.7701 193.91392 197.55335 201.76287 206.56483 211.87156 217.70427 223.92717 229.89911 235.81948 241.05631 245.79066 250.05404 254.78381 260.102 263.69617 265.89346 267.09782 268.06669 268.64652 268.93529 269.18167 269.20401 269.21776 269.21776 269.01207 268.58292 268.10508 267.34705 266.45324 264.87531 262.42363 259.93928 258.0617 256.37319 253.95589 250.71008 246.80136 241.60693 235.36627 230.45774 229.9862 231.77955
252.81455 249.21179 245.40965 240.94516 236.30993 231.34009 226.07289 220.87216 215.44911 210.08966 205.24588 200.55622 196.35014 192.5457 189.55715 188.12991 188.28346 189.60528 192.56346 196.13986 200.48689 205.6882 211.41835 217.66588 224.3884 231.14644 237.40313 243.43523 248.80614 252.89706 256.94501 260.90987 264.48284 266.60049 267.97272 268.84992 269.1513 269.60222 269.62055 269.81708 269.82109 269.64633 269.64404 269.45783 269.25615 268.83503 268.14576 267.34705 265.65683 263.63028 261.38428 259.64077 257.61136 255.29145 252.04049 247.66481 241.82121 234.68903 228.66782 228.50338
248.96256 245.5082 242.54314 238.8848 235.00817 230.5116 226.13191 221.29557 216.33949 211.41835 206.56483 201.94851 197.69659 193.83829 190.61024 188.28575 188.2806 189.07357 191.33962 195.01858 199.38796 204.7898 210.92389 217.63036 224.80551 232.25339 239.03606 245.29162 250.83441 255.551 259.31533 262.18471 265.52791 267.51035 268.78117 269.34152 269.59649 269.81249 269.99985 269.99985 269.99985 269.99985 269.99985 269.83656 269.83369 269.65378 269.27219 268.83904 267.90225 266.53861 264.41523 262.60411 260.92133 258.69024 255.88102 252.51203 247.50725 240.98985 233.13002 227.29043
243.81167 241.60693 239.33114 236.85309 233.81527 230.38956 226.44417 221.96421 217.48368 212.78085 208.09921 203.49836 199.3255 195.3148 191.857 189.01685 188.35795 188.83866 190.30486 193.79933 198.43513 203.94183 210.27244 217.70313 225.37446 233.29732 240.72113 247.15201 252.89706 257.30482 261.20609 263.83826 266.2275 268.10909 269.28995 269.57701 269.99985 269.99985 269.99985 269.99985 269.99985 269.99985 269.99985 269.99985 269.99985 269.99985 269.8377 269.65607 269.07624 268.18472 266.86978 265.07299 263.36729 261.70858 259.41846 256.29298 252.28399 246.4679 239.03606 231.25931
248.19881 240.43981 236.30993 234.78243 233.03548 230.24689 226.8143 223.15253 218.93613 214.57707 210.13493 205.58564 201.25064 197.12936 193.52087 190.39882 188.77792 188.88908 189.8356 192.69982 197.32244 203.04343 209.69088 217.53926 225.72511 234.15045 241.95987 248.92245 254.47613 259.0724 262.66542 265.42593 267.35737 268.66772 269.53805 269.99985 269.99985 269.99985 269.99985 269.99985 269.99985 269.99985 269.99985 269.99985 269.99985 269.99985 269.99985 269.99985 269.83484 269.28365 268.41448 267.13735 265.41619 264.00442 262.06954 259.66713 255.96353 251.31799 244.82236 236.30993
252.3241 246.55212 238.34851 233.00454 232.07864 230.42508 227.77916 224.75223 221.00909 217.15366 212.54994 208.12728 203.6416 199.3977 195.42194 192.15035 189.53423 189.12285 189.82988 191.84955 196.32206 202.08716 209.05433 217.3393 226.24134 235.15714 243.43523 250.39954 256.08958 260.70647 263.85717 266.4074 268.17784 269.20802 269.77239 269.99985 269.99985 269.99985 269.99985 269.99985 269.99985 269.99985 269.99985 269.99985 269.99985 269.99985 269.99985 269.99985 269.99985 269.83885 269.46929 268.6173 267.36768 265.91466 264.2634 262.23455 259.38008 255.34875 249.73433 241.95528
256.08729 251.73739 245.5082 237.66956 231.70965 230.64051 229.25911 226.60574 223.56792 219.84427 215.82554 211.34731 206.66567 202.18055 197.90743 194.24222 191.15685 189.67518 189.96739 191.57339 195.34402 201.13261 208.45845 217.10209 226.56678 236.02804 244.46026 251.64457 257.44463 261.83577 265.06095 267.19579 268.83102 269.52429 269.99985 269.99985 269.99985 269.99985 269.99985 269.99985 269.99985 269.99985 269.99985 269.99985 269.99985 269.99985 269.99985 269.99985 269.99985 269.99985 269.83999 269.46643 268.60298 267.33674 265.87971 264.39518 261.9538 258.7567 253.89458 247.27577
258.94864 255.96353 251.72307 245.60044 237.74977 232.46538 231.34009 229.66706 226.79769 223.61433 219.76749 215.1019 210.37901 205.57705 200.90801 196.75178 193.22121 190.55352 190.5392 191.60318 194.43932 200.27089 207.78809 216.82364 226.90311 236.93445 245.76087 253.16234 258.78134 263.01435 266.06993 268.06955 269.145 269.78442 269.99985 269.99985 269.99985 269.99985 269.99985 269.99985 269.99985 269.99985 269.99985 269.99985 269.99985 269.99985 269.99985 269.99985 269.99985 269.99985 269.99985 269.99985 269.45267 268.56803 267.51035 266.00347 264.1511 261.4221 257.47098 251.70072
261.225 259.15949 256.17151 252.00668 246.19403 238.17262 234.27994 232.95068 230.84907 227.98657 224.32595 219.87979 215.07841 209.89371 204.80585 200.13624 195.89521 192.45631 191.15914 191.90398 194.11617 199.26363 207.03465 216.63914 227.24918 237.54809 246.80136 254.15069 259.91465 264.03536 266.71795 268.59782 269.60508 269.99985 269.99985 269.99985 269.99985 269.99985 269.99985 269.99985 269.99985 269.99985 269.99985 269.99985 269.99985 269.99985 269.99985 269.99985 269.99985 269.99985 269.99985 269.99985 269.83197 269.4309 268.51474 267.41867 265.80236 263.72539 260.59475 255.86383
263.36729 261.96813 260.29337 257.3392 253.25802 247.45682 239.22571 237.52861 235.84011 233.2807 229.8441 225.44092 220.75642 215.142 209.56655 204.31711 199.19544 195.19104 192.29302 192.6494 194.319 198.49414 206.37518 216.40423 227.44398 238.44133 247.84185 255.46563 260.92649 264.89766 267.46795 269.05791 269.81593 269.99985 269.99985 269.99985 269.99985 269.99985 269.99985 269.99985 269.99985 269.99985 269.99985 269.99985 269.99985 269.99985 269.99985 269.99985 269.99985 269.99985 269.99985 269.99985 269.99985 269.82338 269.40111 268.43969 267.26168 265.47119 263.07909 258.99619
265.04262 264.19865 263.19598 261.22729 258.69024 255.01242 249.21179 242.48813 241.60693 239.31108 236.10882 232.06661 227.39528 221.77571 215.50698 209.47603 203.60435 198.49873 194.52813 193.5816 194.65647 198.25579 205.79592 216.06218 227.82729 239.29332 248.91099 256.61785 262.01797 265.67631 267.94809 269.28365 269.99985 269.99985 269.99985 269.99985 269.99985 269.99985 269.99985 269.99985 269.99985 269.99985 269.99985 269.99985 269.99985 269.99985 269.99985 269.99985 269.99985 269.99985 269.99985 269.99985 269.99985 269.99985 269.81077 269.14786 268.3291 267.01589 265.26263 262.08272
266.37532 265.97196 265.44885 264.47253 262.91695 260.47557 256.80922 250.92494 247.75075 245.69555 243.09375 239.51678 234.95489 229.10098 222.98351 215.96878 209.41128 203.13968 197.78368 194.94352 195.60071 198.43513 205.18915 215.9917 228.26045 240.0353 250.11993 257.64058 263.00232 266.36386 268.55886 269.65665 269.99985 269.99985 269.99985 269.99985 269.99985 269.99985 269.99985 269.99985 269.99985 269.99985 269.99985 269.99985 269.99985 269.99985 269.99985 269.99985 269.99985 269.99985 269.99985 269.99985 269.99985 269.99985 269.99985 269.79588 269.07968 268.16925 266.65148 264.54243
267.45019 267.36482 267.23762 266.76035 265.87226 264.38773 262.45514 258.86384 253.77999 252.25535 250.08384 246.65927 242.68122 237.55325 231.05419 223.98045 216.16645 208.81082 202.31692 197.30354 197.07378 199.07168 204.8385 215.86049 228.73944 240.99558 251.2584 258.82087 263.88467 267.18433 268.94904 269.83369 269.99985 269.99985 269.99985 269.99985 269.99985 269.99985 269.99985 269.99985 269.99985 269.99985 269.99985 269.99985 269.99985 269.99985 269.99985 269.99985 269.99985 269.99985 269.99985 269.99985 269.99985 269.99985 269.99985 269.99985 269.77697 268.98629 267.93376 266.46756
268.53652 268.49813 268.42765 268.3291 267.91772 267.1087 266.05504 264.21298 260.76434 258.43011 256.44252 253.85562 250.48433 245.77233 240.01811 233.06871 224.79176 216.47872 208.19489 201.22601 198.70843 200.18265 205.20119 215.81408 229.27974 242.24119 252.49943 259.91465 264.73208 267.7762 269.31173 269.99985 269.99985 269.99985 269.99985 269.99985 269.99985 269.99985 269.99985 269.99985 269.99985 269.99985 269.99985 269.99985 269.99985 269.99985 269.99985 269.99985 269.99985 269.99985 269.99985 269.99985 269.99985 269.99985 269.99985 269.99985 269.99985 269.75176 269.1364 267.92975
269.05447 269.22578 269.39481 269.35871 269.07624 268.97712 268.27295 267.32127 266.00003 263.80618 262.14689 259.95074 257.43488 253.51872 248.7328 242.30078 234.57158 225.43061 216.11317 207.41624 201.4804 202.19029 206.23194 215.92524 230.12027 243.55899 253.8814 261.16828 265.74105 268.34228 269.66123 269.99985 269.99985 269.99985 269.99985 269.99985 269.99985 269.99985 269.99985 269.99985 269.99985 269.99985 269.99985 269.99985 269.99985 269.99985 269.99985 269.99985 269.99985 269.99985 269.99985 269.99985 269.99985 269.99985 269.99985 269.99985 269.99985 269.99985 269.71624 268.98285
269.65378 269.82395 269.81708 269.80734 269.79244 269.77181 269.74431 269.40913 268.60298 267.43644 266.18567 264.7739 262.79376 260.12034 256.34512 251.26413 244.4402 235.59144 225.45123 215.39468 206.30986 204.81158 207.7583 216.57325 231.29254 245.24521 255.58652 262.42076 266.53804 268.89805 269.8314 269.99985 269.99985 269.99985 269.99985 269.99985 269.99985 269.99985 269.99985 269.99985 269.99985 269.99985 269.99985 269.99985 269.99985 269.99985 269.99985 269.99985 269.99985 269.99985 269.99985 269.99985 269.99985 269.99985 269.99985 269.99985 269.99985 269.99985 269.99985 269.66467
