data/aspect_horn_max.txt
ncols	401
nrows	401
xllcorner	0.0
yllcorner	0.0
cellsize	10.0
NODATA_value	-9999.0
[rows 104 to 129 of 401, columns 180 to 239 of 401]
269.99985 269.99985 269.99985 269.99985 269.99985 269.99985 269.99985 269.99985 269.99985 269.99985 269.99985 269.99985 269.99985 269.99985 269.99985 269.99985 269.99985 269.99985 269.99985 269.99985 269.99985 269.99985 269.99985 269.99985 269.99985 269.99985 269.99985 269.99985 269.99985 269.99985 269.99985 269.99985 269.99985 269.99985 269.99985 269.99985 269.99985 269.99985 269.99985 269.99985 269.99985 269.99985 269.99985 269.99985 269.99985 269.99985 269.91505 269.73056 269.42918 269.08713 268.58694 267.88735 267.08063 266.22177 265.42593 265.06267 265.19789 265.75767 266.37475 266.97864
269.99985 269.99985 269.99985 269.99985 269.99985 269.99985 269.99985 269.99985 269.99985 269.99985 269.99985 269.99985 269.99985 269.99985 269.99985 269.99985 269.99985 269.99985 269.99985 269.99985 269.99985 269.99985 269.99985 269.99985 269.99985 269.99985 269.99985 269.99985 269.99985 269.99985 269.99985 269.99985 269.99985 269.99985 269.99985 269.99985 269.99985 269.99985 269.99985 269.99985 269.99985 269.99985 269.99985 269.99985 269.99985 269.92021 269.83255 269.64691 269.34496 269.00176 268.39671 267.69541 266.75061 265.71413 264.88276 264.46794 264.55217 265.10564 265.69923 266.14327
269.94599 269.99985 269.99985 269.99985 269.99985 269.99985 269.99985 269.99985 269.99985 269.99985 269.99985 269.99985 269.99985 269.99985 269.99985 269.99985 269.99985 269.99985 269.99985 269.99985 269.99985 269.99985 269.99985 269.99985 269.99985 269.99985 269.99985 269.99985 269.99985 269.99985 269.99985 269.99985 269.99985 269.99985 269.99985 269.99985 269.99985 269.99985 269.99985 269.99985 269.99985 269.99985 269.99985 269.99985 269.99985 269.92135 269.7529 269.56612 269.26417 268.82471 268.21337 267.51035 266.56153 265.34686 264.33158 263.70935 263.55579 264.08291 264.67421 265.26321
269.78499 269.99985 269.99985 269.99985 269.99985 269.99985 269.99985 269.99985 269.99985 269.99985 269.99985 269.99985 269.99985 269.99985 269.99985 269.99985 269.99985 269.99985 269.99985 269.99985 269.99985 269.99985 269.99985 269.99985 269.99985 269.99985 269.99985 269.99985 269.99985 269.99985 269.99985 269.99985 269.99985 269.99985 269.99985 269.99985 269.99985 269.99985 269.99985 269.99985 269.99985 269.99985 269.99985 269.99985 269.92536 269.84515 269.75692 269.4882 269.18682 268.74851 268.14232 267.33159 266.39365 265.16065 263.93967 262.94903 262.56171 263.01549 263.58731 264.15683
269.56899 269.84114 269.99985 269.99985 269.99985 269.99985 269.99985 269.99985 269.99985 269.99985 269.99985 269.99985 269.99985 269.99985 269.99985 269.99985 269.99985 269.99985 269.99985 269.99985 269.99985 269.99985 269.99985 269.99985 269.99985 269.99985 269.99985 269.99985 269.99985 269.99985 269.99985 269.99985 269.99985 269.99985 269.99985 269.99985 269.99985 269.99985 269.99985 269.99985 269.99985 269.99985 269.99985 269.99985 269.92651 269.84744 269.68128 269.41257 269.11291 268.67632 268.07758 267.27887 266.35011 265.14117 263.87436 262.56228 261.80312 261.80082 262.29529 262.83272
269.23953 269.68014 269.89443 269.99985 269.99985 269.99985 269.99985 269.99985 269.99985 269.99985 269.99985 269.99985 269.99985 269.99985 269.99985 269.99985 269.99985 269.99985 269.99985 269.99985 269.99985 269.99985 269.99985 269.99985 269.99985 269.99985 269.99985 269.99985 269.99985 269.99985 269.99985 269.99985 269.99985 269.99985 269.99985 269.99985 269.99985 269.99985 269.99985 269.99985 269.99985 269.99985 269.99985 269.99985 269.92766 269.77525 269.60795 269.34038 269.04072 268.60985 268.02143 267.34419 266.45209 265.41103 264.06171 262.74964 261.54471 260.90987 260.8967 261.33272
268.78919 269.35241 269.73285 269.94656 269.99985 269.99985 269.99985 269.99985 269.99985 269.99985 269.99985 269.99985 269.99985 269.99985 269.99985 269.99985 269.99985 269.99985 269.99985 269.99985 269.99985 269.99985 269.99985 269.99985 269.99985 269.99985 269.99985 269.99985 269.99985 269.99985 269.99985 269.99985 269.99985 269.99985 269.99985 269.99985 269.99985 269.99985 269.99985 269.99985 269.99985 269.99985 269.99985 269.93109 269.85776 269.77869 269.61425 269.35183 269.05963 268.6385 268.06841 267.5241 266.67268 265.70209 264.55962 263.16847 261.97443 261.00269 260.45552 260.22347
268.20993 268.90378 269.40283 269.72827 269.94485 269.99985 269.99985 269.99985 269.99985 269.99985 269.99985 269.99985 269.99985 269.99985 269.99985 269.99985 269.99985 269.99985 269.99985 269.99985 269.99985 269.99985 269.99985 269.99985 269.99985 269.99985 269.99985 269.99985 269.99985 269.99985 269.99985 269.99985 269.99985 269.99985 269.99985 269.99985 269.99985 269.99985 269.99985 269.99985 269.99985 269.99985 269.99985 269.93167 269.85947 269.78155 269.54435 269.36329 269.07853 268.67173 268.21623 267.70114 267.00958 266.10202 265.0409 263.85144 262.59322 261.63409 260.72424 259.97194
267.48571 268.32051 268.94733 269.44523 269.71967 269.94255 269.99985 269.99985 269.99985 269.99985 269.99985 269.99985 269.99985 269.99985 269.99985 269.99985 269.99985 269.99985 269.99985 269.99985 269.99985 269.99985 269.99985 269.99985 269.99985 269.99985 269.99985 269.99985 269.99985 269.99985 269.99985 269.99985 269.99985 269.99985 269.99985 269.99985 269.99985 269.99985 269.99985 269.99985 269.99985 269.99985 269.99985 269.93281 269.86119 269.7128 269.5518 269.37475 269.09859 268.79377 268.45458 267.97502 267.33216 266.47845 265.61042 264.36596 263.33005 262.28039 261.40777 260.42802
266.59591 267.58999 268.41046 268.97827 269.42575 269.7065 269.87838 269.99985 269.99985 269.99985 269.99985 269.99985 269.99985 269.99985 269.99985 269.99985 269.99985 269.99985 269.99985 269.99985 269.99985 269.99985 269.99985 269.99985 269.99985 269.99985 269.99985 269.99985 269.99985 269.99985 269.99985 269.99985 269.99985 269.99985 269.99985 269.99985 269.99985 269.99985 269.99985 269.99985 269.99985 269.99985 269.99985 269.93339 269.86291 269.71681 269.63258 269.46471 269.20115 268.91123 268.59209 268.14347 267.63067 266.94312 266.02753 265.1045 264.14709 263.18452 262.2483 261.32699
265.52734 266.74831 267.66275 268.3652 268.93816 269.33636 269.62571 269.80447 269.93109 269.99985 269.99985 269.99985 269.99985 269.99985 269.99985 269.99985 269.99985 269.99985 269.99985 269.99985 269.99985 269.99985 269.99985 269.99985 269.99985 269.99985 269.99985 269.99985 269.99985 269.99985 269.99985 269.99985 269.99985 269.99985 269.99985 269.99985 269.99985 269.99985 269.99985 269.99985 269.99985 269.99985 269.93511 269.93396 269.86463 269.72025 269.63889 269.47559 269.2997 269.10718 268.80982 268.3864 267.91027 267.36997 266.63372 265.67287 264.89537 264.03937 263.33177 262.34456
264.24563 265.66199 266.74316 267.649 268.29587 268.81956 269.22922 269.52945 269.71509 269.84687 269.99985 269.99985 269.99985 269.99985 269.99985 269.99985 269.99985 269.99985 269.99985 269.99985 269.99985 269.99985 269.99985 269.99985 269.99985 269.99985 269.99985 269.99985 269.99985 269.99985 269.99985 269.99985 269.99985 269.99985 269.99985 269.99985 269.99985 269.99985 269.99985 269.99985 269.99985 269.99985 269.93568 269.93453 269.86578 269.79358 269.71624 269.56096 269.39366 269.21203 269.01207 268.61558 268.2615 267.7636 267.09094 266.31917 265.59209 264.94292 264.18204 263.46813
262.85106 264.42153 265.68777 266.69216 267.54301 268.13602 268.67059 269.02639 269.33751 269.60508 269.74202 269.80963 269.89271 269.99985 269.99985 269.99985 269.99985 269.99985 269.99985 269.99985 269.99985 269.99985 269.99985 269.76723 269.79702 269.82281 269.84286 269.86005 269.87781 269.89213 269.99985 269.99985 269.99985 269.99985 269.99985 269.99985 269.99985 269.99985 269.99985 269.99985 269.99985 269.99985 269.93625 269.93511 269.8675 269.79588 269.72139 269.64175 269.55695 269.38736 269.12208 268.91123 268.49927 268.128 267.60603 267.00958 266.23895 265.64766 265.10851 264.48112
261.33558 263.00575 264.40549 265.59151 266.53403 267.33101 267.93262 268.41505 268.77945 269.09859 269.28594 269.50596 269.66696 269.74488 269.70077 269.82051 269.77697 269.71337 269.61539 269.49278 269.58789 269.31001 269.40913 269.48591 269.56268 269.43434 269.50195 269.56841 269.75119 269.89041 269.90187 269.99985 269.99985 269.99985 269.99985 269.99985 269.99985 269.99985 269.99985 269.99985 269.99985 269.99985 269.93625 269.93511 269.86864 269.86578 269.79473 269.71967 269.63946 269.47788 269.30141 269.10604 268.80466 268.46661 267.98877 267.54587 266.9414 266.41657 265.94044 265.53078
259.83329 261.52007 263.00919 264.32298 265.36634 266.25041 266.99125 267.60145 268.01684 268.38296 268.7021 268.87055 269.07395 269.20401 269.22177 269.2487 269.30141 269.10031 268.78117 268.2466 268.07471 268.41963 268.66772 268.5961 268.82586 268.99144 269.12953 269.40913 269.61883 269.7764 269.89958 269.99985 269.99985 269.99985 269.99985 269.99985 269.99985 269.99985 269.99985 269.99985 269.99985 269.99985 269.93625 269.93568 269.93453 269.8675 269.8652 269.79358 269.71738 269.56268 269.47044 269.28995 269.00634 268.77716 268.42937 268.03518 267.48285 267.11558 266.70935 266.36902
258.19004 259.99601 261.53955 262.85736 264.02046 265.06783 265.88773 266.56497 267.1087 267.51837 267.87532 268.07643 268.31192 268.33999 268.37265 268.43052 268.04205 267.78537 266.98724 265.64881 265.47119 266.33808 266.98724 267.55045 267.96356 268.48667 268.73476 269.08827 269.47788 269.65665 269.89786 269.90703 269.99985 269.99985 269.99985 269.99985 269.99985 269.99985 269.99985 269.99985 269.99985 269.99985 269.93625 269.93568 269.93511 269.93453 269.86692 269.79702 269.79187 269.6429 269.55581 269.38392 269.19427 268.98457 268.74908 268.39041 268.08732 267.65817 267.41295 267.13162
256.36632 258.31036 259.95361 261.32699 262.5428 263.62627 264.60774 265.35144 265.94503 266.48132 266.77524 267.09839 267.23189 267.39748 267.28174 267.12761 266.67841 266.0092 264.55962 262.14689 261.87015 263.66007 264.92058 266.29797 266.95802 267.70916 268.30962 268.90149 269.32777 269.64691 269.79072 269.90531 269.99985 269.99985 269.99985 269.99985 269.99985 269.99985 269.99985 269.99985 269.99985 269.99985 269.99985 269.93568 269.93568 269.93511 269.93396 269.86635 269.79473 269.789 269.63717 269.54779 269.44981 269.25902 269.04645 268.81039 268.54339 268.25519 267.94293 267.82376
254.64974 256.58232 258.28229 259.66083 260.92191 262.04949 263.03727 263.9328 264.5854 265.16409 265.57719 265.80637 265.92383 265.92497 265.91466 265.48609 264.90282 263.73627 261.46908 257.61938 256.3497 259.53076 262.40529 264.06859 265.50958 266.6194 267.65473 268.53537 269.16562 269.5157 269.78442 269.90245 269.91104 269.99985 269.99985 269.99985 269.99985 269.99985 269.99985 269.99985 269.99985 269.99985 269.99985 269.93568 269.93568 269.93511 269.93453 269.93396 269.86463 269.79187 269.78556 269.62972 269.53805 269.43663 269.24068 269.11176 268.87513 268.70955 268.53938 268.34744
253.30844 254.86345 256.48893 257.96143 259.23455 260.3054 261.41007 262.2993 263.09743 263.71565 264.15797 264.39804 264.50748 264.47768 264.04911 263.48647 262.42363 260.89555 258.11155 253.10161 248.02577 254.43832 258.89593 261.81228 264.1276 265.67917 267.13735 268.30561 268.98972 269.37189 269.66639 269.79989 269.90818 269.91505 269.99985 269.99985 269.99985 269.99985 269.99985 269.99985 269.99985 269.99985 269.99985 269.99985 269.99985 269.93511 269.93453 269.93396 269.93281 269.86234 269.78786 269.78098 269.69675 269.60565 269.50539 269.30772 269.18052 269.039 268.88831 268.83102
252.90852 253.4385 254.78094 256.1675 257.49906 258.58768 259.62301 260.52255 261.38142 262.04949 262.50442 262.73303 262.82183 262.58979 262.25231 261.34246 260.0596 257.51166 254.12433 248.45893 240.25532 248.05156 254.53858 259.13141 262.31305 264.63582 266.55752 268.0495 268.79377 269.34725 269.53862 269.79244 269.90531 269.91276 269.99985 269.99985 269.99985 269.99985 269.99985 269.99985 269.99985 269.99985 269.99985 269.99985 269.99985 269.99985 269.93453 269.93396 269.93281 269.93167 269.85947 269.85546 269.77525 269.68931 269.59477 269.57701 269.467 269.34496 269.31345 269.17708
254.06532 252.97957 253.33251 254.44806 255.68278 256.69634 257.67553 258.67075 259.50097 260.22863 260.59704 260.9517 260.85659 260.53745 259.91064 258.78535 257.2756 254.26815 250.10446 243.74979 234.11779 240.69019 249.9045 255.96353 260.29337 263.72252 266.14041 267.56707 268.57949 269.18167 269.51971 269.6767 269.8039 269.9099 269.91562 269.99985 269.99985 269.99985 269.99985 269.99985 269.99985 269.99985 269.99985 269.99985 269.99985 269.99985 269.99985 269.93339 269.93281 269.93167 269.92995 269.85604 269.85145 269.76952 269.76035 269.66696 269.65149 269.5432 269.522 269.49908
256.09416 253.94443 252.83002 253.03973 253.92781 254.92075 255.72403 256.65967 257.48301 258.25994 258.64096 258.87988 258.90338 258.55043 257.62912 256.3285 254.30997 250.69117 245.9849 239.39359 228.99097 232.37371 244.07523 251.73739 258.29719 262.64766 265.39728 267.22673 268.33483 268.99717 269.37017 269.5495 269.79588 269.81192 269.91276 269.91792 269.92135 269.99985 269.99985 269.99985 269.99985 269.99985 269.99985 269.99985 269.99985 269.99985 269.99985 269.99985 269.93224 269.93109 269.92938 269.92766 269.92594 269.84687 269.84171 269.83541 269.82854 269.73113 269.7191 269.7065
258.49944 255.82831 253.57258 252.3728 252.45531 253.10161 253.85562 254.66005 255.49771 256.13885 256.69233 256.80062 256.66712 256.23167 255.23473 253.84244 251.26413 247.38005 242.50704 235.56108 224.99974 223.60287 237.17166 247.65163 255.54298 261.0789 264.54758 266.62112 267.87876 268.63621 269.20401 269.52773 269.67957 269.8039 269.90875 269.91448 269.91849 269.92193 269.92479 269.92651 269.92823 269.92938 269.92995 269.99985 269.99985 269.99985 269.99985 269.99985 269.99985 269.99985 269.9288 269.92766 269.92594 269.92365 269.92078 269.91792 269.91505 269.91161 269.9076 269.90417
260.87893 258.17171 255.39687 252.98816 251.74312 251.59702 251.97288 252.66616 253.39095 253.98568 254.48301 254.73167 254.62796 254.02865 252.89706 251.14667 248.49846 244.51927 238.86131 231.54636 221.34771 215.07382 230.30075 243.43523 253.20989 259.59952 263.56725 265.9307 267.3631 268.39098 268.87972 269.25271 269.55065 269.6916 269.80905 269.82109 269.91562 269.91906 269.92193 269.92422 269.92594 269.92708 269.92766 269.9288 269.92938 269.99985 269.99985 269.99985 269.99985 269.99985 269.99985 269.99985 269.99985 269.99985 269.99985 269.91849 269.91562 269.99985 269.99985 269.99985
262.92611 260.53745 257.71105 254.72193 252.21925 250.79602 250.44996 250.74847 251.33174 251.93678 252.36822 252.59053 252.32754 251.68869 250.55996 248.49846 245.77233 241.45395 236.16956 228.63287 218.65997 207.89753 223.78106 237.84775 250.10446 257.47098 262.08444 265.11481 266.76436 267.93606 268.65741 269.07624 269.40569 269.56669 269.69962 269.81249 269.82281 269.91562 269.91849 269.92135 269.9225 269.92422 269.92536 269.92594 269.92708 269.92766 269.99985 269.99985 269.99985 269.99985 269.99985 269.99985 269.99985 269.99985 269.99985 269.99985 269.99985 269.99985 269.99985 269.99985
264.65014 262.57145 259.992 257.01834 253.74332 251.11631 249.57333 249.1184 249.41405 249.88903 250.31646 250.45339 250.27463 249.65584 248.41366 246.3705 243.43523 239.10539 233.53051 225.88153 216.7142 204.44374 216.87005 232.38632 245.69555 254.81991 260.64689 263.89384 266.05504 267.41409 268.2403 268.87112 269.24125 269.4246 269.57643 269.70363 269.81364 269.82281 269.82968 269.83484 269.91964 269.92078 269.92193 269.92307 269.92422 269.92479 269.92536 269.99985 269.99985 269.99985 269.99985 269.99985 269.99985 269.99985 269.99985 269.99985 269.99985 269.99985 269.99985 269.99985
