data/aspect_sharpnack_max.txt
ncols	401
nrows	401
xllcorner	0.0
yllcorner	0.0
cellsize	10.0
NODATA_value	-9999.0
[rows 156 to 181 of 401, columns 300 to 359 of 401]
267.0262 264.47253 259.31533 255.96353 250.66539 244.25915 235.5817 226.16915 216.41626 206.26689 199.88528 198.27241 199.41145 203.72811 213.13551 227.00968 240.25532 252.20378 259.91923 265.91466 268.89805 269.99985 269.99985 269.99985 269.99985 269.99985 269.99985 269.99985 269.99985 269.99985 269.99985 269.99985 269.99985 269.99985 269.99985 360.00006 269.99985 269.99985 269.99985 269.99985 269.99985 269.99985 269.99985 269.99985 269.99985 269.99985 269.75119 269.12265 267.99908 266.27333 263.89556 261.43757 259.71239 259.66598 260.72366 262.25117 263.60908 264.70457 265.63448 266.44407
264.87188 261.11958 255.42552 250.9066 246.03761 239.80841 232.79197 224.99974 216.2925 207.99722 200.55622 197.35396 197.40953 198.74109 204.07533 213.69013 226.44417 239.39359 250.71008 259.0661 265.13544 268.26436 269.99985 269.99985 269.99985 269.99985 269.99985 269.99985 269.99985 269.99985 269.99985 269.99985 269.99985 269.99985 269.99985 269.99985 360.00006 269.99985 269.99985 269.99985 269.99985 269.99985 269.99985 269.99985 269.99985 269.99985 269.90073 269.43606 268.505 267.07891 265.04835 262.2632 259.60697 257.73511 257.79241 258.78076 260.40166 261.81744 263.02523 264.00327
262.07298 258.02389 251.24121 245.37642 241.69917 236.30993 230.82615 223.9392 216.73311 209.89887 202.62001 197.6708 195.82588 196.41373 198.28902 204.17903 213.3538 224.99974 237.84775 248.96256 257.90528 264.22558 268.13258 269.99985 269.99985 269.99985 269.99985 269.99985 269.99985 269.99985 269.99985 269.99985 269.99985 269.99985 269.99985 269.99985 360.00006 269.99985 269.99985 269.99985 269.99985 269.99985 269.99985 269.99985 269.99985 269.99985 269.95 269.64175 268.94102 267.7338 266.03097 263.60507 260.44062 257.60448 255.48568 255.4324 256.31934 257.95284 259.42534 260.66866
258.69024 254.16788 248.19881 239.03606 236.85309 233.65255 228.96461 223.97701 217.93346 211.6865 205.34615 199.8171 196.24299 194.90571 195.50273 197.45938 203.13166 211.56904 222.67239 234.95087 246.32924 255.61861 263.04701 267.92975 269.99985 269.99985 269.99985 269.99985 269.99985 269.99985 269.99985 269.99985 269.99985 269.99985 269.99985 269.99985 360.00006 269.99985 269.99985 269.99985 269.99985 269.99985 269.99985 269.99985 269.99985 269.99985 269.99985 269.79473 269.26131 268.24946 266.78842 264.78364 261.99735 258.52923 255.34302 252.98358 252.57907 253.2649 254.70589 256.21277
254.62395 250.82123 245.03722 236.5924 232.54961 231.07252 227.72645 223.99478 219.47242 214.50831 208.73977 203.26344 198.5755 195.50273 194.03596 194.31499 196.17596 201.07245 209.10991 219.47242 231.1155 243.09375 253.5233 261.54471 266.94713 269.99985 269.99985 269.99985 269.99985 269.99985 269.99985 269.99985 269.99985 269.99985 269.99985 269.99985 360.00006 269.99985 269.99985 269.99985 269.99985 269.99985 269.99985 269.99985 269.99985 269.99985 269.99985 269.89614 269.47158 268.69408 267.51035 265.71985 263.38219 260.32889 256.54852 253.01681 250.20129 249.13846 249.38769 250.49293
250.71008 247.78226 241.92778 235.00817 228.36644 228.01293 227.16094 224.51044 221.42391 217.56848 213.09196 208.13129 203.07838 198.30278 195.52393 193.50998 193.40972 194.72293 199.17883 205.82113 215.31103 227.08245 239.4526 252.09549 261.63409 267.51035 269.99985 269.99985 269.99985 269.99985 269.99985 269.99985 269.99985 269.99985 269.99985 269.99985 360.00006 360.00006 269.99985 269.99985 269.99985 269.99985 269.99985 269.99985 269.99985 269.99985 269.99985 269.94771 269.68128 269.02181 268.0346 266.54778 264.57738 261.94349 258.6083 254.57067 250.46543 247.19384 245.34777 244.93638
246.97439 244.07523 239.57407 233.65255 225.65865 226.77133 227.12083 225.4816 223.66762 221.29557 217.73292 213.12978 208.68592 203.60435 199.07856 195.68608 193.42576 192.45001 193.55697 196.69907 203.12651 212.77512 225.54577 239.9316 253.5594 263.75805 269.13182 269.99985 269.99985 269.99985 269.99985 269.99985 269.99985 269.99985 269.99985 269.99985 360.00006 360.00006 269.99985 269.99985 269.99985 269.99985 269.99985 269.99985 269.99985 269.99985 269.99985 269.99985 269.78499 269.3461 268.49125 267.27945 265.58292 263.35698 260.48187 256.92438 252.60485 247.94441 244.07809 241.25513
243.43523 241.27977 237.7578 233.13002 226.24535 225.59046 227.12083 227.40617 226.76216 225.40654 222.70963 219.21745 215.42562 210.65059 205.98442 200.74587 196.9907 194.12534 192.32797 192.96453 195.94563 202.5335 213.11144 227.33741 243.43523 256.86594 265.38926 269.99985 269.99985 269.99985 269.99985 269.99985 269.99985 269.99985 269.99985 269.99985 360.00006 360.00006 269.99985 269.99985 269.99985 269.99985 269.99985 269.99985 269.99985 269.99985 269.99985 269.99985 269.89099 269.56039 268.88201 267.87246 266.42001 264.56248 262.13085 259.06151 255.27541 250.81092 245.61878 241.02251
240.10119 238.69573 236.11283 232.66707 227.33741 224.4096 228.17966 229.76389 230.19418 229.83035 228.41113 226.08092 222.93022 219.02551 214.43899 209.47603 203.96245 198.93532 195.52393 193.37419 194.13909 197.96931 204.94393 215.97222 231.20373 247.30614 260.21774 268.12227 269.99985 269.99985 269.99985 269.99985 269.99985 269.99985 269.99985 269.99985 360.00006 360.00006 269.99985 269.99985 269.99985 269.99985 269.99985 269.99985 269.99985 269.99985 269.99985 269.99985 269.94427 269.72196 269.1576 268.33884 267.16715 265.57776 263.54605 260.97405 257.72308 253.84187 249.13445 243.74864
236.64626 235.95412 234.78243 232.83551 228.96461 224.39699 228.74288 232.18406 234.10748 234.59335 234.27994 233.13002 231.1155 228.28909 224.35631 219.92047 214.66702 208.67904 202.6521 198.69296 196.85835 198.14578 201.80126 208.92656 220.95523 237.09488 252.82429 264.0938 269.0453 269.99985 269.99985 269.99985 269.99985 269.99985 269.99985 269.99985 360.00006 360.00006 269.99985 269.99985 269.99985 269.99985 269.99985 269.99985 269.99985 269.99985 269.99985 269.99985 269.99985 269.83083 269.43377 268.7382 267.77047 266.42345 264.75442 262.54567 259.82068 256.52732 252.45416 247.73643
233.36607 234.24614 233.92413 232.56164 230.38956 227.33741 230.98085 235.56108 237.99443 239.50646 240.25532 239.77804 239.11513 237.18369 234.46214 230.92757 226.56506 220.89164 215.43307 210.19165 206.16146 203.49836 204.11429 208.14161 216.13551 228.14471 244.32332 258.69024 268.02486 269.99985 269.99985 269.99985 269.99985 269.99985 269.99985 269.99985 360.00006 269.99985 269.99985 269.99985 269.99985 269.99985 269.99985 269.99985 269.99985 269.99985 269.99985 269.99985 269.99985 269.88526 269.59935 269.07853 268.24488 267.17975 265.7061 263.95343 261.62836 258.88962 255.49313 251.35466
230.71041 231.91133 233.2595 233.26695 232.38632 230.71041 233.28586 238.57025 242.10253 244.62871 246.28627 246.5017 246.34586 245.31282 243.80594 241.38977 238.53072 234.86608 231.34009 227.29043 222.24095 217.56848 214.11469 213.99666 217.25507 226.12331 239.19878 253.4958 264.98704 269.99985 269.99985 269.99985 269.99985 269.99985 269.99985 269.99985 360.00006 269.99985 269.99985 269.99985 269.99985 269.99985 269.99985 269.99985 269.99985 269.99985 269.99985 269.99985 269.99985 269.94141 269.7678 269.30371 268.65283 267.79282 266.62284 265.08846 263.17306 260.86232 258.05712 254.63942
228.22435 230.96423 232.62409 233.67318 234.29312 233.44743 235.65389 242.52538 246.57103 249.44384 251.56493 252.6461 252.83804 252.78419 251.92418 250.49751 248.90755 247.62012 246.11897 243.81167 240.42205 236.17357 231.34009 227.32137 226.66018 229.8441 238.60978 250.66539 262.01053 269.0453 269.99985 269.99985 269.99985 269.99985 269.99985 269.99985 360.00006 269.99985 269.99985 269.99985 269.99985 269.99985 269.99985 269.99985 269.99985 269.99985 269.99985 269.99985 269.99985 269.99985 269.88182 269.5306 269.05905 268.27353 267.32299 266.1066 264.50404 262.56859 260.21488 257.41254
227.80265 229.20525 232.62409 235.00817 236.30993 237.17166 238.76104 246.44785 250.84415 253.91807 256.28267 257.60047 258.11155 258.41636 258.09379 257.83481 257.32774 257.32774 256.7015 255.79336 254.05443 251.69442 248.36897 244.79887 241.47686 240.77213 243.74119 251.05328 259.93928 267.18433 269.99985 269.99985 269.99985 269.99985 269.99985 269.99985 360.00006 269.99985 269.99985 269.99985 269.99985 269.99985 269.99985 269.99985 269.99985 269.99985 269.99985 269.99985 269.99985 269.99985 269.93969 269.70306 269.28995 268.74966 267.94408 266.899 265.63105 264.02275 262.06954 259.76224
229.76389 228.81392 232.62409 235.93923 238.29867 239.96655 242.7007 250.07467 254.89038 258.13561 260.06362 261.50575 262.20419 262.71813 262.725 262.94788 263.15701 263.56725 263.53574 263.05388 262.38524 261.45304 260.11862 257.87606 255.39859 253.4958 252.97957 255.65069 260.90987 266.63372 269.99985 269.99985 269.99985 269.99985 269.99985 269.99985 360.00006 269.99985 269.99985 269.99985 269.99985 269.99985 269.99985 269.99985 269.99985 269.99985 269.99985 269.99985 269.99985 269.99985 269.99985 269.81879 269.52143 269.10374 268.43224 267.60145 266.58502 265.27467 263.68242 261.8902
233.89262 229.72779 233.13002 237.06108 240.87583 243.77786 246.03761 253.87223 258.58424 261.42496 263.40339 264.52753 265.36462 265.68949 266.204 266.39136 267.06459 267.14938 267.16142 267.12589 267.01359 266.5558 265.95534 265.12856 263.66007 262.4603 261.2187 261.21469 263.46355 267.20725 269.99985 269.99985 269.99985 269.99985 269.99985 360.00006 629.99985 269.99985 269.99985 269.99985 269.99985 269.99985 269.99985 269.99985 269.99985 269.99985 269.99985 269.99985 269.99985 269.99985 269.99985 269.93854 269.69733 269.39882 268.85451 268.23113 267.38602 266.34782 265.14231 263.79815
238.94554 232.01676 233.7809 238.79943 243.75838 247.20358 250.51413 257.39993 261.64899 264.41752 265.99201 266.81993 267.43644 267.90798 268.29358 268.64137 268.93529 269.1788 269.19312 269.19026 269.16963 269.12838 268.83102 268.70955 268.2466 267.3058 266.56611 266.24125 266.6893 268.34744 269.99985 269.99985 269.99985 269.99985 269.99985 360.00006 269.99985 269.99985 269.99985 269.99985 269.99985 269.99985 269.99985 269.99985 269.99985 269.99985 269.99985 269.99985 269.99985 269.99985 269.99985 269.99985 269.87724 269.63717 269.21776 268.73075 268.10336 267.37169 266.45209 265.35889
243.66213 235.80458 234.61971 240.60368 246.4129 251.07563 254.16788 260.96029 264.48857 266.72941 267.94236 268.51589 268.94904 269.28079 269.55924 269.79817 269.81135 269.99985 269.99985 269.99985 269.99985 269.99985 269.99985 269.78786 269.76322 269.45669 269.06077 268.95821 268.83904 269.11176 269.99985 269.99985 269.99985 269.99985 269.99985 360.00006 269.99985 269.99985 269.99985 269.99985 269.99985 269.99985 269.99985 269.99985 269.99985 269.99985 269.99985 269.99985 269.99985 269.99985 269.99985 269.99985 269.93797 269.81765 269.57987 269.22349 268.79664 268.2254 267.48858 266.67956
248.47096 240.47877 236.50474 242.78378 248.47726 254.05443 257.56036 263.66007 266.60507 268.05179 269.02926 269.44351 269.75405 269.99985 269.99985 269.99985 269.99985 269.99985 269.99985 269.99985 269.99985 269.99985 269.99985 269.99985 269.99985 269.99985 269.99985 269.99985 269.99985 269.99985 269.99985 269.99985 269.99985 269.99985 360.00006 360.00006 269.99985 269.99985 269.99985 269.99985 269.99985 269.99985 269.99985 269.99985 269.99985 269.99985 269.99985 269.99985 269.99985 269.99985 269.99985 269.99985 269.99985 269.93912 269.82051 269.58503 269.28824 268.85909 268.344 267.72177
253.07238 245.79926 239.79695 244.79887 251.07563 257.12491 260.94196 265.64881 268.12227 269.25099 269.69217 269.99985 269.99985 269.99985 269.99985 269.99985 269.99985 269.99985 269.99985 269.99985 269.99985 269.99985 269.99985 269.99985 269.99985 269.99985 269.99985 269.99985 269.99985 269.99985 269.99985 269.99985 269.99985 269.99985 360.00006 269.99985 269.99985 269.99985 269.99985 269.99985 269.99985 269.99985 269.99985 269.99985 269.99985 269.99985 269.99985 269.99985 269.99985 269.99985 269.99985 269.99985 269.99985 269.99985 269.94026 269.82338 269.64805 269.34954 268.97827 268.51703
256.97079 249.91825 243.76812 247.01106 253.61039 259.33023 264.20725 267.56363 269.09057 269.99985 269.99985 269.99985 269.99985 269.99985 269.99985 269.99985 269.99985 269.99985 269.99985 269.99985 269.99985 269.99985 269.99985 269.99985 269.99985 269.99985 269.99985 269.99985 269.99985 269.99985 269.99985 269.99985 269.99985 269.99985 360.00006 269.99985 269.99985 269.99985 269.99985 269.99985 269.99985 269.99985 269.99985 269.99985 269.99985 269.99985 269.99985 269.99985 269.99985 269.99985 269.99985 269.99985 269.99985 269.99985 269.99985 269.94141 269.82567 269.64977 269.40798 269.09171
260.53745 254.44519 248.47726 249.14533 256.37319 262.4603 265.73189 268.80638 269.99985 269.99985 269.99985 269.99985 269.99985 269.99985 269.99985 269.99985 269.99985 269.99985 269.99985 269.99985 269.99985 269.99985 269.99985 269.99985 269.99985 269.99985 269.99985 269.99985 269.99985 269.99985 269.99985 269.99985 269.99985 269.99985 269.99985 269.99985 269.99985 269.99985 269.99985 269.99985 269.99985 269.99985 269.99985 269.99985 269.99985 269.99985 269.99985 269.99985 269.99985 269.99985 269.99985 269.99985 269.99985 269.99985 269.99985 269.99985 269.99985 269.88411 269.76666 269.52315
263.46813 258.25421 252.51203 252.42895 259.21564 264.72635 268.26436 269.99985 269.99985 269.99985 269.99985 269.99985 269.99985 269.99985 269.99985 269.99985 269.99985 269.99985 269.99985 269.99985 269.99985 269.99985 269.99985 269.99985 269.99985 269.99985 269.99985 269.99985 269.99985 269.99985 269.99985 269.99985 269.99985 269.99985 269.99985 269.99985 269.99985 269.99985 269.99985 269.99985 269.99985 269.99985 269.99985 269.99985 269.99985 269.99985 269.99985 269.99985 269.99985 269.99985 269.99985 269.99985 269.99985 269.99985 269.99985 269.99985 269.99985 269.99985 269.94198 269.82338
265.73189 261.71431 257.22862 255.2565 261.46908 266.30886 269.13182 269.99985 269.99985 269.99985 269.99985 269.99985 269.99985 269.99985 269.99985 269.99985 269.99985 269.99985 269.99985 269.99985 269.99985 269.99985 269.99985 269.99985 269.99985 269.99985 269.99985 269.99985 269.99985 269.99985 269.99985 269.99985 269.99985 269.99985 269.99985 269.99985 269.99985 269.99985 269.99985 269.99985 269.99985 269.99985 269.99985 269.99985 269.99985 269.99985 269.99985 269.99985 269.99985 269.99985 269.99985 269.99985 269.99985 269.99985 269.99985 269.99985 269.99985 269.99985 269.99985 269.94141
267.49259 264.55962 261.14192 258.48626 263.88467 268.05867 269.99985 269.99985 269.99985 269.99985 269.99985 269.99985 269.99985 269.99985 269.99985 269.99985 269.99985 269.99985 269.99985 269.99985 269.99985 269.99985 269.99985 269.99985 269.99985 269.99985 269.99985 269.99985 269.99985 269.99985 269.99985 269.99985 269.99985 269.99985 269.99985 269.99985 269.99985 269.99985 269.99985 269.99985 269.99985 269.99985 269.99985 269.99985 269.99985 269.99985 269.99985 269.99985 269.99985 269.99985 269.99985 269.99985 269.99985 269.99985 269.99985 269.99985 269.99985 269.99985 269.99985 269.99985
268.75481 266.79071 264.14422 262.47634 265.60125 268.95821 269.99985 269.99985 269.99985 269.99985 269.99985 269.99985 269.99985 269.99985 269.99985 269.99985 269.99985 269.99985 269.99985 269.99985 269.99985 269.99985 269.99985 269.99985 269.99985 269.99985 269.99985 269.99985 269.99985 269.99985 269.99985 269.99985 269.99985 269.99985 269.99985 269.99985 269.99985 269.99985 269.99985 269.99985 269.99985 269.99985 269.99985 269.99985 269.99985 269.99985 269.99985 269.99985 269.99985 269.99985 269.99985 269.99985 269.99985 269.99985 269.99985 269.99985 269.99985 269.99985 269.99985 269.99985
