data/aspect_horn_max.txt
ncols	401
nrows	401
xllcorner	0.0
yllcorner	0.0
cellsize	10.0
NODATA_value	-9999.0
[rows 260 to 285 of 401, columns 0 to 59 of 401]
-9999.0 269.99985 269.99985 269.99985 269.99985 269.99985 269.99985 269.99985 269.99985 269.99985 269.99985 269.99985 269.99985 269.99985 269.92823 269.6406 268.98743 267.87074 266.24583 264.04338 261.20552 257.79069 253.74332 249.07314 244.05976 239.05153 235.69973 233.54598 232.29636 231.24842 230.06641 228.86835 227.63191 226.29119 224.88171 223.32957 221.73274 219.95027 218.09274 216.07421 213.94681 211.61373 209.16777 206.56483 203.87995 201.12688 201.22371 205.80337 210.3876 214.52722 218.41589 221.68117 224.55857 226.83722 228.66094 230.0985 231.03299 231.61798 231.85347 231.68215
-9999.0 269.99985 269.99985 269.99985 269.99985 269.99985 269.99985 269.99985 269.99985 269.99985 269.99985 269.99985 269.99985 269.99985 269.91906 269.5157 268.70153 267.44961 265.54338 263.06821 259.71927 255.7206 251.06531 245.71217 240.03129 234.71825 231.54407 229.82233 228.51369 227.21652 225.9096 224.6405 223.21383 221.80035 220.31982 218.75164 217.1571 215.38952 213.61851 211.70999 209.64619 207.56636 205.38511 203.08926 200.72066 198.31423 200.0715 204.27758 208.33641 212.23825 215.70694 218.82842 221.51158 223.70486 225.52629 226.84467 227.81583 228.35097 228.49135 228.30743
-9999.0 269.8165 269.99985 269.99985 269.99985 269.99985 269.99985 269.99985 269.99985 269.99985 269.99985 269.99985 269.99985 269.99985 269.9076 269.35642 268.42937 266.81993 264.65014 261.64842 257.86346 253.18297 247.85159 241.7135 235.30496 230.12886 227.50758 225.94111 224.47778 223.02533 221.57518 220.10439 218.65997 217.17314 215.68345 214.12787 212.54135 210.9067 209.16777 207.42426 205.62575 203.68743 201.78579 199.76955 197.74815 195.60873 198.86886 202.63892 206.34768 209.85131 213.10571 216.01691 218.49667 220.59427 222.25642 223.58339 224.48294 224.99974 225.16533 224.91838
-9999.0 268.45802 269.19026 269.628 269.99985 269.99985 269.99985 269.99985 269.99985 269.99985 269.99985 269.99985 269.99985 269.99985 269.78556 269.14786 267.86329 265.99889 263.38047 259.8161 255.37911 249.94747 243.79964 236.98086 230.26637 225.69016 223.53469 221.83186 220.24763 218.68861 217.08605 215.58891 214.07115 212.52301 211.09177 209.60265 208.04879 206.49321 204.95424 203.3872 201.71245 200.099 198.38414 196.66068 194.8954 194.44505 197.81347 201.13147 204.4254 207.60303 210.55433 213.20025 215.5299 217.5066 219.04614 220.27513 221.13629 221.61929 221.71326 221.47548
-9999.0 265.99029 267.28518 268.18185 269.1576 269.60909 269.99985 269.99985 269.99985 269.99985 269.99985 269.99985 269.99985 269.99985 269.61883 268.74106 267.22559 264.89766 261.57794 257.42858 252.19461 245.92989 238.78855 231.39968 225.08569 221.49954 219.44263 217.55588 215.83758 214.16511 212.52015 210.88779 209.4468 207.94967 206.52873 205.13301 203.71493 202.29171 200.93265 199.54151 198.12459 196.67787 195.28787 193.80047 192.40761 193.71396 196.67156 199.66813 202.59881 205.4487 208.06483 210.51422 212.63818 214.41206 215.90175 217.0087 217.77589 218.17295 218.299 218.02284
-9999.0 261.54929 263.62627 265.47119 267.11157 268.29358 269.31803 269.78614 269.99985 269.99985 269.99985 269.99985 269.99985 269.99985 269.38392 268.17211 266.04415 263.25442 259.29528 254.11861 248.02577 240.76697 232.74613 225.39394 220.29003 217.38227 215.15175 213.1504 211.27912 209.56426 207.89237 206.36601 204.91872 203.45882 202.18857 200.90286 199.66412 198.36408 197.20499 196.03501 194.79799 193.62515 192.43741 191.22789 190.45383 192.92843 195.53138 198.18532 200.81978 203.34767 205.68304 207.83164 209.78141 211.41835 212.76595 213.75144 214.44643 214.85553 214.88704 214.62806
-9999.0 255.5997 257.98091 260.59475 263.40568 265.6723 267.39748 268.91409 269.74431 269.99985 269.99985 269.99985 269.99985 269.80332 268.84649 267.15626 264.53269 260.75403 255.96353 249.79335 242.45433 234.36016 226.16457 219.96058 215.8943 213.22432 210.86086 208.71743 206.79974 205.01669 203.46856 201.94965 200.55622 199.30946 198.08792 196.97466 195.85453 194.83466 193.78157 192.8041 191.82606 190.84057 189.91639 188.95898 189.94848 192.179 194.47427 196.76954 199.06309 201.27471 203.37345 205.29229 207.03981 208.50543 209.68458 210.61678 211.25277 211.553 211.58394 211.25449
-9999.0 250.53762 251.94767 254.60447 257.60047 260.72767 264.10641 266.48934 268.33483 269.68358 269.99985 269.99985 269.99985 269.49049 268.02486 265.63849 262.34227 257.62511 251.49159 243.94173 235.59144 227.12083 220.1084 215.19414 211.7054 208.88244 206.4531 204.29076 202.3977 200.61466 199.17539 197.76477 196.55468 195.40877 194.33218 193.39596 192.47522 191.60604 190.73458 189.95535 189.16868 188.43129 187.68472 187.57872 189.4523 191.40264 193.37362 195.41048 197.40094 199.34785 201.20251 202.85206 204.35607 205.67502 206.72697 207.57266 208.10837 208.34501 208.33469 208.03733
-9999.0 249.24159 250.05404 251.28819 253.38579 256.17782 259.89058 263.51683 266.60851 268.78117 269.99985 269.99985 269.99985 269.33006 267.08922 263.97463 259.41846 253.09759 245.3873 236.68923 228.19971 220.69912 215.07382 210.78065 207.4913 204.57437 202.01898 199.97295 198.15954 196.52603 195.14864 193.95116 192.87744 191.84439 191.03366 190.18454 189.43969 188.77105 188.11215 187.44752 186.90779 186.28785 185.82662 187.33063 188.90856 190.62629 192.35719 194.06231 195.83619 197.49147 199.07283 200.52012 201.85798 202.98155 203.90229 204.58239 205.07628 205.27911 205.19603 204.89351
-9999.0 250.40756 251.41711 253.20989 255.50001 257.83767 260.7758 263.71336 266.18567 268.12227 269.54148 269.99985 269.99985 269.1576 266.68242 262.27122 256.3497 248.76947 239.89894 230.77974 222.56353 216.06447 210.69986 206.56483 203.06463 200.15056 197.92405 195.86197 194.25024 192.81327 191.62037 190.59821 189.66143 188.85012 188.16085 187.48132 186.88946 186.30561 185.84381 185.37054 184.93968 184.49335 185.66161 186.95821 188.3843 189.82988 191.30983 192.82014 194.26686 195.70728 197.08467 198.34288 199.47218 200.40438 201.20882 201.78407 202.16165 202.31864 202.21321 201.91527
-9999.0 254.57812 255.37911 257.26013 259.1698 261.02733 263.49449 266.02066 267.51035 269.00348 269.99985 269.99985 269.99985 269.50596 267.01359 262.56859 255.2565 246.3705 236.6686 227.44226 218.86795 212.03543 206.45654 202.2665 198.71989 196.09689 194.03596 192.32797 190.96089 189.7445 188.71834 187.8652 187.15474 186.46318 185.87761 185.30236 184.8629 184.41714 184.07738 183.71699 183.49812 184.47215 185.51436 186.63277 187.81937 189.04149 190.3484 191.59229 192.82759 194.05888 195.21396 196.26419 197.1941 197.99853 198.66718 199.11523 199.40457 199.52146 199.40686 199.09002
-9999.0 259.32393 260.07393 261.39861 262.75537 264.58311 266.02066 267.46623 268.97712 269.99985 269.99985 269.99985 269.99985 269.99985 268.85451 264.7527 257.53515 247.77482 236.16497 224.99974 215.31103 207.86372 202.10149 197.86504 194.73382 192.51074 190.74374 189.35719 188.22674 187.30313 186.53594 185.8123 185.20152 184.67898 184.2315 183.78861 183.41275 183.0833 182.79281 183.01569 183.75538 184.56153 185.44045 186.39385 187.37819 188.34821 189.40188 190.45153 191.46051 192.47064 193.40914 194.26228 195.04551 195.70842 196.25502 196.64406 196.87783 196.887 196.78043 196.45785
-9999.0 262.98341 263.75805 264.51664 265.78116 266.63372 268.00768 268.97712 269.99985 269.99985 269.99985 269.99985 269.99985 269.99985 269.99985 267.24106 259.95074 249.11439 235.76276 222.19741 211.27798 203.43991 197.49548 193.56212 190.90875 189.31822 187.91562 186.79549 186.02773 185.29033 184.68414 184.18509 183.76111 183.33196 183.0346 182.71087 182.43414 182.5344 183.12512 183.71985 184.32547 184.95687 185.66848 186.42192 187.2149 187.95401 188.78308 189.56975 190.41315 191.17518 191.91258 192.5795 193.18913 193.72599 194.10872 194.42099 194.54818 194.59345 194.42786 194.13222
-9999.0 266.2951 266.60851 267.35737 267.70916 268.57949 269.50596 269.99985 269.99985 269.99985 269.99985 269.99985 269.99985 269.99985 269.99985 269.18167 262.98341 251.56493 235.14568 218.99114 206.8112 198.43513 193.31632 189.59324 187.7254 186.31994 185.44045 184.59075 184.04186 183.49468 183.04892 182.76874 182.45075 182.18547 182.09781 182.61462 183.07069 183.59781 184.13296 184.68529 185.24449 185.8312 186.38697 186.97826 187.55351 188.12418 188.69427 189.29015 189.823 190.38966 190.93225 191.38202 191.857 192.23 192.50215 192.70498 192.76514 192.74451 192.60757 192.39329
-9999.0 268.4414 268.37494 268.72674 269.11176 269.5306 269.99985 269.99985 269.99985 269.99985 269.99985 269.99985 269.99985 360.00006 269.99985 269.99985 265.51531 254.21945 233.80668 214.6951 201.55718 193.57072 188.80199 186.08445 184.72425 183.76168 183.20763 182.7676 182.30064 182.04109 181.82795 182.2061 182.59857 183.0048 183.42077 183.85393 184.36042 184.81707 185.29033 185.78995 186.30676 186.79836 187.27678 187.74259 188.21184 188.68339 189.15436 189.55887 189.97942 190.33064 190.67212 190.96032 191.19867 191.429 191.57396 191.65589 191.68397 191.61407 191.46853 191.25081
-9999.0 269.63029 269.61024 269.58789 269.99985 269.99985 269.99985 269.99985 269.99985 269.99985 269.99985 269.99985 269.99985 360.00006 269.99985 269.99985 268.53136 256.75937 232.81546 209.74474 196.1645 188.82949 185.26741 183.16237 182.30064 181.90931 182.32642 182.61634 182.94923 183.31076 183.58292 183.99086 184.31917 184.74373 185.1087 185.50118 185.84323 186.2741 186.67689 187.0516 187.4183 187.8165 188.21757 188.56708 188.92346 189.28958 189.6322 189.94905 190.20402 190.48992 190.71338 190.89157 191.01246 191.13278 191.14768 191.16258 191.07033 190.95803 190.73973 190.49451
-9999.0 269.99985 269.99985 269.99985 269.99985 269.99985 269.99985 269.99985 269.99985 269.99985 269.99985 269.99985 269.99985 360.00006 269.99985 269.99985 269.99985 260.13409 230.19418 202.989 190.73916 186.96852 185.84438 185.8822 185.5453 185.68796 185.72979 185.69427 185.92058 186.06726 186.26722 186.41619 186.70439 186.94331 187.14385 187.39251 187.68014 187.88869 188.14653 188.45478 188.7063 188.95955 189.22369 189.45459 189.70211 189.93072 190.12953 190.32434 190.49451 190.62457 190.73515 190.80161 190.85891 190.86464 190.81192 190.7065 190.54493 190.35184 190.08828 189.74794
-9999.0 269.99985 269.99985 269.99985 269.99985 269.99985 269.99985 269.99985 269.99985 269.99985 269.99985 269.99985 269.99985 629.99985 269.99985 269.99985 269.99985 268.15263 252.7584 228.23982 209.358 199.32321 195.47122 193.58275 192.30276 191.50062 190.79359 190.36616 190.14557 189.88774 189.66945 189.68148 189.56861 189.55944 189.64023 189.63908 189.71471 189.8018 189.89863 189.95936 190.09458 190.19485 190.27392 190.38163 190.47102 190.55295 190.66353 190.72484 190.73171 190.77812 190.78041 190.72999 190.66983 190.55581 190.42976 190.24584 190.04416 189.76227 189.40875 189.05466
-9999.0 269.99985 269.99985 269.99985 269.99985 269.99985 269.99985 269.99985 269.99985 269.99985 269.99985 269.99985 269.99985 269.99985 360.00006 269.99985 269.99985 269.99985 264.70973 250.55996 232.76504 217.14678 209.74474 205.15936 201.91814 199.65381 198.02947 196.49166 195.58237 194.82664 194.2405 193.79933 193.60681 193.3381 193.15532 192.92614 192.72904 192.49298 192.29932 192.12744 191.9544 191.75731 191.56938 191.41582 191.3379 191.25482 191.18435 191.11559 191.03882 190.91907 190.79073 190.66869 190.48362 190.29283 190.04187 189.77143 189.47006 189.13373 188.76475 188.33503
-9999.0 269.99985 269.99985 269.99985 269.99985 269.99985 269.99985 269.99985 269.99985 269.99985 269.99985 269.99985 269.99985 269.99985 360.00006 269.99985 269.99985 269.99985 268.65225 261.6742 249.20607 235.49175 226.00528 219.01921 214.03906 210.06846 206.95902 204.47468 202.49511 201.1097 200.34537 199.64579 199.10091 198.61733 198.0988 197.57913 197.03539 196.49395 196.0373 195.52737 194.97045 194.49547 193.99642 193.45842 193.0562 192.66315 192.2976 191.94237 191.5476 191.21987 190.87839 190.56326 190.29684 189.96739 189.67174 189.29702 188.9395 188.54072 188.09381 187.59133
-9999.0 269.99985 269.99985 269.99985 269.99985 269.99985 269.99985 269.99985 269.99985 269.99985 269.99985 269.99985 269.99985 269.99985 360.00006 269.99985 269.99985 269.99985 269.99985 266.60507 259.07698 249.22784 240.20547 232.85328 226.88821 221.59122 217.26252 213.69013 211.13588 209.31674 208.13588 207.16643 206.31616 205.46761 204.62365 203.66967 202.80221 201.90095 201.0375 200.16432 199.27795 198.41507 197.58543 196.7598 195.98344 195.24547 194.5499 193.83485 193.15532 192.53997 191.89138 191.30008 190.80791 190.26876 189.75654 189.23171 188.72177 188.23763 187.69446 187.21146
-9999.0 269.99985 269.99985 269.99985 269.99985 269.99985 269.99985 269.99985 269.99985 269.99985 269.99985 269.99985 269.99985 269.99985 360.00006 269.99985 269.99985 269.99985 269.99985 268.55886 264.40091 257.43259 250.74045 244.09356 238.35768 232.66076 227.79635 223.68595 220.60115 218.85019 217.47624 216.16588 214.90709 213.63112 212.31961 211.10609 209.77683 208.49971 207.32629 206.1036 204.86371 203.68743 202.47964 201.30908 200.14025 199.01955 197.91832 196.85835 195.79036 194.8232 193.88756 193.02354 192.20765 191.38717 190.67212 189.91066 189.22827 188.56077 187.88984 187.27105
-9999.0 269.99985 269.99985 269.99985 269.99985 269.99985 269.99985 269.99985 269.99985 269.99985 269.99985 269.99985 269.99985 269.99985 360.00006 269.99985 269.99985 269.99985 269.99985 269.7191 267.09381 262.66542 257.55692 252.57277 247.48433 242.5036 237.52861 233.62333 230.75625 228.98123 227.39815 225.88439 224.34543 222.7887 221.21421 219.80531 218.40557 216.9388 215.40385 213.90957 212.3368 210.72335 209.18668 207.56063 206.01822 204.42196 202.84633 201.39388 199.86867 198.51534 197.17691 195.85854 194.68225 193.49337 192.41621 191.34879 190.38335 189.40531 188.5665 187.6979
-9999.0 269.99985 269.99985 269.99985 269.99985 269.99985 269.99985 269.99985 269.99985 269.99985 269.99985 269.99985 269.99985 269.99985 269.99985 360.00006 269.99985 269.99985 269.99985 269.99985 268.83102 265.91466 262.2059 258.4897 254.37243 249.95492 245.88119 242.49673 240.27365 238.65562 237.05649 235.51581 233.95622 232.45679 231.01294 229.71862 228.359 226.86358 225.24039 223.48656 221.65997 219.68556 217.77417 215.80033 213.75201 211.69394 209.62729 207.60016 205.59653 203.66222 201.81501 200.0205 198.31939 196.69907 195.0965 193.66296 192.31479 191.03882 189.8081 188.62609
-9999.0 269.99985 269.99985 269.99985 269.99985 269.99985 269.99985 269.99985 269.99985 269.99985 269.99985 269.99985 269.99985 269.99985 269.99985 269.99985 269.99985 269.99985 269.99985 269.99985 269.61138 267.73953 265.31134 262.57604 259.4007 255.96353 252.66387 250.00477 248.39934 246.98299 245.53684 244.22362 243.06224 242.05612 241.04715 239.99405 238.83897 237.50226 235.93694 234.25129 232.49575 230.47264 228.27993 226.07003 223.64928 221.11108 218.54767 215.93899 213.33203 210.79612 208.33412 205.85493 203.52242 201.20538 199.05163 197.08295 195.14864 193.37878 191.66563 190.05046
-9999.0 269.99985 269.99985 269.99985 269.99985 269.99985 269.99985 269.99985 269.99985 269.99985 269.99985 269.99985 269.99985 269.99985 269.99985 269.99985 269.99985 269.99985 269.99985 269.99985 269.99985 268.88315 267.2445 265.4202 263.01607 260.44692 257.90528 256.05749 254.88236 253.6992 252.66501 251.75401 251.08307 250.46886 249.7922 248.96829 248.04583 246.93944 245.71446 244.35311 242.72992 240.96063 239.04982 236.89148 234.53835 232.02994 229.39891 226.47855 223.5473 220.46249 217.26481 214.14563 210.964 207.84424 204.77491 201.94278 199.28998 196.80048 194.39348 192.1939
