data/aspect_4cell_min.txt
ncols	401
nrows	401
xllcorner	0.0
yllcorner	0.0
cellsize	10.0
NODATA_value	-9999.0
[rows 234 to 259 of 401, columns 300 to 359 of 401]
180.00021 180.00021 180.00021 180.00021 180.00021 180.00021 180.00021 180.00021 180.00021 180.00021 180.00021 180.00021 180.00021 180.00021 180.00021 180.00021 180.00021 180.00021 180.00021 180.00021 180.00021 180.00021 -89.99985 -89.99985 -89.99985 -89.99985 -89.99985 -89.99985 -89.99985 180.62932 184.0281 192.75769 213.69013 238.8149 255.71888 256.84245 254.30997 252.74121 252.2903 251.43372 249.77501 246.03761 241.30154 236.97628 233.2595 230.15579 225.79043 221.23369 215.2629 210.01862 205.55986 201.62478 198.32226 195.41679 193.1135 191.10241 189.29588 187.85317 186.53537 185.31439
180.00021 180.00021 180.00021 180.00021 180.00021 180.00021 180.00021 180.00021 180.00021 180.00021 180.00021 180.00021 180.00021 180.00021 180.00021 180.00021 180.00021 180.00021 180.00021 180.00021 180.00021 180.00021 180.00021 -89.99985 -89.99985 -89.99985 -89.99985 -89.99985 -89.99985 181.77122 187.39939 199.33467 220.36452 242.52538 257.12491 261.68967 260.53745 258.87874 258.11155 256.36116 254.11001 249.35274 244.75934 240.60368 236.86455 232.7553 227.63019 221.41188 215.42161 209.88855 205.21265 201.16756 197.78024 194.80659 192.45631 190.3759 188.71146 187.07051 185.86673 184.75232
180.00021 180.00021 180.00021 180.00021 180.00021 180.00021 180.00021 180.00021 180.00021 180.00021 180.00021 180.00021 180.00021 180.00021 180.00021 180.00021 180.00021 180.00021 180.00021 180.00021 180.00021 180.00021 180.00021 180.00021 -89.99985 -89.99985 -89.99985 -89.99985 180.89517 183.81382 190.91105 204.71761 224.99974 244.88539 255.65069 259.992 263.11805 263.46813 262.27122 261.06916 257.21315 252.78419 248.26756 244.3978 240.67931 235.24423 229.20525 222.19741 215.75392 209.77568 204.91986 200.8066 197.23478 194.39979 191.97102 189.82243 188.10699 186.54625 185.30408 184.13811
180.00021 180.00021 180.00021 180.00021 180.00021 180.00021 180.00021 180.00021 180.00021 180.00021 180.00021 180.00021 180.00021 180.00021 180.00021 180.00021 180.00021 180.00021 180.00021 180.00021 180.00021 180.00021 180.00021 180.00021 180.00021 -89.99985 -89.99985 180.35602 182.09036 186.06153 194.33562 209.47603 228.74288 245.83364 254.79183 258.31036 261.31954 263.70304 264.0938 263.31286 259.83443 256.05692 252.15565 248.4681 243.74578 238.02938 230.79922 223.08377 216.29995 210.37099 205.24072 200.69086 197.21301 194.03596 191.45879 189.43282 187.61769 186.15664 184.844 183.78288
180.00021 180.00021 180.00021 180.00021 180.00021 180.00021 180.00021 180.00021 180.00021 180.00021 180.00021 180.00021 180.00021 180.00021 180.00021 180.00021 180.00021 180.00021 180.00021 180.00021 180.00021 180.00021 180.00021 180.00021 180.00021 180.00021 180.28955 180.99372 183.50328 188.85184 198.08333 213.34063 231.73601 246.94861 253.47918 256.6866 259.90261 261.39574 260.59933 259.79604 258.98645 258.61632 256.05406 252.60256 247.03054 240.54982 232.59487 224.77171 217.60572 211.06197 205.48652 200.8765 197.1878 193.82568 191.34993 188.98247 187.28709 185.74641 184.51856 183.38639
180.00021 180.00021 180.00021 180.00021 180.00021 180.00021 180.00021 180.00021 180.00021 180.00021 180.00021 180.00021 180.00021 180.00021 180.00021 180.00021 180.00021 180.00021 180.00021 180.00021 180.00021 180.00021 180.00021 180.00021 180.00021 180.00021 180.5428 182.1786 185.06344 191.14309 201.43112 216.43059 233.45488 246.4255 252.08346 255.50631 258.34589 258.20265 257.08538 255.87701 255.09149 253.95589 253.26662 252.58193 250.0168 242.95624 234.91994 226.72091 219.33606 212.47145 206.43419 201.44774 197.30869 193.92079 191.26628 188.9395 186.8992 185.45878 184.15301 182.93547
180.00021 180.00021 180.00021 180.00021 180.00021 180.00021 180.00021 180.00021 180.00021 180.00021 180.00021 180.00021 180.00021 180.00021 180.00021 180.00021 180.00021 180.00021 180.00021 180.00021 180.00021 180.00021 180.00021 180.00021 180.00021 180.22825 181.02294 183.19617 186.74908 193.46529 204.1458 219.18766 235.00817 246.20491 250.64075 253.91521 255.88332 254.42227 253.26834 251.77865 250.59778 249.52348 248.45091 247.8218 243.89188 238.55363 232.91401 226.53412 220.67907 214.1697 207.57782 202.24931 197.99109 194.3551 191.213 188.92403 186.93128 185.1362 183.93815 182.81229
180.00021 180.00021 180.00021 180.00021 180.00021 180.00021 180.00021 180.00021 180.00021 180.00021 180.00021 180.00021 180.00021 180.00021 180.00021 180.00021 180.00021 180.00021 180.00021 180.00021 180.00021 180.00021 180.00021 180.00021 180.00021 180.6488 181.68471 184.0854 188.48457 195.35032 206.56483 221.06524 235.85271 245.37642 249.5974 252.5361 252.55271 250.76909 248.96256 247.42932 246.00495 244.57771 243.57733 241.46483 236.22055 230.52764 224.3099 218.40958 212.8284 207.63339 202.86123 198.77776 195.34517 192.26495 189.72732 187.5071 185.68968 184.24411 183.1045 182.06572
180.00021 180.00021 180.00021 180.00021 180.00021 180.00021 180.00021 180.00021 180.00021 180.00021 180.00021 180.00021 180.00021 180.00021 180.00021 180.00021 180.00021 180.00021 180.00021 180.00021 180.00021 180.00021 180.00021 180.00021 180.18642 181.02294 182.49945 185.12475 189.94046 197.49204 208.37537 222.29939 236.5139 244.86706 248.58154 250.46313 248.96256 246.99502 245.1627 243.16881 241.43733 240.1075 238.93465 234.18884 228.56354 222.92506 217.04251 211.68077 206.56483 202.13128 198.13031 194.75502 191.98878 189.46261 187.44007 185.78479 184.46699 183.2655 182.32356 181.61366
180.00021 180.00021 180.00021 180.00021 180.00021 180.00021 180.00021 180.00021 180.00021 180.00021 180.00021 180.00021 180.00021 180.00021 180.00021 180.00021 180.00021 180.00021 180.00021 180.00021 180.00021 180.00021 180.00021 180.00021 180.53192 181.35927 183.22768 186.2867 191.25654 199.01553 209.86965 223.54386 236.67376 244.33822 247.64934 247.843 245.64685 243.31148 241.0798 239.22571 237.38079 235.5479 232.85958 227.29043 221.78889 216.29594 210.964 206.13511 201.84423 198.09193 194.73325 191.95899 189.64424 187.73342 186.02658 184.64403 183.53823 182.5218 181.72711 181.12034
180.00021 180.00021 180.00021 180.00021 180.00021 180.00021 180.00021 180.00021 180.00021 180.00021 180.00021 180.00021 180.00021 180.00021 180.00021 180.00021 180.00021 180.00021 180.00021 180.00021 180.00021 180.00021 180.00021 180.1572 180.67802 181.84743 183.882 187.29396 192.61216 200.32302 211.38569 224.33626 236.88862 243.66957 246.03761 244.81262 242.16957 239.74367 237.31146 235.0288 233.33456 231.30056 226.75701 221.18614 215.86966 210.88493 206.17178 201.80126 198.30965 194.94352 192.31766 189.93014 187.99469 186.23972 184.94484 183.76798 182.82203 181.94827 181.38792 180.86079
180.00021 180.00021 180.00021 180.00021 180.00021 180.00021 180.00021 180.00021 180.00021 180.00021 180.00021 180.00021 180.00021 180.00021 180.00021 180.00021 180.00021 180.00021 180.00021 180.00021 180.00021 180.00021 180.00021 180.30159 180.97367 182.29777 184.66695 188.22158 193.80334 201.70328 212.2755 224.79749 236.83877 243.11323 244.18581 241.6012 238.99481 236.30993 233.84908 231.41458 229.34735 226.62752 221.16494 215.94644 210.92733 206.4743 202.26535 198.55029 195.33084 192.65284 190.40169 188.37857 186.71012 185.327 184.0854 183.07069 182.37111 181.60736 181.11691 180.65453
180.00021 180.00021 180.00021 180.00021 180.00021 180.00021 180.00021 180.00021 180.00021 180.00021 180.00021 180.00021 180.00021 180.00021 180.00021 180.00021 180.00021 180.00021 180.00021 180.00021 180.00021 180.00021 180.13658 180.43623 181.40453 182.87932 185.39633 189.0581 194.91659 203.00275 213.17848 225.18653 236.58782 242.24119 241.91403 238.76391 235.93407 233.13002 230.36549 227.96365 225.92392 221.56314 216.25412 211.43898 206.81807 202.79878 199.1857 195.94563 193.30143 190.97235 188.88048 187.12494 185.80886 184.48934 183.51302 182.62264 182.00786 181.43719 180.89975 180.58635
180.00021 180.00021 180.00021 180.00021 180.00021 180.00021 180.00021 180.00021 180.00021 180.00021 180.00021 180.00021 180.00021 180.00021 180.00021 180.00021 180.00021 180.00021 180.00021 180.00021 180.00021 180.00021 180.13085 180.7038 181.65835 183.27065 185.90626 190.04187 195.76744 203.84385 213.96343 225.51942 236.24576 240.78072 239.10998 236.13174 233.00225 229.92432 227.34944 224.85479 222.04615 217.06256 212.14314 207.67579 203.61982 199.90133 196.67042 193.9672 191.52125 189.48324 187.77066 186.23858 185.0749 184.01779 183.0558 182.35736 181.71565 181.20285 180.81324 180.53077
180.00021 180.00021 180.00021 180.00021 180.00021 180.00021 180.00021 180.00021 180.00021 180.00021 180.00021 180.00021 180.00021 180.00021 180.00021 180.00021 180.00021 180.00021 180.00021 180.00021 180.00021 180.00021 180.25289 180.82069 181.90415 183.80351 186.5686 190.82854 196.7386 204.68209 214.65155 225.6512 235.8275 239.24577 236.65027 233.33284 230.1174 227.23485 224.31277 221.90233 217.85897 213.2014 208.6779 204.62938 200.92864 197.61924 194.75731 192.36235 190.21834 188.40608 186.89461 185.6278 184.49048 183.54052 182.77046 182.14078 181.55751 181.09513 180.74105 180.48436
180.00021 180.00021 180.00021 180.00021 180.00021 180.00021 180.00021 180.00021 180.00021 180.00021 180.00021 180.00021 180.00021 180.00021 180.00021 180.00021 180.00021 180.00021 180.00021 180.00021 180.00021 180.00021 180.36862 181.06362 182.28517 184.16218 187.20802 191.56021 197.49548 205.42693 215.20732 225.76808 235.17547 237.72456 234.25874 230.85938 227.54769 224.47434 221.64851 218.87998 214.29976 209.82496 205.74091 202.07169 198.7388 195.76744 193.20574 191.06059 189.24603 187.61539 186.2529 185.12589 184.09228 183.23284 182.52982 181.96087 181.42802 181.00633 180.68089 180.4454
180.00021 180.00021 180.00021 180.00021 180.00021 180.00021 180.00021 180.00021 180.00021 180.00021 180.00021 180.00021 180.00021 180.00021 180.00021 180.00021 180.00021 180.00021 180.00021 180.00021 180.00021 180.00021 180.4815 181.29624 182.52638 184.67612 187.85317 192.31766 198.25407 206.29267 215.65881 226.02018 234.53032 235.31699 231.71767 228.2444 224.87312 221.77915 219.06046 215.72757 211.25907 207.03064 203.16146 199.82398 196.92768 194.20842 192.03233 190.08771 188.4416 186.97139 185.73781 184.69847 183.84189 183.05923 182.41179 181.88639 181.39364 181.00231 180.70037 180.41217
180.00021 180.00021 180.00021 180.00021 180.00021 180.00021 180.00021 180.00021 180.00021 180.00021 180.00021 180.00021 180.00021 180.00021 180.00021 180.00021 180.00021 180.00021 180.00021 180.00021 180.00021 180.11079 180.47462 181.40338 182.91084 185.06 188.3568 192.90379 199.08028 206.82781 216.02722 225.97549 233.54369 233.13002 229.30151 225.74058 222.46842 219.35955 216.54804 212.71667 208.44814 204.53484 201.10282 198.04781 195.40705 193.03557 190.94772 189.27067 187.77754 186.42765 185.3843 184.42975 183.56172 182.91485 182.31381 181.82508 181.36557 181.0006 180.7187 180.44884
180.00021 180.00021 180.00021 180.00021 180.00021 180.00021 180.00021 180.00021 180.00021 180.00021 180.00021 180.00021 180.00021 180.00021 180.00021 180.00021 180.00021 180.00021 180.00021 180.00021 180.00021 180.11022 180.58807 181.64403 183.15721 185.59343 188.89022 193.54207 199.81252 207.50161 216.48273 226.20754 232.36454 230.73562 226.94952 223.34332 219.93079 216.96401 213.94109 209.95788 206.08068 202.44297 199.27279 196.53635 194.11388 191.96128 190.1513 188.60203 187.22063 186.06898 185.09495 184.20859 183.47234 182.79281 182.2336 181.77581 181.34552 181.00174 180.73589 180.48207
180.00021 180.00021 180.00021 180.00021 180.00021 180.00021 180.00021 180.00021 180.00021 180.00021 180.00021 180.00021 180.00021 180.00021 180.00021 180.00021 180.00021 180.00021 180.00021 180.00021 180.00021 180.11022 180.7061 181.77008 183.55943 186.03231 189.46261 194.28118 200.57684 208.31349 216.98292 226.30208 231.17336 228.38077 224.53049 220.89794 217.61604 214.64754 211.52378 207.58928 203.89828 200.62612 197.79571 195.29245 193.06938 191.16258 189.47693 188.04626 186.84591 185.76417 184.85546 184.09571 183.40243 182.76359 182.23188 181.79987 181.45151 181.06419 180.81209 180.56916
180.00021 180.00021 180.00021 180.00021 180.00021 180.00021 180.00021 180.00021 180.00021 180.00021 180.00021 180.00021 180.00021 180.00021 180.00021 180.00021 180.00021 180.00021 180.00021 180.00021 180.00021 180.11137 180.71182 182.0365 183.85049 186.48667 190.10833 195.05009 201.34174 209.0188 217.56848 226.52095 229.6619 225.94283 222.03526 218.51443 215.34655 212.53734 209.15918 205.48537 202.06768 199.11007 196.49681 194.15685 192.17327 190.40799 188.91142 187.65779 186.5325 185.58827 184.72883 184.00977 183.35488 182.80942 182.30006 181.88582 181.49506 181.18165 180.88199 180.64651
180.00021 180.00021 180.00021 180.00021 180.00021 180.00021 180.00021 180.00021 180.00021 180.00021 180.00021 180.00021 180.00021 180.00021 180.00021 180.00021 180.00021 180.00021 180.00021 180.00021 180.00021 180.2271 180.8459 182.20266 184.18509 187.01436 190.81364 195.78405 202.22696 209.7224 218.06581 226.25108 227.62446 223.50146 219.66493 216.14869 213.01175 210.18707 207.08221 203.59461 200.51611 197.72867 195.2724 193.17079 191.4141 189.83331 188.44446 187.34037 186.27639 185.38143 184.632 183.94961 183.38467 182.85927 182.37168 181.9729 181.5959 181.29223 181.00117 180.71985
180.00021 180.00021 180.00021 180.00021 180.00021 180.00021 180.00021 180.00021 180.00021 180.00021 180.00021 180.00021 180.00021 180.00021 180.00021 180.00021 180.00021 180.00021 180.00021 180.00021 180.00021 180.23283 180.992 182.51836 184.57413 187.59477 191.46739 196.66698 203.01306 210.52969 218.77169 225.8735 225.2358 221.03545 217.08376 213.69013 210.72565 208.09577 205.02414 201.86543 199.05049 196.51515 194.3127 192.43168 190.78041 189.37036 188.12991 187.00863 186.13487 185.28403 184.56382 183.97253 183.42535 182.91943 182.50404 182.115 181.74716 181.45151 181.11232 180.79032
180.00021 180.00021 180.00021 180.00021 180.00021 180.00021 180.00021 180.00021 180.00021 180.00021 180.00021 180.00021 180.00021 180.00021 180.00021 180.00021 180.00021 180.00021 180.00021 180.00021 180.00021 180.242 181.15587 182.74583 185.00786 188.10814 192.24375 197.50808 204.01688 211.42981 219.4157 224.75223 222.42946 218.41359 214.56274 211.32897 208.49226 206.05375 203.22964 200.32302 197.68169 195.3996 193.41774 191.7298 190.23266 188.90913 187.80103 186.8757 185.96757 185.27486 184.58617 184.00977 183.53708 183.04491 182.63696 182.25709 181.89899 181.6022 181.22004 180.95419
180.00021 180.00021 180.00021 180.00021 180.00021 180.00021 180.00021 180.00021 180.00021 180.00021 180.00021 180.00021 180.00021 180.00021 180.00021 180.00021 180.00021 180.00021 180.00021 180.00021 180.00021 180.37951 181.34494 183.16408 185.49831 188.72177 193.09573 198.49071 205.10436 212.3729 220.17315 223.27915 219.65863 215.62787 212.0211 208.92026 206.27262 203.97506 201.54629 198.90725 196.5077 194.4439 192.65284 191.05085 189.71872 188.60031 187.60393 186.71757 185.90855 185.23876 184.68471 184.12665 183.66256 183.23055 182.8312 182.45419 182.14708 181.74888 181.42287 181.11347
180.00021 180.00021 180.00021 180.00021 180.00021 180.00021 180.00021 180.00021 180.00021 180.00021 180.00021 180.00021 180.00021 180.00021 180.00021 180.00021 180.00021 180.00021 180.00021 180.00021 180.00021 180.53535 181.56324 183.49124 186.07586 189.43453 193.99356 199.64178 206.15001 213.48387 220.5026 221.08816 216.77207 212.88226 209.53046 206.50467 204.11772 202.15821 199.98326 197.58257 195.46721 193.53118 191.91029 190.55581 189.35031 188.28232 187.39595 186.59954 185.88449 185.29205 184.74946 184.2527 183.84991 183.42535 183.08043 182.70744 182.33902 181.9454 181.62225 181.31458
