data/aspect_4cell_modal.txt
ncols	401
nrows	401
xllcorner	0.0
yllcorner	0.0
cellsize	10.0
NODATA_value	-9999.0
[rows 338 to 363 of 401, columns 120 to 179 of 401]
214.17714 212.00563 210.73539 209.01651 207.807 206.56483 205.30604 204.38014 203.29152 202.36848 201.3131 200.29037 199.28139 198.22142 197.16202 195.90323 194.82664 193.58504 192.34745 191.07033 189.76857 188.53728 187.26933 185.92803 184.74258 183.59208 182.57909 181.69216 180.92382 180.40357 180.00021 180.00021 180.43967 181.21889 182.54472 184.51397 187.03785 190.61941 194.98191 200.2451 206.47086 213.33146 220.57766 227.99689 234.72341 241.00188 246.3917 250.96333 254.81647 258.02389 260.53745 262.64766 264.41122 265.7634 266.89213 267.82662 268.47234 268.97941 269.35642 269.73801
202.27051 201.47696 200.95557 200.24166 199.57302 198.85912 198.35778 197.87191 197.40266 196.69907 196.21091 195.51534 194.94123 194.14367 193.45727 192.73305 191.86846 190.96605 190.04302 189.07128 188.19637 187.15359 186.15206 185.1024 184.18223 183.17382 182.39517 181.61366 180.937 180.35888 180.12282 180.00021 180.26205 180.81839 181.71393 183.30503 185.39518 188.10642 191.65933 196.2831 201.58009 207.76804 214.74896 222.1298 229.33016 236.02689 242.12316 247.50896 252.06742 255.80138 258.78363 261.43929 263.38448 264.99907 266.37131 267.39117 268.22712 268.91123 269.31287 269.72139
194.03596 194.12534 193.72255 193.61827 193.47561 193.36044 193.21606 193.05276 192.78061 192.51074 192.27812 191.963 191.57854 191.10643 190.72655 190.16677 189.55657 189.0243 188.35967 187.63659 186.86768 186.15893 185.28632 184.54549 183.73991 182.9435 182.24964 181.5535 180.94788 180.4305 180.11079 180.00021 180.11824 180.4941 181.16675 182.31783 183.90033 186.15378 189.0581 192.68034 197.3763 202.86237 209.15517 216.10572 223.329 230.74078 237.40142 243.52404 248.72994 253.23109 256.88828 259.8287 262.29987 264.25881 265.77486 267.03422 267.94408 268.68491 269.26532 269.70248
188.58369 188.79397 188.91486 189.21738 189.20478 189.36234 189.46261 189.37838 189.48839 189.41391 189.34974 189.18702 189.06154 188.85184 188.56937 188.23533 187.83942 187.50882 187.01665 186.48724 185.90626 185.2783 184.68013 184.02696 183.38811 182.75671 182.13505 181.5048 180.9582 180.58864 180.20189 180.00021 180.00021 180.22596 180.71182 181.50079 182.78937 184.52887 186.82471 189.80982 193.57072 198.25751 203.98251 210.31655 217.47624 224.68863 231.9904 238.92606 244.82065 249.932 254.44519 257.90528 260.8543 263.23093 265.05866 266.45381 267.61405 268.42192 269.20859 269.52143
185.19465 185.41466 185.80657 185.86157 186.29702 186.45859 186.57547 186.82471 186.91524 187.1089 187.15531 187.11062 187.07051 187.04702 186.95076 186.78919 186.55714 186.27983 185.94866 185.56363 185.13277 184.65148 184.19942 183.68605 183.18929 182.61404 182.04567 181.55751 181.05904 180.63276 180.27924 180.0959 180.00021 180.10449 180.4391 180.92611 181.84342 183.15091 184.93911 187.44465 190.5392 194.33733 199.28081 204.91815 211.40918 218.62444 226.13592 233.45087 240.22724 246.2582 251.3008 255.62377 259.14345 261.79108 264.03822 265.7634 267.22444 268.28499 268.97368 269.48361
182.66275 183.08788 183.41676 183.67287 184.03555 184.33693 184.5919 184.79759 185.1024 185.25939 185.39747 185.53097 185.65072 185.59572 185.63697 185.52467 185.42784 185.27773 185.07604 184.81707 184.50767 184.14671 183.80866 183.41217 182.95553 182.50289 182.05656 181.60678 181.14727 180.75594 180.43279 180.17897 180.00021 180.00021 180.20476 180.54051 181.14785 182.20724 183.56 185.41352 187.89041 190.98037 195.14291 200.06806 205.89561 212.68058 220.13877 227.74249 235.16688 241.84356 247.77023 252.83174 257.0533 260.26644 262.99888 265.13945 266.57757 267.93434 268.69809 269.44007
181.4263 181.70361 181.92191 182.2697 182.55217 182.78192 183.11252 183.39613 183.63506 183.85049 184.04873 184.22577 184.39881 184.56325 184.55007 184.64002 184.577 184.53059 184.42803 184.27218 184.06477 183.80408 183.4901 183.19617 182.84036 182.49602 182.08005 181.66007 181.30885 180.94674 180.56973 180.33711 180.08787 180.00021 180.00021 180.20361 180.6488 181.38849 182.36022 183.76913 185.71031 188.33331 191.61865 195.70842 200.75217 206.76765 213.8242 221.59122 229.22989 236.81299 243.54925 249.53093 254.28419 258.41923 261.52408 264.18261 266.00404 267.52811 268.57318 269.1874
180.4305 180.77657 180.87856 181.12321 181.4687 181.76034 182.00499 182.33731 182.62264 182.87761 183.1045 183.31248 183.51072 183.61328 183.71756 183.81897 183.85908 183.90205 183.81897 183.75308 183.62875 183.45572 183.30159 183.02371 182.759 182.43242 182.11041 181.78784 181.38677 181.04815 180.77084 180.4792 180.24945 180.08673 180.00021 180.09647 180.30789 180.76855 181.53517 182.55618 184.03613 185.9372 188.55562 191.88851 196.30888 201.55202 207.87174 215.142 222.86433 230.9883 238.65046 245.53341 251.14037 255.90108 259.71755 262.75537 265.08101 266.80733 268.20305 269.11176
180.00021 180.17955 180.32737 180.59838 180.68719 181.01607 181.17879 181.54204 181.75461 182.03822 182.29777 182.53097 182.74984 182.87417 183.07356 183.19216 183.31592 183.37035 183.36634 183.37436 183.33139 183.23456 183.08903 182.88849 182.70113 182.45763 182.15109 181.84514 181.53688 181.21717 180.95992 180.61098 180.39784 180.16637 180.00021 180.00021 180.09819 180.31477 180.78917 181.58788 182.66275 184.0854 186.10966 188.75959 192.35719 196.69907 202.20806 208.9512 216.23865 224.57232 232.88307 240.67587 247.35713 253.04832 257.80673 261.2949 264.21126 266.16905 267.75901 268.77086
180.00021 180.00021 180.00021 180.14173 180.26091 180.48321 180.67401 180.84074 181.08482 181.39479 181.58616 181.84227 182.07948 182.30293 182.51206 182.71603 182.84495 182.90969 183.04434 183.06095 183.08387 182.99277 182.91599 182.84953 182.66905 182.49773 182.2697 181.97921 181.75232 181.45094 181.13868 180.88486 180.61385 180.32107 180.16866 180.00021 180.00021 180.10105 180.32622 180.82355 181.53803 182.66618 184.18509 186.18873 189.05237 192.52908 197.06748 202.8469 210.00143 217.76329 226.18863 234.9801 242.67091 249.5613 255.10982 259.47461 262.87512 265.40301 267.20725 268.36348
180.17726 180.16179 180.00021 180.00021 180.00021 180.11652 180.32565 180.50785 180.66828 180.9009 181.11003 181.38161 181.632 181.79013 182.01187 182.22386 182.4307 182.56649 182.70801 182.78937 182.81573 182.85297 182.8375 182.77619 182.6616 182.49487 182.33616 182.11844 181.90014 181.6807 181.38562 181.14727 180.82069 180.54567 180.32737 180.17324 180.00021 180.00021 180.10564 180.34227 180.86824 181.49678 182.6977 184.16848 186.33999 189.04893 192.88832 197.67309 203.74931 211.02072 219.39049 228.20945 237.05649 244.96045 251.68124 257.16445 261.15052 264.1276 266.54148 268.17211
180.68604 180.31419 180.14345 180.00021 180.00021 180.00021 180.10621 180.19903 180.37378 180.52962 180.75365 180.95762 181.22061 181.39193 181.62225 181.84342 182.05713 182.26454 182.40721 182.55446 182.64441 182.74067 182.72921 182.72634 182.67421 182.57222 182.47883 182.331 182.1213 181.9116 181.62856 181.40568 181.09628 180.84017 180.56114 180.33826 180.17955 180.00021 180.00021 180.11137 180.36347 180.79548 181.46125 182.59514 184.17593 186.15893 189.08102 193.07396 198.05411 204.58468 212.32592 221.22452 230.4692 239.55631 247.80461 254.27903 258.99619 262.92096 265.71069 267.59973
181.34781 180.92382 180.56572 180.26091 180.12111 180.00021 180.00021 180.00021 180.09246 180.26263 180.41503 180.63333 180.83272 181.09055 181.33062 181.55923 181.77753 181.99067 182.20037 182.34762 182.50003 182.59686 182.70343 182.70056 182.70916 182.66848 182.63868 182.492 182.35163 182.14995 181.94483 181.73341 181.44292 181.20457 180.94846 180.66713 180.44196 180.18871 180.10105 180.00021 180.00021 180.25976 180.71641 181.43203 182.48971 184.01435 186.16409 189.16238 193.30945 198.54342 205.51402 213.81102 223.32499 233.32539 242.56033 250.50668 256.73358 261.31954 264.65702 266.86348
182.34418 181.68929 181.12894 180.65281 180.36289 180.22538 180.00021 180.00021 180.00021 180.08787 180.25002 180.3967 180.60697 180.80178 181.05331 181.29109 181.51798 181.73742 181.95113 182.16485 182.38085 182.53956 182.64327 182.70056 182.76645 182.78708 182.75557 182.73494 182.59972 182.46679 182.27199 182.07031 181.86404 181.57012 181.33406 181.07623 180.78975 180.46717 180.30044 180.10793 180.00021 180.00021 180.14116 180.62588 181.22634 182.17229 183.81382 185.91485 188.92632 193.20116 199.06481 206.56483 215.53792 226.16915 236.30993 245.92474 253.25 258.78936 263.34552 265.94617
183.37665 182.63754 181.85659 181.31973 180.85678 180.45629 180.21335 180.09991 180.00021 180.00021 180.08444 180.24143 180.38524 180.59093 180.78287 181.03154 181.26874 181.56209 181.78211 182.06343 182.28058 182.43929 182.60832 182.78078 182.84724 182.92631 182.95438 182.93719 182.86557 182.80083 182.67879 182.48971 182.29663 182.02161 181.80446 181.48761 181.22634 180.93299 180.59895 180.4305 180.11652 180.00021 180.00021 180.15548 180.51931 180.97424 181.99009 183.56057 185.88621 188.95497 193.35528 199.6223 208.00925 217.71573 229.11816 239.9316 249.36993 256.10906 261.55273 265.27982
184.8354 183.81382 182.78192 182.03077 181.38161 180.937 180.54796 180.30789 180.09647 180.00021 180.00021 180.08272 180.23627 180.37779 180.58234 180.84475 181.09227 181.3289 181.6234 181.91332 182.13505 182.36022 182.59113 182.76702 182.95438 183.09418 183.12111 183.1658 183.22253 183.16179 183.04491 182.93204 182.75041 182.56477 182.36939 182.07776 181.75976 181.49735 181.10144 180.86137 180.58348 180.2546 180.14001 180.00021 180.00021 180.38696 180.87798 181.75862 183.19617 185.44045 188.80657 193.80735 200.55622 209.74474 220.91455 232.52383 243.43523 252.6885 259.3394 263.8629
186.61615 185.26913 184.09629 183.09418 182.21756 181.581 181.02294 180.53363 180.30101 180.09475 180.00021 180.00021 180.08157 180.23455 180.37664 180.65453 180.91637 181.16503 181.47214 181.77122 182.0663 182.36194 182.59686 182.8375 183.026 183.22883 183.38124 183.49182 183.54739 183.55943 183.51187 183.40816 183.31019 183.13716 182.9624 182.69426 182.4009 182.0789 181.81821 181.41026 181.05675 180.7674 180.42019 180.15491 180.00021 180.00021 180.21851 180.75079 181.44636 183.03059 185.19465 189.07128 194.31098 201.4254 211.5043 224.38381 237.05077 248.03952 256.15948 261.87015
188.63239 187.10374 185.59915 184.44407 183.30159 182.43414 181.67439 181.00919 180.63333 180.29815 180.09418 180.00021 180.00021 180.08157 180.23627 180.45514 180.73474 180.99888 181.3226 181.63658 182.00957 182.31439 182.62035 182.93376 183.19044 183.39728 183.61729 183.79205 183.91752 183.99716 184.02524 183.99774 183.90893 183.82986 183.67287 183.43166 183.16981 182.88162 182.56534 182.20266 181.90129 181.42229 181.1318 180.62474 180.34628 180.19444 180.00021 180.00021 180.57603 181.34781 182.78307 185.23762 189.18071 194.70804 203.1987 214.75583 228.71538 241.55708 252.18086 260.0957
191.38775 189.40188 187.67326 185.99278 184.69044 183.41447 182.42325 181.67038 181.00919 180.63448 180.29987 180.09475 180.00021 180.00021 180.1658 180.31992 180.54108 180.9009 181.16905 181.57355 181.89498 182.2823 182.6679 182.99162 183.32279 183.59724 183.89117 184.13983 184.33464 184.49163 184.59419 184.64575 184.64804 184.5833 184.4435 184.31115 184.0791 183.83387 183.55656 183.14231 182.78364 182.36424 182.00957 181.42401 181.05102 180.58864 180.22137 180.00021 180.00021 180.33711 181.19368 182.36653 185.14251 189.11769 195.70842 205.64122 219.03525 233.13002 247.75075 256.75937
194.60319 192.31479 190.12495 188.17804 186.33999 184.87379 183.57661 182.57336 181.69158 181.02294 180.53765 180.20361 180.09704 180.00021 180.08845 180.17038 180.41159 180.71698 181.08539 181.43776 181.85488 182.26168 182.6679 183.07642 183.48781 183.84247 184.14671 184.47043 184.74545 184.97291 185.16027 185.2932 185.38315 185.40492 185.37456 185.25996 185.1511 184.9477 184.62112 184.37245 183.96221 183.49239 183.07413 182.58081 181.96259 181.59132 180.89517 180.509 180.29242 180.00021 180.00021 180.94674 182.2909 184.93911 189.60528 196.69907 208.92656 223.91915 240.06853 253.30099
198.72562 195.85682 193.30945 190.83656 188.6937 186.78518 185.12646 183.66428 182.63868 181.7357 180.93528 180.55312 180.20991 180.00021 180.00021 180.09188 180.26549 180.59838 180.91351 181.29452 181.74028 182.25308 182.6828 183.18815 183.61844 184.0642 184.526 184.85832 185.21527 185.53269 185.7974 186.02601 186.20191 186.33082 186.39958 186.30905 186.23113 186.16753 185.88735 185.69885 185.35565 184.96947 184.51397 183.95648 183.4626 182.84208 182.28173 181.54834 180.886 180.34284 180.00021 180.00021 180.57317 182.1213 184.39881 190.00807 198.88605 212.73501 230.19418 246.57103
203.65821 200.3637 197.18379 194.33562 191.57281 189.16811 187.02181 185.30752 183.79491 182.60259 181.67726 180.85163 180.46087 180.10965 180.00021 180.00021 180.19215 180.46431 180.80923 181.22462 181.70705 182.17344 182.71431 183.24716 183.78746 184.3312 184.81707 185.31841 185.77505 186.1767 186.54339 186.85966 187.13583 187.361 187.45153 187.57529 187.53346 187.50137 187.38163 187.24641 186.86367 186.56001 186.20363 185.59285 185.05886 184.36672 183.73647 182.90167 182.10984 181.38849 180.81267 180.4815 180.00021 180.00021 181.76263 184.48475 190.17537 201.44774 218.65997 239.42052
209.6101 205.98614 202.20806 198.65228 195.44372 192.3761 189.61673 187.38621 185.41695 183.84476 182.4519 181.49334 180.76912 180.36519 180.11538 180.00021 180.10564 180.30502 180.68891 181.04872 181.57814 182.17802 182.76015 183.3354 183.99315 184.65607 185.24908 185.77906 186.33999 186.92956 187.38908 187.82223 188.1958 188.44103 188.74641 188.88679 188.98362 189.09019 189.02888 188.95955 188.76704 188.42154 188.17517 187.70993 187.12494 186.62246 185.75844 185.14537 184.30427 183.19961 182.07489 181.4687 180.58463 180.00021 180.00021 181.12321 184.39881 192.09478 206.56483 229.08551
216.81046 212.66683 208.50257 204.38014 200.35683 196.41545 193.15475 190.251 187.68128 185.43185 183.77027 182.45648 181.44636 180.68375 180.25919 180.00021 180.00021 180.22596 180.54452 180.94788 181.53173 182.09151 182.72634 183.44483 184.15988 184.96546 185.68281 186.32968 187.0092 187.62571 188.29148 188.8272 189.33255 189.77888 190.09917 190.37304 190.59878 190.77296 190.86636 190.86521 190.86406 190.61941 190.33465 189.99775 189.56001 189.0644 188.37284 187.50309 186.65454 185.45763 184.65836 183.48322 182.38601 180.725 180.00021 180.00021 181.50766 186.11539 194.03596 214.6951
224.77686 220.63495 216.09311 211.45674 206.56483 201.89809 197.73555 193.98038 190.63316 187.90187 185.48514 183.70839 182.15797 181.24869 180.44196 180.14001 180.00021 180.12683 180.36576 180.82183 181.36385 182.09666 182.80312 183.58922 184.46241 185.23132 186.1045 186.88716 187.70134 188.56077 189.26036 189.90608 190.54149 191.11846 191.65933 192.07873 192.43798 192.75998 192.91525 193.08886 193.20632 193.03042 193.03328 192.67117 192.4397 191.88851 191.2107 190.58446 189.78232 188.60432 187.39423 186.11539 184.86462 182.97386 181.81821 180.00021 180.00021 182.04567 185.71031 201.0375
233.85194 229.61091 224.77171 219.84599 214.46076 209.22793 204.02032 199.20117 194.83352 191.21701 188.005 185.58712 183.47978 181.99353 181.02008 180.32107 180.00021 180.00021 180.27695 180.66312 181.27848 181.98322 182.76645 183.6425 184.60164 185.55275 186.61157 187.56555 188.53614 189.44427 190.39424 191.17804 191.9355 192.65513 193.34268 193.88756 194.40666 194.90571 195.21854 195.60243 195.77431 195.85395 195.82187 195.78463 195.53539 195.17271 194.73038 194.17805 193.39253 192.28099 191.13622 189.88774 188.12991 186.75366 184.68586 182.33731 181.54834 180.00021 180.00021 188.74641
