data/aspect_horn_max.txt
ncols	401
nrows	401
xllcorner	0.0
yllcorner	0.0
cellsize	10.0
NODATA_value	-9999.0
[rows 312 to 337 of 401, columns 60 to 119 of 401]
260.7483 259.32565 257.56495 255.55272 253.05061 251.24694 249.98357 251.36554 254.46696 257.99295 261.50289 264.51607 266.7655 268.21623 269.13583 269.66123 269.92021 269.99985 269.99985 269.99985 269.99985 269.99985 269.99985 269.99985 269.99985 269.99985 269.99985 269.99985 269.99985 269.99985 269.99985 269.99985 269.99985 269.99985 269.99985 269.99985 269.99985 269.99985 269.99985 269.99985 269.99985 269.99985 360.00006 360.00006 360.00006 269.99985 269.99985 269.99985 258.69024 252.6461 248.19881 246.80136 244.91633 244.57313 244.35884 244.98337 245.19078 245.34433 245.46236 246.54124
256.47518 255.19004 253.47517 251.38961 249.02501 247.34796 246.46905 248.81645 252.70053 256.89058 260.90701 264.35793 266.71508 268.23858 269.16906 269.69962 269.95974 269.99985 269.99985 269.99985 269.99985 269.99985 269.99985 269.99985 269.99985 269.99985 269.99985 269.99985 269.99985 269.99985 269.99985 269.99985 269.99985 269.99985 269.99985 269.99985 269.99985 269.99985 269.99985 269.99985 269.99985 360.00006 360.00006 269.99985 269.99985 269.99985 269.99985 255.96353 245.22458 242.35406 243.43523 244.98337 246.21809 247.93238 248.96256 249.21179 248.9935 248.6142 247.76508 247.42589
251.35695 250.26203 248.68754 246.75552 244.64303 243.33898 242.87431 246.02787 250.79946 255.7905 260.38275 264.09151 266.63372 268.19732 269.19714 269.73629 269.9586 269.99985 269.99985 269.99985 269.99985 269.99985 269.99985 269.99985 269.99985 269.99985 269.99985 269.99985 269.99985 269.99985 269.99985 269.99985 269.99985 269.99985 269.99985 269.99985 269.99985 269.99985 269.99985 360.00006 360.00006 360.00006 269.99985 269.99985 269.99985 269.99985 251.56493 239.03606 234.78243 238.73641 242.87889 247.67111 250.3961 252.50401 254.05443 254.45379 254.74485 254.27216 253.89859 253.27636
245.3025 244.49177 243.32293 241.70719 239.89435 239.05554 239.20222 243.21522 248.83307 254.53343 259.78287 263.82795 266.46413 268.19159 269.17135 269.72769 269.95745 269.99985 269.99985 269.99985 269.99985 269.99985 269.99985 269.99985 269.99985 269.99985 269.99985 269.99985 269.99985 269.99985 269.99985 269.99985 269.99985 269.99985 269.99985 269.99985 269.99985 269.99985 360.00006 360.00006 269.99985 269.99985 269.99985 269.99985 269.99985 248.19881 233.13002 229.39891 233.13002 240.42205 247.06779 251.81073 255.22556 257.15242 258.13217 258.82603 259.10334 258.95265 258.78535 258.34073
238.48774 238.21272 237.35902 236.13632 234.97838 234.62257 235.63384 240.33095 246.72688 253.20015 259.07584 263.49964 266.3163 268.11654 269.1874 269.76379 269.99985 269.99985 269.99985 269.99985 269.99985 269.99985 269.99985 269.99985 269.99985 269.99985 269.99985 269.99985 269.99985 269.99985 269.99985 269.99985 269.99985 269.99985 269.99985 269.99985 360.00006 360.00006 360.00006 269.99985 269.99985 269.99985 269.99985 269.99985 254.05443 224.99974 217.56848 226.54788 236.72533 245.92474 252.09549 256.57831 259.47232 260.67038 261.87015 262.40529 262.5577 262.64766 262.4603 262.2781
231.05877 231.40656 231.19342 230.47493 229.89395 230.11855 231.80419 237.37334 244.50265 251.77062 258.33271 263.08196 266.12608 268.01913 269.14672 269.75176 269.99985 269.99985 269.99985 269.99985 269.99985 269.99985 269.99985 269.99985 269.99985 269.99985 269.99985 269.99985 269.99985 269.99985 269.99985 269.99985 269.99985 269.99985 269.99985 360.00006 360.00006 269.99985 269.99985 269.99985 269.99985 269.99985 269.99985 259.6952 213.69013 208.30089 218.29041 229.76389 242.30078 251.27444 257.10601 260.70647 262.6213 263.92019 264.54586 265.03001 265.14461 265.21966 265.26665 265.11023
223.49802 224.49096 224.80551 224.72071 224.7316 225.43061 227.92469 234.11206 242.06415 250.1864 257.41426 262.56859 265.81668 267.89939 269.094 269.73743 269.99985 269.99985 269.99985 269.99985 269.99985 269.99985 269.99985 269.99985 269.99985 269.99985 269.99985 269.99985 269.99985 269.99985 269.99985 269.99985 269.99985 360.00006 360.00006 269.99985 269.99985 269.99985 269.99985 269.99985 269.99985 269.99985 266.63372 224.99974 202.62001 207.7583 221.00909 237.09488 248.96256 256.67572 261.25365 263.61309 265.17898 265.97597 266.56153 266.97578 267.1087 267.20725 267.27372 267.1597
216.11603 217.53353 218.5299 218.84732 219.62425 220.84523 223.79195 230.64452 239.40333 248.33689 256.30616 261.85812 265.43796 267.74927 269.03098 269.71853 269.99985 269.99985 269.99985 269.99985 269.99985 269.99985 269.99985 269.99985 269.99985 269.99985 269.99985 269.99985 269.99985 269.99985 269.99985 269.99985 360.00006 360.00006 269.99985 269.99985 269.99985 269.99985 269.99985 269.99985 269.99985 267.61405 243.43523 194.03596 199.28998 210.964 228.36644 244.48604 254.962 261.02733 264.15568 265.71069 267.06459 267.52123 268.06955 268.29301 268.46547 268.59897 268.56459 268.66142
209.4703 211.03734 212.46056 213.31713 214.52206 216.20599 219.64431 226.92087 236.24289 246.15392 254.95054 261.08348 264.97157 267.48858 268.95134 269.69561 269.99985 269.99985 269.99985 269.99985 269.99985 269.99985 269.99985 269.99985 269.99985 269.99985 269.99985 269.99985 269.99985 269.99985 360.00006 360.00006 360.00006 269.99985 269.99985 269.99985 269.99985 269.99985 269.99985 269.99985 268.26436 251.56493 202.62001 191.30983 201.0375 218.92754 238.57025 252.7584 260.64689 264.14422 266.21088 267.55045 268.21795 268.69293 269.04817 269.15244 269.38736 269.43835 269.48018 269.51341
203.55565 205.18629 206.8112 208.19145 209.81006 211.70139 215.56771 222.98064 232.89682 243.54639 253.25802 260.02064 264.40262 267.17288 268.78117 269.66753 269.99985 269.99985 269.99985 269.99985 269.99985 269.99985 269.99985 269.99985 269.99985 269.99985 269.99985 269.99985 269.99985 360.00006 360.00006 269.99985 269.99985 269.99985 269.99985 269.99985 269.99985 269.99985 269.99985 269.99985 259.6952 216.02722 186.00882 192.99489 209.05433 230.59926 249.44384 259.28668 264.01932 266.70592 268.04721 268.66142 269.32319 269.41543 269.65665 269.8463 269.86062 269.87151 269.88067 269.88812
198.30392 200.12364 201.77605 203.32189 205.25791 207.45578 211.37882 218.80893 229.0368 240.50857 251.17532 258.58309 263.5959 266.69503 268.57204 269.55924 269.99985 269.99985 269.99985 269.99985 269.99985 269.99985 269.99985 269.99985 269.99985 269.99985 269.99985 269.99985 360.00006 360.00006 269.99985 269.99985 269.99985 269.99985 269.99985 269.99985 269.99985 269.99985 269.99985 262.14689 232.43158 192.52908 188.74641 199.02585 220.03048 243.43523 256.60753 263.18165 266.33808 268.23227 269.145 269.52429 269.7976 269.82395 269.99985 269.99985 269.99985 269.99985 269.99985 269.99985
193.8423 195.65227 197.33791 199.06939 201.05698 203.48231 207.12117 214.40518 224.78832 236.80726 248.47898 256.91349 262.48436 266.09514 268.31249 269.4246 269.9225 269.99985 269.99985 269.99985 269.99985 269.99985 269.99985 269.99985 269.99985 269.99985 269.99985 269.99985 360.00006 269.99985 269.99985 269.99985 269.99985 269.99985 269.99985 269.99985 269.99985 269.99985 265.36462 242.24119 201.25064 184.39881 191.30983 209.05433 235.40752 253.61039 262.07298 266.39136 268.43052 269.07108 269.74546 269.99985 269.99985 269.99985 269.99985 269.99985 269.99985 269.99985 269.99985 269.99985
190.0751 191.89539 193.5266 195.19677 197.20155 199.73689 203.1987 209.98653 219.90787 232.57138 245.16041 254.68411 261.06572 265.33769 267.78193 269.255 269.91276 269.99985 269.99985 269.99985 269.99985 269.99985 269.99985 269.99985 269.99985 269.99985 269.99985 269.99985 269.99985 269.99985 269.99985 269.99985 269.99985 269.99985 269.99985 269.99985 269.99985 266.18567 249.44384 212.90518 189.09019 185.71031 200.32302 226.33244 248.68181 260.53745 265.82929 268.23743 269.31402 269.72311 269.99985 269.99985 269.99985 269.99985 269.99985 269.99985 269.99985 269.99985 269.99985 269.99985
187.094 188.64958 190.14271 191.85471 193.8062 196.23211 199.31061 205.44985 214.96439 227.42336 240.86093 251.66577 259.22251 264.09838 267.20725 268.92899 269.79874 269.99985 269.99985 269.99985 269.99985 269.99985 269.99985 269.99985 269.99985 269.99985 269.99985 269.99985 269.99985 269.99985 269.99985 269.99985 269.99985 269.99985 269.99985 269.99985 266.76035 255.5298 223.15253 194.03596 183.94503 192.09478 214.28715 242.7007 258.27484 265.06095 267.97272 269.22578 269.99985 269.99985 269.99985 269.99985 269.99985 269.99985 269.99985 269.99985 269.99985 269.99985 269.99985 269.99985
184.70362 186.09362 187.42574 189.00711 190.82911 193.00521 195.73993 201.14178 209.61182 221.51903 235.54217 247.82123 256.65394 262.61385 266.32203 268.49584 269.64863 269.99985 269.99985 269.99985 269.99985 269.99985 269.99985 269.99985 269.99985 269.99985 269.99985 269.99985 269.99985 269.99985 269.99985 269.99985 269.99985 269.99985 269.99985 267.08922 257.47098 233.13002 201.37039 188.12991 186.11539 204.44374 235.17547 255.32354 264.03536 268.20993 269.55924 269.99985 269.99985 269.99985 269.99985 269.99985 269.99985 269.99985 269.99985 269.99985 269.99985 269.99985 269.99985 269.99985
182.82146 184.03326 185.19465 186.4712 188.12991 190.15016 192.51246 197.06576 204.47468 214.92256 229.10785 242.56377 253.07238 260.27217 264.95266 267.76302 269.30313 269.8675 269.99985 269.99985 269.99985 269.99985 269.99985 269.99985 269.99985 269.99985 269.99985 269.99985 269.99985 269.99985 269.99985 269.99985 269.99985 269.99985 268.18185 260.07393 239.74367 211.75926 192.52908 188.4267 195.25521 224.99974 251.56493 263.77409 267.87876 269.48361 269.99985 269.99985 269.99985 269.99985 269.99985 269.99985 269.99985 269.99985 269.99985 269.99985 269.99985 269.99985 269.99985 269.99985
182.99449 182.41122 183.40358 184.50022 185.84896 187.67269 189.77201 193.32893 199.35415 208.46762 221.48923 235.75072 248.02176 257.02178 262.87512 266.55924 268.81726 269.68014 269.99985 269.99985 269.99985 269.99985 269.99985 269.99985 269.99985 269.99985 269.99985 269.99985 269.99985 269.99985 269.99985 269.99985 269.99985 268.20993 260.96029 244.29009 218.65997 199.79877 193.49566 195.94563 216.25412 248.19881 262.23455 267.43644 269.39022 269.99985 269.99985 269.99985 269.99985 269.99985 269.99985 269.99985 269.99985 269.99985 269.99985 269.99985 269.99985 269.99985 269.99985 269.99985
183.85908 181.91332 182.01817 182.80255 183.95477 185.56134 187.28537 189.9565 194.76419 201.97429 213.31713 227.4543 241.25226 252.24503 259.84933 264.80541 267.69255 269.40512 269.99985 269.99985 269.99985 269.99985 269.99985 269.99985 269.99985 269.99985 269.99985 269.99985 269.99985 269.99985 269.99985 269.99985 268.20993 262.40529 248.19881 224.99974 207.55261 201.37039 205.34615 212.73501 244.65392 261.63409 267.91772 269.27506 269.99985 269.99985 269.99985 269.99985 269.99985 269.99985 269.99985 269.99985 269.99985 269.99985 269.99985 269.99985 269.99985 269.99985 269.99985 269.99985
184.7168 182.74353 181.26473 181.6171 182.58941 183.70152 185.16428 187.14786 190.74603 196.30831 204.91414 217.64755 232.03509 245.08421 255.1293 261.91083 265.99029 268.48609 269.75806 269.99985 269.99985 269.99985 269.99985 269.99985 269.99985 269.99985 269.99985 269.99985 269.99985 269.99985 269.99985 268.12227 262.23455 250.46313 232.69629 216.87005 210.964 216.87005 227.29043 240.25532 261.57279 267.39748 269.99985 269.99985 269.99985 269.99985 269.99985 269.99985 269.99985 269.99985 269.99985 269.99985 269.99985 269.99985 269.99985 269.99985 269.99985 269.99985 269.99985 269.99985
185.81058 183.82184 182.17287 180.95934 181.47271 182.221 183.44713 184.90473 187.41314 191.5986 197.7894 207.33947 220.81486 235.27861 247.75075 256.69462 262.96221 266.67268 269.0453 269.99985 269.99985 269.99985 269.99985 269.99985 269.99985 269.99985 269.99985 269.99985 269.99985 269.99985 267.95439 263.21087 252.12127 238.67109 226.63668 224.99974 232.59487 242.10253 251.56493 261.87015 268.40875 269.99985 269.99985 269.99985 269.99985 269.99985 269.99985 269.99985 269.99985 269.99985 269.99985 269.99985 269.99985 269.99985 269.99985 269.99985 269.99985 269.99985 269.99985 269.99985
187.15244 185.04224 183.35889 181.81591 180.75594 181.14555 182.14078 183.34342 184.83655 187.56154 191.94982 198.548 208.27224 221.91494 236.30993 248.38502 257.47098 263.21087 266.96432 269.1513 269.99985 269.99985 269.99985 269.99985 269.99985 269.99985 269.99985 269.99985 269.99985 267.66275 263.99124 255.06857 245.37642 238.2408 239.03606 246.80136 254.74485 260.13409 265.23628 268.02486 269.99985 269.99985 269.99985 269.99985 269.99985 269.99985 269.99985 269.99985 269.99985 269.99985 269.99985 269.99985 269.99985 269.99985 269.99985 269.99985 269.99985 269.99985 360.00006 360.00006
188.52525 186.55428 184.73112 183.14002 181.71221 180.68031 181.11576 181.84743 182.97673 184.67727 187.61482 191.7384 198.29647 207.97946 220.66761 234.84602 247.58402 256.27751 262.4878 266.95515 268.79377 269.99985 269.99985 269.99985 269.99985 269.99985 269.99985 269.99985 268.60298 265.10106 258.31036 252.89706 252.25535 254.35753 259.11422 261.57279 265.91466 268.09075 269.99985 269.99985 269.99985 269.99985 269.99985 269.99985 269.99985 269.99985 269.99985 269.99985 269.99985 269.99985 269.99985 269.99985 269.99985 269.99985 269.99985 269.99985 360.00006 360.00006 269.99985 269.99985
190.16391 188.23419 186.44369 184.69044 183.21565 181.76779 180.77657 180.86137 181.68471 182.98418 184.68586 187.03327 191.22274 197.22332 205.37766 216.7142 229.96958 243.01984 253.034 260.68986 265.38926 268.09075 269.99985 269.99985 269.99985 269.99985 269.99985 269.99985 268.15263 264.0938 261.87015 262.14689 264.28918 266.30886 266.42345 268.31535 269.99985 269.99985 269.99985 269.99985 269.99985 269.99985 269.99985 269.99985 269.99985 269.99985 269.99985 269.99985 269.99985 269.99985 269.99985 269.99985 269.99985 269.99985 360.00006 360.00006 269.99985 269.99985 269.99985 269.99985
191.99967 190.26017 188.51723 186.78919 185.16428 183.49583 182.24162 181.13639 180.76396 181.72711 182.63238 184.6045 186.84305 190.10489 195.37611 202.75122 213.11144 224.14489 236.68923 247.93238 256.67572 263.99124 268.45172 269.99985 269.99985 269.99985 269.99985 269.99985 268.15263 268.15263 268.26436 268.31535 269.99985 269.99985 269.99985 269.99985 269.99985 269.99985 269.99985 269.99985 269.99985 269.99985 269.99985 269.99985 269.99985 269.99985 269.99985 269.99985 269.99985 269.99985 269.99985 269.99985 360.00006 360.00006 269.99985 269.99985 269.99985 269.99985 269.99985 269.99985
194.06403 192.65284 190.98037 189.33484 187.59477 185.93892 184.28364 182.8862 181.62856 180.92382 181.76779 182.86214 184.3249 186.91123 189.80581 195.10109 201.59556 210.964 223.78106 236.30993 250.9066 259.50842 265.91466 269.99985 269.99985 269.99985 269.99985 269.99985 269.99985 269.99985 269.99985 269.99985 269.99985 269.99985 269.99985 269.99985 269.99985 269.99985 269.99985 269.99985 269.99985 269.99985 269.99985 269.99985 269.99985 269.99985 269.99985 269.99985 269.99985 269.99985 360.00006 360.00006 269.99985 269.99985 269.99985 269.99985 269.99985 269.99985 269.99985 269.99985
196.47504 195.16469 193.7237 192.18359 190.54321 189.00367 187.20859 185.58426 184.04472 182.64785 181.52772 181.77581 183.15091 185.02391 187.69618 191.49661 196.92768 205.20119 218.0469 233.13002 247.75075 260.53745 267.7974 269.99985 269.99985 269.99985 269.99985 269.99985 269.99985 269.99985 269.99985 269.99985 269.99985 269.99985 269.99985 269.99985 269.99985 269.99985 269.99985 269.99985 269.99985 269.99985 269.99985 269.99985 269.99985 269.99985 269.99985 269.99985 360.00006 360.00006 360.00006 269.99985 269.99985 269.99985 269.99985 269.99985 269.99985 269.99985 269.99985 269.99985
