data/aspect_sharpnack_max.txt
ncols	401
nrows	401
xllcorner	0.0
yllcorner	0.0
cellsize	10.0
NODATA_value	-9999.0
[rows 286 to 311 of 401, columns 180 to 239 of 401]
269.99985 269.99985 269.99985 269.99985 269.99985 269.99985 269.99985 269.99985 269.99985 269.99985 269.99985 269.99985 269.99985 269.99985 269.99985 269.99985 269.99985 269.99985 269.99985 269.99985 269.99985 269.99985 269.99985 269.99985 269.99985 269.99985 269.99985 269.99985 269.99985 269.99985 269.99985 269.99985 269.72426 269.67097 269.19885 268.51875 267.51035 266.02753 262.61385 258.40777 249.67704 247.52042 247.62012 247.69403 247.75075 247.79659 247.83383 248.70244 249.14533 250.0168 250.82123 251.32314 251.80099 252.03075 252.03075 252.03075 252.51203 253.00936 253.30099 254.38904
269.99985 269.99985 269.99985 269.99985 269.99985 269.99985 269.99985 269.99985 269.99985 269.99985 269.99985 269.99985 269.99985 269.99985 269.99985 269.99985 269.99985 269.99985 269.99985 269.99985 269.99985 269.99985 269.99985 269.99985 269.99985 269.99985 269.99985 269.99985 269.99985 269.99985 269.99985 269.99985 269.99985 269.99985 269.99985 269.49737 268.72674 267.51035 265.51531 262.30388 254.35753 251.56493 250.46313 249.62375 248.96256 247.75075 248.4045 248.00916 249.10236 249.22784 249.86382 249.64667 249.94403 251.02979 251.83422 254.74485 256.37319 258.02389 258.69024 259.38008
269.99985 269.99985 269.99985 269.99985 269.99985 269.99985 269.99985 269.99985 269.99985 269.99985 269.99985 269.99985 269.99985 269.99985 269.99985 269.99985 269.99985 269.99985 269.99985 269.99985 269.99985 269.99985 269.99985 269.99985 269.99985 269.99985 269.99985 269.99985 269.99985 269.99985 269.99985 269.99985 269.99985 269.99985 269.99985 269.99985 269.99985 269.11864 267.61405 264.80541 257.19596 253.73988 252.18086 250.46313 247.62012 247.16634 246.80136 247.10961 246.94861 247.21733 248.00916 249.32581 252.18086 255.50001 257.77465 260.83768 261.99506 263.85316 264.64441 265.53307
269.95287 269.95459 269.99985 269.99985 269.99985 269.99985 269.99985 269.99985 269.99985 269.99985 269.99985 269.99985 269.99985 269.99985 269.99985 269.99985 269.99985 269.99985 269.99985 269.99985 269.99985 269.99985 269.99985 269.99985 269.99985 269.99985 269.99985 269.99985 269.99985 269.99985 269.99985 269.99985 269.99985 269.99985 269.99985 269.99985 269.99985 269.99985 268.66772 266.18567 258.11155 256.60753 253.73988 248.96256 248.19881 247.01106 245.43256 245.89781 246.29716 247.28551 250.42704 255.14133 259.31533 261.87015 264.28918 265.46202 267.39748 267.47368 268.31535 269.1576
269.80619 269.86062 269.9099 269.95573 269.9563 269.99985 269.99985 269.99985 269.99985 269.99985 269.99985 269.99985 269.99985 269.99985 269.99985 269.99985 269.99985 269.99985 269.99985 269.99985 269.99985 269.99985 269.99985 269.99985 269.99985 269.99985 269.99985 269.99985 269.99985 269.99985 269.99985 269.99985 269.99985 269.99985 269.99985 269.99985 269.99985 269.99985 269.99985 267.70916 259.38008 257.47098 250.71008 247.75075 246.25075 244.29009 243.43523 244.88539 248.19881 254.24867 258.17858 262.87512 264.61061 267.08922 268.20993 269.1576 269.19312 269.99985 269.99985 269.99985
269.6492 269.71108 269.7191 269.77124 269.81937 269.86578 269.91047 269.95459 269.95459 269.99985 269.99985 269.99985 269.99985 269.99985 269.99985 269.99985 269.99985 269.99985 269.99985 269.99985 269.99985 269.99985 269.99985 269.99985 269.99985 269.99985 269.99985 269.99985 269.99985 269.99985 269.99985 269.99985 269.99985 269.99985 269.99985 269.99985 269.99985 269.99985 269.99985 267.13735 261.25365 254.05443 249.44384 246.03761 242.35406 242.44745 244.35884 250.34625 255.96353 261.02733 264.80541 267.75443 269.01207 269.99985 269.99985 269.99985 269.99985 269.99985 269.99985 269.99985
269.32376 269.39824 269.46356 269.522 269.57529 269.67154 269.71795 269.76322 269.85604 269.90187 269.95 269.99985 269.99985 269.99985 269.99985 269.99985 269.99985 269.99985 269.99985 269.99985 269.99985 269.99985 269.99985 269.99985 269.99985 269.99985 269.99985 269.99985 269.99985 269.99985 269.99985 269.99985 269.99985 269.99985 269.99985 269.99985 269.99985 269.99985 269.99985 269.99985 258.69024 254.74485 245.22458 241.92778 242.10253 244.65392 252.34988 259.50842 264.80541 267.20725 268.83102 269.99985 269.99985 269.99985 269.99985 269.99985 269.99985 269.99985 269.99985 269.99985
268.85852 268.95076 269.02926 269.09687 269.20573 269.30772 269.40512 269.44981 269.5432 269.63717 269.734 269.83541 269.8864 269.94083 269.99985 269.99985 269.99985 269.99985 269.99985 269.99985 269.99985 269.99985 269.99985 269.99985 269.99985 269.99985 269.99985 269.99985 269.99985 269.99985 269.99985 269.99985 269.99985 269.99985 269.99985 269.99985 269.99985 269.99985 269.99985 269.99985 254.05443 249.44384 239.03606 239.74367 243.43523 253.61039 262.23455 266.05504 268.4924 269.99985 269.99985 269.99985 269.99985 269.99985 269.99985 269.99985 269.99985 269.99985 269.99985 269.99985
268.29358 268.34744 268.43854 268.51646 268.63506 268.74221 268.84247 268.93701 269.0814 269.2275 269.3759 269.4733 269.63545 269.7466 269.8675 269.92995 269.99985 269.99985 269.99985 269.99985 269.99985 269.99985 269.99985 269.99985 269.99985 269.99985 269.99985 269.99985 269.99985 269.99985 269.99985 269.99985 269.99985 269.99985 269.99985 269.99985 269.99985 269.99985 269.99985 269.99985 248.19881 243.43523 237.99443 243.43523 257.00517 263.66007 267.7974 269.99985 269.99985 269.99985 269.99985 269.99985 269.99985 269.99985 269.99985 269.99985 269.99985 360.00006 360.00006 360.00006
267.55962 267.62609 267.67307 267.75672 267.82547 267.93491 268.03117 268.17784 268.37838 268.51761 268.71872 268.92842 269.14786 269.31574 269.49737 269.69733 269.83999 269.91448 269.99985 269.99985 269.99985 269.99985 269.99985 269.99985 269.99985 269.99985 269.99985 269.99985 269.99985 269.99985 269.99985 269.99985 360.00006 360.00006 269.99985 269.99985 269.99985 269.99985 269.99985 269.99985 243.43523 239.03606 243.43523 258.69024 266.18567 269.99985 269.99985 269.99985 269.99985 269.99985 269.99985 269.99985 269.99985 269.99985 269.99985 360.00006 360.00006 360.00006 360.00006 360.00006
266.6956 266.77639 266.76722 266.85317 266.85947 266.96203 266.9901 267.12532 267.3121 267.49946 267.75156 268.0157 268.29014 268.58464 268.82586 269.17307 269.38678 269.62628 269.79989 269.89213 269.99985 269.99985 269.99985 269.99985 269.99985 269.99985 269.99985 269.99985 269.99985 269.99985 269.99985 269.99985 269.99985 360.00006 360.00006 360.00006 269.99985 269.99985 269.99985 243.43523 251.56493 243.43523 261.87015 269.99985 269.99985 269.99985 269.99985 269.99985 269.99985 269.99985 269.99985 269.99985 269.99985 360.00006 360.00006 360.00006 360.00006 360.00006 360.00006 360.00006
265.61615 265.64079 265.63506 265.65912 265.64938 265.73762 265.73475 265.84877 265.94331 266.09801 266.32031 266.62914 267.0325 267.37857 267.76073 268.17612 268.54855 268.96566 269.33407 269.52028 269.7403 269.99985 269.99985 269.99985 269.99985 269.99985 269.99985 269.99985 269.99985 269.99985 269.99985 269.99985 269.99985 360.00006 360.00006 360.00006 360.00006 360.00006 269.99985 269.99985 243.43523 269.99985 269.99985 269.99985 269.99985 269.99985 269.99985 269.99985 269.99985 269.99985 269.99985 360.00006 360.00006 360.00006 360.00006 360.00006 360.00006 360.00006 269.99985 269.99985
264.34418 264.30981 264.22959 264.17631 264.14938 264.14766 264.17917 264.17631 264.28918 264.38715 264.55618 264.80541 265.15721 265.64308 266.17306 266.65148 267.19178 267.80198 268.25691 268.7869 269.12093 269.51856 269.82338 269.99985 269.99985 269.99985 269.99985 269.99985 269.99985 269.99985 269.99985 269.99985 269.99985 269.99985 360.00006 360.00006 360.00006 360.00006 360.00006 629.99985 629.99985 269.99985 269.99985 269.99985 269.99985 269.99985 269.99985 269.99985 360.00006 360.00006 360.00006 360.00006 360.00006 360.00006 360.00006 360.00006 360.00006 269.99985 269.99985 269.99985
262.82126 262.6362 262.54108 262.46144 262.32508 262.28039 262.18471 262.18299 262.14918 262.23111 262.297 262.45915 262.70896 263.21316 263.7781 264.41408 265.12512 265.8121 266.61711 267.2445 267.99622 268.53136 268.984 269.54721 269.74431 269.99985 269.99985 269.99985 269.99985 269.99985 269.99985 269.99985 269.99985 269.99985 269.99985 360.00006 360.00006 360.00006 629.99985 629.99985 629.99985 629.99985 360.00006 360.00006 360.00006 360.00006 360.00006 360.00006 360.00006 360.00006 360.00006 360.00006 360.00006 360.00006 360.00006 360.00006 269.99985 269.99985 269.99985 269.99985
261.43585 261.26511 261.16484 260.99696 260.83081 260.66178 260.57584 260.4326 260.29108 260.2653 260.38619 260.40968 260.58902 260.75632 261.08291 261.58253 262.17955 263.204 264.0663 264.93204 265.79205 266.83197 267.40836 268.15263 268.80008 269.31402 269.59935 269.99985 269.99985 269.99985 269.99985 269.99985 269.99985 269.99985 269.99985 269.99985 360.00006 360.00006 629.99985 629.99985 629.99985 360.00006 360.00006 360.00006 360.00006 360.00006 360.00006 360.00006 360.00006 360.00006 360.00006 360.00006 360.00006 360.00006 360.00006 269.99985 269.99985 269.99985 269.99985 269.99985
260.90701 260.74372 260.50136 260.3203 260.13409 260.08883 260.14096 260.12721 260.0407 259.97137 259.95418 259.99773 259.992 259.98512 260.06476 260.1805 260.34322 260.59074 261.09207 261.92516 262.79376 263.92764 265.10106 266.00175 266.83941 267.56363 268.56803 268.85451 269.30141 269.99985 269.99985 269.99985 269.99985 269.99985 269.99985 269.99985 269.99985 360.00006 629.99985 629.99985 629.99985 360.00006 360.00006 360.00006 360.00006 360.00006 360.00006 360.00006 360.00006 360.00006 360.00006 360.00006 360.00006 360.00006 269.99985 269.99985 269.99985 269.99985 269.99985 269.99985
261.1213 261.24276 261.44845 261.7292 261.87015 262.01454 262.13371 262.17554 262.07527 261.9899 261.76816 261.56935 261.17401 260.83768 260.59933 260.46984 260.53745 260.53745 260.56839 260.67668 260.92878 261.33558 262.00021 262.91866 263.88467 265.23628 266.03555 266.59362 267.47368 267.83865 268.60298 268.02486 267.13735 269.99985 269.99985 269.99985 269.99985 269.99985 629.99985 629.99985 629.99985 360.00006 360.00006 360.00006 360.00006 360.00006 360.00006 360.00006 360.00006 360.00006 360.00006 360.00006 360.00006 360.00006 269.99985 269.99985 269.99985 269.99985 269.99985 269.99985
263.39422 263.6297 263.82279 264.02963 264.18891 264.29605 264.38028 264.41179 264.32699 264.26569 264.07088 263.81019 263.48589 263.06248 262.68203 262.26492 261.97443 261.7991 261.65587 261.53325 261.51836 261.38428 261.30464 261.37282 261.74066 262.3331 263.36729 264.36939 264.98704 264.80541 266.53174 265.03001 266.18567 269.99985 269.99985 269.99985 269.99985 269.99985 269.99985 629.99985 360.00006 360.00006 360.00006 360.00006 360.00006 360.00006 360.00006 360.00006 360.00006 360.00006 360.00006 360.00006 360.00006 360.00006 269.99985 269.99985 269.99985 269.99985 269.99985 269.99985
265.51817 265.71699 265.88773 266.02467 266.18567 266.25328 266.28995 266.29339 266.19999 266.1364 265.96508 265.82356 265.55141 265.21107 264.78479 264.27657 263.84915 263.53517 263.17191 262.98054 262.56859 262.40529 262.35946 262.10449 262.01053 262.12626 262.50442 262.52848 262.87512 263.82967 263.66007 263.99124 265.23628 269.99985 269.99985 269.99985 269.99985 269.99985 269.99985 360.00006 360.00006 360.00006 360.00006 360.00006 360.00006 360.00006 360.00006 360.00006 360.00006 360.00006 360.00006 360.00006 360.00006 360.00006 269.99985 269.99985 269.99985 269.99985 269.99985 269.99985
267.23189 267.40034 267.54014 267.59744 267.69312 267.70916 267.76703 267.74698 267.70401 267.6427 267.48456 267.36482 267.12876 266.93166 266.5833 266.15416 265.76856 265.33941 265.01512 264.86156 264.43356 264.00614 263.81133 263.33864 263.32031 262.95419 262.67344 262.74678 263.21087 262.87512 265.03001 266.42345 264.28918 269.99985 269.99985 269.99985 269.99985 269.99985 269.99985 360.00006 360.00006 360.00006 360.00006 360.00006 360.00006 360.00006 360.00006 360.00006 360.00006 360.00006 360.00006 360.00006 360.00006 360.00006 360.00006 269.99985 269.99985 269.99985 269.99985 269.99985
268.49125 268.62074 268.68377 268.73419 268.77315 268.80179 268.82299 268.77601 268.77716 268.70554 268.68377 268.5772 268.44771 268.19618 267.98705 267.7275 267.27372 267.0262 266.75404 266.42345 266.26359 265.83559 265.62704 265.06611 264.89766 264.86386 264.20725 264.61061 264.28918 264.0938 264.55962 265.91466 269.99985 269.99985 269.99985 269.99985 269.99985 269.99985 360.00006 360.00006 360.00006 360.00006 360.00006 360.00006 360.00006 360.00006 360.00006 360.00006 360.00006 360.00006 360.00006 360.00006 360.00006 360.00006 360.00006 360.00006 269.99985 269.99985 269.99985 269.99985
269.35642 269.41371 269.41658 269.46299 269.50539 269.4945 269.5306 269.51054 269.48591 269.45439 269.41486 269.36673 269.22979 269.15015 269.04989 268.81784 268.52506 268.29415 268.02486 267.89308 267.74526 267.3121 267.07261 266.79816 266.51684 266.18567 265.91466 266.76035 267.06459 265.91466 267.13735 269.99985 269.99985 269.99985 269.99985 269.99985 269.99985 269.99985 360.00006 360.00006 360.00006 360.00006 360.00006 360.00006 360.00006 360.00006 360.00006 360.00006 360.00006 360.00006 360.00006 360.00006 360.00006 360.00006 360.00006 360.00006 360.00006 269.99985 269.99985 269.99985
269.81708 269.81937 269.86463 269.86406 269.90818 269.90588 269.90245 269.89844 269.89271 269.88583 269.87781 269.80103 269.78213 269.75863 269.63946 269.59248 269.41543 269.18568 269.05046 268.89118 268.69293 268.69809 268.41791 268.4414 268.04205 268.13258 268.36348 267.83865 268.53136 267.95439 269.99985 269.99985 269.99985 269.99985 269.99985 269.99985 269.99985 360.00006 360.00006 360.00006 360.00006 360.00006 360.00006 360.00006 360.00006 269.99985 269.99985 269.99985 269.99985 269.99985 360.00006 360.00006 360.00006 360.00006 360.00006 360.00006 360.00006 360.00006 269.99985 269.99985
269.99985 269.99985 269.99985 269.99985 269.99985 269.99985 269.99985 269.99985 269.99985 269.99985 269.99985 269.99985 269.99985 269.99985 269.99985 269.90302 269.8887 269.74087 269.69504 269.6429 269.57701 269.49278 269.38392 269.2361 269.03728 269.38392 269.19312 268.91925 269.99985 269.99985 269.99985 269.99985 269.99985 269.99985 269.99985 269.99985 269.99985 360.00006 360.00006 360.00006 360.00006 360.00006 360.00006 269.99985 269.99985 269.99985 269.99985 269.99985 269.99985 269.99985 269.99985 269.99985 360.00006 360.00006 360.00006 360.00006 360.00006 360.00006 360.00006 269.99985
269.99985 269.99985 269.99985 269.99985 269.99985 269.99985 269.99985 269.99985 269.99985 269.99985 269.99985 269.99985 269.99985 269.99985 269.99985 269.99985 269.99985 269.99985 269.99985 269.99985 269.99985 269.99985 269.99985 269.99985 269.99985 269.99985 269.99985 269.99985 269.99985 269.99985 269.99985 269.99985 269.99985 269.99985 269.99985 269.99985 360.00006 360.00006 360.00006 360.00006 360.00006 360.00006 269.99985 269.99985 269.99985 269.99985 269.99985 269.99985 269.99985 269.99985 269.99985 269.99985 269.99985 269.99985 360.00006 360.00006 360.00006 360.00006 629.99985 629.99985
269.99985 269.99985 269.99985 269.99985 269.99985 269.99985 269.99985 269.99985 269.99985 269.99985 269.99985 269.99985 269.99985 269.99985 269.99985 269.99985 269.99985 269.99985 269.99985 269.99985 269.99985 269.99985 269.99985 269.99985 269.99985 269.99985 269.99985 269.99985 269.99985 269.99985 269.99985 269.99985 269.99985 269.99985 269.99985 360.00006 360.00006 360.00006 360.00006 360.00006 269.99985 269.99985 269.99985 269.99985 269.99985 269.99985 269.99985 269.99985 269.99985 269.99985 269.99985 269.99985 269.99985 269.99985 269.99985 269.99985 629.99985 629.99985 629.99985 629.99985
