data/aspect_horn_min.txt
ncols	401
nrows	401
xllcorner	0.0
yllcorner	0.0
cellsize	10.0
NODATA_value	-9999.0
[rows 260 to 285 of 401, columns 60 to 119 of 401]
180.77485 181.28937 181.92019 182.72061 183.72329 184.73743 185.77391 186.88831 188.10012 189.42537 190.82739 191.97904 192.89635 193.32434 192.7405 191.35566 189.95249 188.50978 186.96222 185.51951 184.12264 182.99506 182.03307 181.31744 180.7124 180.36862 180.15319 180.00021 180.00021 180.00021 180.00021 180.00021 180.00021 180.00021 180.00021 180.00021 180.00021 180.00021 180.00021 180.00021 180.00021 180.00021 180.00021 180.00021 180.00021 180.00021 180.00021 180.00021 180.00021 180.89517 182.1213 186.33999 192.2002 201.80126 215.75392 232.76504 246.19403 256.55138 263.23379 266.18567
180.63218 181.06076 181.62168 182.30809 183.18185 184.20286 185.27543 186.30676 187.46299 188.68339 190.02984 191.13335 191.94294 192.33427 191.47255 190.1387 188.66734 187.0814 185.53728 184.0854 182.89651 181.93394 181.14212 180.6488 180.26664 180.06897 180.00021 180.00021 180.00021 180.00021 180.00021 180.00021 180.00021 180.00021 180.00021 180.00021 180.00021 180.00021 180.00021 180.00021 180.00021 180.00021 180.00021 180.00021 180.00021 180.00021 180.00021 180.00021 180.00021 180.00021 181.27275 184.76378 192.09478 205.4636 223.15253 238.2408 252.7584 259.82469 265.42593 267.31612
180.50728 180.886 181.36099 181.97806 182.7676 183.70095 184.76378 185.83922 186.88029 188.05829 189.35031 190.40971 191.14825 191.43416 190.30944 188.85012 187.29167 185.6427 184.20056 182.95209 181.92478 181.12092 180.53994 180.18356 180.00021 180.00021 180.00021 180.00021 180.00021 180.00021 180.00021 180.00021 180.00021 180.00021 180.00021 180.00021 180.00021 180.00021 180.00021 180.00021 180.00021 180.00021 180.00021 180.00021 180.00021 180.00021 180.00021 180.00021 180.00021 180.00021 180.00021 182.04567 188.12991 205.01669 230.19418 248.74942 258.23187 264.64441 267.27372 265.68376
180.41847 180.75537 181.18108 181.7145 182.40549 183.25748 184.27333 185.36023 186.45515 187.56154 188.78022 189.73018 190.38163 190.52144 189.12571 187.52372 185.83521 184.33177 183.02428 181.98608 181.1679 180.56286 180.17153 180.00021 180.00021 180.00021 180.00021 180.00021 180.00021 180.00021 180.00021 180.00021 180.00021 180.00021 180.00021 180.00021 180.00021 180.00021 180.00021 180.00021 180.00021 180.00021 180.00021 180.00021 180.00021 180.00021 180.00021 180.00021 180.00021 180.00021 180.00021 180.00021 183.57661 201.80126 233.13002 254.05443 263.99124 265.60125 261.38428 257.90528
180.3606 180.63791 181.02179 181.50537 182.11041 182.89422 183.79892 184.88296 186.04663 187.14557 188.29893 189.19733 189.71528 189.37036 187.77926 186.10221 184.54033 183.16523 182.06057 181.22118 180.58864 180.21679 180.00021 180.00021 180.00021 180.00021 180.00021 180.00021 180.00021 180.00021 180.00021 180.00021 180.00021 180.00021 180.00021 180.00021 180.00021 180.00021 180.00021 180.00021 180.00021 180.00021 180.00021 180.00021 180.00021 180.00021 180.00021 180.00021 180.00021 180.00021 180.00021 180.00021 180.00021 188.12991 239.03606 264.28918 266.18567 258.69024 250.9066 245.55632
180.30846 180.55483 180.90205 181.34437 181.87436 182.5705 183.40759 184.42001 185.59514 186.78117 187.93625 188.69943 188.99336 188.01646 186.33999 184.76779 183.37551 182.19865 181.33119 180.66943 180.20762 180.00021 180.00021 180.00021 180.00021 180.00021 180.00021 180.00021 180.00021 180.00021 180.00021 180.00021 180.00021 180.00021 180.00021 180.00021 180.00021 180.00021 180.00021 180.00021 180.00021 180.00021 180.00021 180.00021 180.00021 180.00021 180.00021 180.00021 180.00021 180.00021 180.00021 -89.99985 -89.99985 -89.99985 243.43523 260.53745 253.30099 240.25532 231.70965 224.99974
180.28211 180.50098 180.79318 181.19827 181.68643 182.30579 183.08731 184.03441 185.14709 186.3715 187.52716 188.10298 188.03996 186.59897 185.01302 183.59839 182.39403 181.44693 180.75079 180.25174 180.05063 180.00021 180.00021 180.00021 180.00021 180.00021 180.00021 180.00021 180.00021 180.00021 180.00021 180.00021 180.00021 180.00021 180.00021 180.00021 180.00021 180.00021 180.00021 180.00021 180.00021 180.00021 180.00021 180.00021 180.00021 180.00021 -89.99985 -89.99985 -89.99985 -89.99985 -89.99985 -89.99985 -89.99985 -89.99985 224.99974 236.30993 229.39891 214.6951 210.57897 206.56483
180.25862 180.45227 180.71641 181.06419 181.54204 182.09208 182.79338 183.65053 184.7019 185.94236 186.94217 187.20745 186.7783 185.27486 183.83387 182.598 181.6171 180.83444 180.34513 180.04949 180.00021 180.00021 180.00021 180.00021 180.00021 180.00021 180.00021 180.00021 180.00021 180.00021 180.00021 180.00021 180.00021 180.00021 180.00021 180.00021 180.00021 180.00021 180.00021 -89.99985 -89.99985 -89.99985 -89.99985 -89.99985 -89.99985 -89.99985 -89.99985 -89.99985 -89.99985 -89.99985 -89.99985 -89.99985 -89.99985 270.00015 -89.99985 191.30983 196.69907 194.74356 194.47026 192.26495
180.23684 180.40758 180.66885 180.98971 181.38333 181.92478 182.55503 183.33024 184.27791 185.4055 186.0856 185.94465 185.28231 184.03383 182.81401 181.74429 180.97023 180.38925 180.09761 180.00021 180.00021 180.00021 180.00021 180.00021 180.00021 180.00021 180.00021 180.00021 180.00021 180.00021 180.00021 180.00021 180.00021 180.00021 180.00021 -89.99985 -89.99985 -89.99985 -89.99985 -89.99985 -89.99985 -89.99985 -89.99985 -89.99985 -89.99985 -89.99985 -89.99985 -89.99985 -89.99985 -89.99985 -89.99985 -89.99985 -2.1E-4 -2.1E-4 -89.99985 180.00021 183.81382 186.58178 185.57223 184.844
180.21736 180.38753 180.60239 180.89689 181.28822 181.74028 182.33043 183.0472 183.87169 184.72998 184.92765 184.5982 183.90606 182.93433 181.92993 181.11118 180.48436 180.14632 180.00021 180.00021 180.00021 180.00021 180.00021 180.00021 180.00021 180.00021 180.00021 180.00021 180.00021 180.00021 180.00021 180.00021 180.00021 -89.99985 -89.99985 -89.99985 -89.99985 -89.99985 -89.99985 -89.99985 -89.99985 -89.99985 -89.99985 -89.99985 -89.99985 -89.99985 -89.99985 -89.99985 -89.99985 -89.99985 -89.99985 -2.1E-4 -2.1E-4 -89.99985 180.00021 180.00021 180.00021 181.63658 181.08081 181.52772
180.22023 180.37091 180.56343 180.83386 181.17076 181.58616 182.0938 182.70801 183.33998 183.86825 183.77314 183.30962 182.68165 181.91217 181.20629 180.58234 180.19502 180.00021 180.00021 180.00021 180.00021 180.00021 180.00021 180.00021 180.00021 180.00021 180.00021 180.00021 180.00021 180.00021 180.00021 -89.99985 -89.99985 -89.99985 -89.99985 -89.99985 -89.99985 -89.99985 -89.99985 -89.99985 -89.99985 -89.99985 -89.99985 -89.99985 -89.99985 -89.99985 -89.99985 -89.99985 -89.99985 -89.99985 -2.1E-4 -2.1E-4 -89.99985 -89.99985 180.00021 180.00021 180.00021 180.00021 180.00021 180.00021
180.22538 180.35487 180.54968 180.76912 181.07279 181.41771 181.8119 182.26397 182.71374 182.90339 182.67019 182.23761 181.68356 181.098 180.63104 180.24544 180.00021 180.00021 180.00021 180.00021 180.00021 180.00021 180.00021 180.00021 180.00021 180.00021 180.00021 180.00021 180.00021 180.00021 -89.99985 -89.99985 -89.99985 -89.99985 -89.99985 -89.99985 -89.99985 -89.99985 -89.99985 -89.99985 -89.99985 -89.99985 -89.99985 -89.99985 -89.99985 -89.99985 -89.99985 -89.99985 -89.99985 -2.1E-4 -89.99985 -89.99985 -89.99985 180.00021 180.00021 180.00021 180.00021 180.00021 180.00021 180.00021
180.22882 180.33654 180.48092 180.66943 180.88257 181.15529 181.43604 181.76034 182.02218 181.98322 181.7145 181.36958 180.93585 180.52733 180.19616 180.05006 180.00021 180.00021 180.00021 180.00021 180.00021 180.00021 180.00021 180.00021 180.00021 180.00021 180.00021 180.00021 180.00021 -89.99985 -89.99985 -89.99985 -89.99985 -89.99985 -89.99985 -89.99985 -89.99985 -89.99985 -89.99985 -89.99985 -89.99985 -89.99985 -89.99985 -89.99985 -89.99985 -89.99985 -89.99985 -2.1E-4 -2.1E-4 181.33234 181.4687 181.59132 181.7357 181.90931 182.1213 180.00021 180.00021 180.00021 180.00021 180.00021
180.18528 180.26721 180.38409 180.51473 180.66312 180.83272 181.02752 181.25384 181.36099 181.26072 180.97768 180.73589 180.37779 180.14574 180.00021 180.00021 180.00021 180.00021 180.00021 180.00021 180.00021 180.00021 180.00021 180.00021 180.00021 180.00021 180.00021 180.00021 -89.99985 -89.99985 -89.99985 -89.99985 -89.99985 -89.99985 -89.99985 -89.99985 -89.99985 -89.99985 -89.99985 -89.99985 -89.99985 -89.99985 -89.99985 -89.99985 -89.99985 -89.99985 -2.1E-4 -2.1E-4 180.93929 181.00518 182.20266 183.73131 184.0854 184.63544 185.04224 181.50766 180.00021 180.00021 180.00021 180.00021
180.11767 180.17267 180.23455 180.33138 180.44139 180.53593 180.67859 180.80865 180.79605 180.64078 180.44998 180.27981 180.0959 180.00021 180.00021 180.00021 180.00021 180.00021 180.00021 180.00021 180.00021 180.00021 180.00021 180.00021 180.00021 180.00021 180.00021 -89.99985 -89.99985 -89.99985 -89.99985 -89.99985 -89.99985 -89.99985 -89.99985 -89.99985 -89.99985 -89.99985 -89.99985 -89.99985 -89.99985 -89.99985 -89.99985 -89.99985 -89.99985 -2.1E-4 -2.1E-4 180.68203 180.73474 181.59132 183.52161 184.92708 185.59915 186.33999 186.95305 181.27275 180.00021 180.00021 180.00021 180.00021
180.04834 180.07584 180.13371 180.17038 180.242 180.32451 180.38524 180.4179 180.36977 180.21908 180.13772 180.04777 180.00021 180.00021 180.00021 180.00021 180.00021 180.00021 180.00021 180.00021 180.00021 180.00021 180.00021 180.00021 180.00021 180.00021 -89.99985 -89.99985 -89.99985 -89.99985 -89.99985 -89.99985 -89.99985 -89.99985 -89.99985 -89.99985 -89.99985 -89.99985 -89.99985 -89.99985 -89.99985 -89.99985 -89.99985 -2.1E-4 -2.1E-4 -89.99985 180.52103 180.55598 181.79013 182.63238 183.66771 185.79281 187.59477 188.74641 188.29721 183.17955 180.00021 180.00021 180.00021 180.00021
180.02485 180.02599 180.05522 180.08787 180.09418 180.13486 180.14574 180.11824 180.08444 180.0449 180.00021 180.00021 180.00021 180.00021 180.00021 180.00021 180.00021 180.00021 180.00021 180.00021 180.00021 180.00021 180.00021 180.00021 180.00021 -89.99985 -89.99985 -89.99985 -89.99985 -89.99985 -89.99985 -89.99985 -89.99985 -89.99985 -89.99985 -89.99985 -89.99985 -89.99985 -89.99985 -89.99985 -89.99985 -2.1E-4 -2.1E-4 -2.1E-4 -89.99985 -89.99985 180.43394 181.39708 182.00957 183.33368 184.96947 187.12494 189.0581 191.49661 190.49164 183.69121 180.00021 180.00021 180.00021 180.00021
180.00021 180.00021 180.00021 180.00021 180.03287 180.03516 180.00021 180.00021 180.00021 180.00021 180.00021 180.00021 180.00021 180.00021 180.00021 180.00021 180.00021 180.00021 180.00021 180.00021 180.00021 180.00021 180.00021 180.00021 -89.99985 -89.99985 -89.99985 -89.99985 -89.99985 -89.99985 -89.99985 -89.99985 -89.99985 -89.99985 -89.99985 -89.99985 -89.99985 -89.99985 -89.99985 -89.99985 -2.1E-4 -2.1E-4 -89.99985 -89.99985 -89.99985 180.35143 181.11576 181.6022 182.62264 183.8459 185.98074 188.04282 190.88526 193.62687 191.12934 184.83025 180.00021 180.00021 180.00021 180.00021
180.00021 180.00021 180.00021 180.00021 180.00021 180.00021 180.00021 180.00021 180.00021 180.00021 180.00021 180.00021 180.00021 180.00021 180.00021 180.00021 180.00021 180.00021 180.00021 180.00021 180.00021 180.00021 180.00021 180.00021 -89.99985 -89.99985 -89.99985 -89.99985 -89.99985 -89.99985 -89.99985 -89.99985 -89.99985 -89.99985 -89.99985 -89.99985 -89.99985 -89.99985 -2.1E-4 -2.1E-4 -89.99985 -89.99985 -89.99985 -89.99985 180.29242 180.91924 181.30197 182.10812 183.45687 184.69274 186.76627 188.91486 192.45803 196.26018 192.4397 185.00041 180.00021 180.00021 180.00021 180.00021
180.00021 180.00021 180.00021 180.00021 180.00021 180.00021 180.00021 180.00021 180.00021 180.00021 180.00021 180.00021 180.00021 180.00021 180.00021 180.00021 180.00021 180.00021 180.00021 180.00021 180.00021 180.00021 180.00021 -89.99985 -89.99985 -89.99985 -89.99985 -89.99985 -89.99985 -89.99985 -89.99985 -89.99985 -89.99985 -89.99985 -89.99985 -89.99985 -2.1E-4 -2.1E-4 -89.99985 -89.99985 -89.99985 -89.99985 180.24372 180.25002 180.78115 181.09628 181.75346 182.84667 183.81382 185.44045 187.5071 190.21376 194.47026 198.43513 192.93817 185.1362 180.00021 180.00021 180.00021 180.00021
180.00021 180.00021 180.00021 180.00021 180.00021 180.00021 180.00021 180.00021 180.00021 180.00021 180.00021 180.00021 180.00021 180.00021 180.00021 180.00021 180.00021 180.00021 180.00021 180.00021 180.00021 180.00021 180.00021 -89.99985 -89.99985 -89.99985 -89.99985 -89.99985 -89.99985 -89.99985 -89.99985 -89.99985 -89.99985 -89.99985 -2.1E-4 -2.1E-4 -89.99985 -89.99985 -89.99985 -89.99985 -89.99985 180.21622 180.4391 180.67917 181.17879 181.74315 182.39689 183.46832 184.76378 186.41906 188.53098 191.86445 195.79265 199.87211 194.03596 185.24736 180.00021 180.00021 180.00021 180.00021
180.00021 180.00021 180.00021 180.00021 180.00021 180.00021 180.00021 180.00021 180.00021 180.00021 180.00021 180.00021 180.00021 180.00021 180.00021 180.00021 180.00021 180.00021 180.00021 180.00021 180.00021 180.00021 -89.99985 -89.99985 -89.99985 -89.99985 -89.99985 -89.99985 -89.99985 -89.99985 -89.99985 -89.99985 -2.1E-4 -2.1E-4 -89.99985 -89.99985 -89.99985 -89.99985 -89.99985 180.19845 180.19674 180.39498 180.80694 181.03784 181.51912 182.30006 182.96068 184.0281 185.35565 187.33121 189.58809 192.96166 197.60491 200.55622 193.57072 184.8079 180.00021 180.00021 180.00021 180.00021
180.00021 180.00021 180.00021 180.00021 180.00021 180.00021 180.00021 180.00021 180.00021 180.00021 180.00021 180.00021 180.00021 180.00021 180.00021 180.00021 180.00021 180.00021 180.00021 180.00021 180.00021 -89.99985 -89.99985 -89.99985 -89.99985 -89.99985 -89.99985 -89.99985 -89.99985 -89.99985 -2.1E-4 -2.1E-4 -89.99985 -89.99985 -89.99985 180.21278 180.20017 180.19215 180.37206 180.5491 180.72959 180.91809 181.31057 181.74143 182.2336 182.79796 183.7061 184.80561 186.18529 188.26455 190.95402 194.5499 199.38452 200.62325 193.17251 184.43662 180.00021 180.00021 180.00021 180.00021
180.00021 180.00021 180.00021 180.00021 180.00021 180.00021 180.00021 180.00021 180.00021 180.00021 180.00021 180.00021 180.00021 180.00021 180.00021 180.00021 180.00021 180.00021 180.14746 180.16121 180.17611 180.38581 180.42134 180.4603 180.5004 180.53822 180.57603 180.61614 180.66255 180.71182 180.67 180.5789 180.51129 180.69005 180.63448 180.59093 180.7462 180.71641 180.87053 181.02924 181.20056 181.55751 181.94426 182.38601 182.89136 183.47463 184.41542 185.5665 187.29225 189.16238 191.9968 195.83218 200.72581 200.17062 192.17155 183.66198 180.00021 180.00021 180.00021 180.00021
180.00021 180.00021 180.00021 180.00021 180.00021 180.00021 180.00021 180.00021 180.00021 180.00021 180.00021 180.00021 180.00021 180.00021 180.11996 180.26492 180.43852 180.64765 180.89804 181.19368 181.76893 182.20266 182.44216 183.01282 183.32738 183.30159 183.57661 183.87111 183.93013 182.88047 182.44961 182.13104 181.90129 181.72252 181.58559 181.66809 181.58616 181.69445 181.65549 181.79987 182.12703 182.31725 182.7103 182.99449 183.70324 184.33807 185.32929 186.57318 188.12991 190.43721 193.53577 197.66736 202.76497 199.938 190.80849 183.01282 180.00021 180.00021 180.00021 180.00021
180.00021 180.00021 180.00021 180.00021 180.00021 180.00021 180.00021 180.00021 180.00021 180.00021 180.00021 180.1022 180.2271 180.50728 180.85105 181.27275 181.96259 182.61175 183.39327 184.32089 185.4542 186.80409 188.02735 189.46261 190.67613 192.02201 192.77889 190.26131 187.90703 186.63277 185.39977 184.49449 184.0218 183.46202 183.21107 183.01282 182.87073 182.77275 182.71087 182.83864 183.00423 183.20648 183.61729 183.9393 184.50939 185.21184 186.27123 187.60966 189.29359 191.54073 194.8656 199.19544 203.68228 199.24185 189.30218 182.04567 180.00021 180.00021 180.00021 -89.99985
