data/aspect_sharpnack_max.txt
ncols	401
nrows	401
xllcorner	0.0
yllcorner	0.0
cellsize	10.0
NODATA_value	-9999.0
[rows 104 to 129 of 401, columns 300 to 359 of 401]
269.99985 269.99985 269.99985 269.99985 269.99985 269.99985 269.75921 269.76436 269.53633 269.3123 269.08713 268.63048 267.92975 267.19579 266.18567 264.8501 263.12722 261.01358 258.31036 255.04966 250.79602 246.00495 240.00723 236.30993 238.37143 244.27977 253.51528 260.17592 264.69025 267.61405 269.2 269.99985 269.99985 269.99985 269.99985 269.99985 269.99985 269.99985 269.99985 269.99985 269.99985 269.99985 269.99985 269.99985 360.00006 360.00006 269.99985 269.99985 269.99985 269.99985 269.99985 269.99985 269.99985 269.99985 269.99985 269.99985 269.99985 269.99985 269.99985 269.99985
269.99985 269.99985 269.99985 269.99985 269.99985 269.99985 269.73973 269.7466 269.50195 269.26532 269.02926 268.54339 267.81631 267.05198 266.00347 264.36596 262.61385 260.40281 257.40967 254.09511 249.51604 244.57771 238.86704 236.66631 239.78893 246.5252 255.06857 261.02733 265.23628 267.75787 269.24985 269.99985 269.99985 269.99985 269.99985 269.99985 269.99985 269.99985 269.99985 269.99985 269.99985 269.99985 269.99985 269.99985 360.00006 360.00006 269.99985 269.99985 269.99985 269.99985 269.99985 269.99985 269.99985 269.99985 269.99985 269.99985 269.99985 269.99985 269.99985 269.99985
269.99985 269.99985 269.99985 269.99985 269.99985 269.99985 269.71509 269.72311 269.45955 269.20401 268.95363 268.18587 267.66791 266.60278 265.49984 263.80789 261.98703 259.46717 256.45914 252.89706 248.42856 243.43523 238.53988 238.19038 241.69917 248.77864 256.5044 262.05178 265.71527 268.05294 269.43549 269.99985 269.99985 269.99985 269.99985 269.99985 269.99985 269.99985 269.99985 269.99985 269.99985 269.99985 269.99985 269.99985 360.00006 360.00006 269.99985 269.99985 269.99985 269.99985 269.99985 269.99985 269.99985 269.99985 269.99985 269.99985 269.99985 269.99985 269.99985 269.99985
269.99985 269.99985 269.99985 269.99985 269.99985 269.99985 269.68358 269.69504 269.40627 269.13182 268.5749 268.02486 267.1935 266.07394 264.93261 263.15701 261.05712 258.51778 255.60371 252.14018 248.14094 243.57561 239.78893 240.25532 244.45109 250.79889 257.77465 262.92497 266.15129 268.31994 269.46471 269.99985 269.99985 269.99985 269.99985 269.99985 269.99985 269.99985 269.99985 269.99985 269.99985 269.99985 269.99985 269.99985 269.99985 360.00006 360.00006 269.99985 269.99985 269.99985 269.99985 269.99985 269.99985 269.99985 269.99985 269.99985 269.99985 269.99985 269.99985 269.99985
269.99985 269.99985 269.99985 269.99985 269.99985 269.628 269.64404 269.31803 269.00634 268.71241 268.11195 267.53728 266.66925 265.48609 264.02218 262.2483 260.44005 257.92591 255.37911 252.33671 248.54201 244.26946 241.8023 242.66747 246.94345 252.44901 258.86384 263.51282 266.52658 268.40875 269.49049 269.99985 269.99985 269.99985 269.99985 269.99985 269.99985 269.99985 269.99985 269.99985 269.99985 269.99985 269.99985 269.99985 269.99985 360.00006 360.00006 269.99985 269.99985 269.99985 269.99985 269.99985 269.99985 269.99985 269.99985 269.99985 269.99985 269.99985 269.99985 269.99985
269.99985 269.99985 269.99985 269.99985 269.54893 269.57242 269.1874 269.22063 268.88373 268.20993 267.57051 266.96948 265.75137 264.89193 263.41828 261.95724 260.18623 258.03305 255.52006 252.62777 248.94021 244.94612 243.43523 245.03264 248.96256 254.15356 259.80865 264.00041 266.69789 268.48552 269.51341 269.99985 269.99985 269.99985 269.99985 269.99985 269.99985 269.99985 269.99985 269.99985 269.99985 269.99985 269.99985 269.99985 269.99985 360.00006 360.00006 269.99985 269.99985 269.99985 269.99985 269.99985 269.99985 269.99985 269.99985 269.99985 269.99985 269.99985 269.99985 269.99985
269.99985 269.34897 269.3971 269.43262 269.46929 269.00348 269.06077 268.66772 268.32739 267.61405 266.96718 266.37876 265.46775 264.62321 263.44292 262.00537 260.22805 258.14306 255.66445 252.82945 249.22784 245.60617 245.34433 247.21733 251.02234 255.46563 260.47156 264.2548 266.98724 268.55141 269.53346 269.99985 269.99985 269.99985 269.99985 269.99985 269.99985 269.99985 269.99985 269.99985 269.99985 269.99985 269.99985 269.99985 269.99985 269.99985 360.00006 360.00006 269.99985 269.99985 269.99985 269.99985 269.99985 269.99985 269.99985 269.99985 269.99985 269.99985 269.99985 269.99985
269.145 269.20401 269.26532 268.63621 268.74106 268.26436 268.37895 267.99049 267.65301 267.37742 266.70592 266.10832 265.54453 264.67707 263.47042 262.01053 260.27217 258.19291 255.73549 253.034 249.62375 247.03627 247.27348 249.47364 252.89706 256.64764 260.82508 264.47253 266.95687 268.60298 269.55065 269.90073 269.99985 269.99985 269.99985 269.99985 269.99985 269.99985 269.99985 269.99985 269.99985 269.99985 269.99985 269.99985 269.99985 269.99985 360.00006 360.00006 269.99985 269.99985 269.99985 269.99985 269.99985 269.99985 269.99985 269.99985 269.99985 269.99985 269.99985 269.99985
267.83865 268.02486 268.20993 267.54587 267.76875 267.97845 267.53728 267.73208 267.39748 267.08922 266.39537 265.7634 265.23628 264.32699 263.14269 262.01683 260.263 258.17858 255.80883 253.15088 250.305 248.41596 249.3493 251.56493 254.33175 257.67381 261.2823 264.64441 267.04625 268.52506 269.45554 269.90302 269.99985 269.99985 269.99985 269.99985 269.99985 269.99985 269.99985 269.99985 269.99985 269.99985 269.99985 269.99985 269.99985 269.99985 360.00006 360.00006 269.99985 269.99985 269.99985 269.99985 269.99985 269.99985 269.99985 269.99985 269.99985 269.99985 269.99985 269.99985
265.91466 266.26875 266.69789 267.0388 267.35737 266.81993 267.13735 266.74831 267.04912 266.76035 266.02066 265.38926 264.84438 263.92764 263.11175 261.61289 260.19368 258.16311 256.20073 253.57487 250.98453 250.0168 251.15298 253.20989 255.59741 258.37797 261.53268 264.76244 266.97979 268.43911 269.36329 269.90531 269.99985 269.99985 269.99985 269.99985 269.99985 269.99985 269.99985 269.99985 269.99985 269.99985 269.99985 269.99985 269.99985 269.99985 269.99985 360.00006 269.99985 269.99985 269.99985 269.99985 269.99985 269.99985 269.99985 269.99985 269.99985 269.99985 269.99985 269.99985
262.87512 263.82967 264.55962 265.13544 265.68376 266.18567 265.79491 266.23609 265.96222 265.74105 265.55885 264.94292 264.38257 263.51683 262.67344 261.60086 260.1805 258.14707 256.20646 253.79087 251.66176 251.65431 252.767 254.90585 256.72384 258.99104 261.61862 264.70687 266.90244 268.35317 269.27219 269.81421 269.99985 269.99985 269.99985 269.99985 269.99985 269.99985 269.99985 269.99985 269.99985 269.99985 269.99985 269.99985 269.99985 269.99985 269.99985 360.00006 360.00006 269.99985 269.99985 269.99985 269.99985 269.99985 269.99985 269.99985 269.99985 269.99985 269.99985 269.99985
255.96353 259.87511 261.11958 262.30388 263.36729 264.28918 264.98704 264.72635 265.3016 265.12054 265.03001 264.40091 263.88467 263.45381 262.23455 261.13161 260.102 258.47996 256.623 254.32029 252.91998 253.14171 254.46238 256.01796 257.53687 259.52905 261.69941 264.45763 266.67268 268.25748 269.1788 269.7254 269.99985 269.99985 269.99985 269.99985 269.99985 269.99985 269.99985 269.99985 269.99985 269.99985 269.99985 269.99985 269.99985 269.99985 269.99985 360.00006 360.00006 269.99985 269.99985 269.99985 269.99985 269.99985 269.99985 269.99985 269.99985 269.99985 269.99985 269.99985
250.55996 253.30099 255.96353 257.90528 259.6952 261.25365 262.56859 263.66007 263.55866 263.57126 263.66007 263.72883 263.28994 262.87512 262.13085 261.02733 260.08367 258.47251 256.63962 255.17342 253.88656 254.24236 255.72747 257.23435 258.41751 259.9708 261.91713 264.18318 266.42345 267.92173 268.98056 269.63717 269.92021 269.99985 269.99985 269.99985 269.99985 269.99985 269.99985 269.99985 269.99985 269.99985 269.99985 269.99985 269.99985 269.99985 269.99985 360.00006 360.00006 269.99985 269.99985 269.99985 269.99985 269.99985 269.99985 269.99985 269.99985 269.99985 269.99985 269.99985
248.96256 248.19881 250.55996 251.56493 254.35753 256.86594 259.28668 260.96029 261.25365 262.52848 262.77542 262.96221 262.56859 262.25976 261.51836 260.98092 260.06362 258.46564 257.08538 255.96353 255.22556 255.57163 256.71811 258.10009 259.03344 260.18737 261.77733 263.77695 266.01837 267.68625 268.77888 269.45669 269.92021 269.99985 269.99985 269.99985 269.99985 269.99985 269.99985 269.99985 269.99985 269.99985 269.99985 269.99985 269.99985 269.99985 269.99985 269.99985 360.00006 269.99985 269.99985 269.99985 269.99985 269.99985 269.99985 269.99985 269.99985 269.99985 269.99985 269.99985
255.96353 251.56493 250.34625 249.44384 249.77501 253.07238 256.42934 257.12491 259.46086 259.992 260.68986 261.19349 261.6742 261.52867 261.41637 260.85315 259.96679 258.84551 257.98091 256.85505 256.18469 256.7439 257.80559 258.64841 259.55769 260.5088 261.75613 263.41255 265.4477 267.20152 268.46547 269.27391 269.76035 269.99985 269.99985 269.99985 269.99985 269.99985 269.99985 269.99985 269.99985 269.99985 269.99985 269.99985 269.99985 269.99985 269.99985 269.99985 360.00006 360.00006 269.99985 269.99985 269.99985 269.99985 269.99985 269.99985 269.99985 269.99985 269.99985 269.99985
260.53745 260.53745 255.96353 252.89706 252.6461 251.56493 253.07238 254.05443 257.12491 258.17858 259.11422 259.93928 260.66522 261.30464 260.72767 260.78898 259.93928 259.33023 258.47251 257.69214 257.37186 257.58729 258.31839 259.35429 260.03611 260.76606 261.68967 263.04013 264.85469 266.6893 268.13544 268.99144 269.59649 269.93052 269.99985 269.99985 269.99985 269.99985 269.99985 269.99985 269.99985 269.99985 269.99985 269.99985 269.99985 269.99985 269.99985 269.99985 360.00006 360.00006 269.99985 269.99985 269.99985 269.99985 269.99985 269.99985 269.99985 269.99985 269.99985 269.99985
265.91466 265.60125 260.53745 261.25365 257.90528 255.96353 255.2565 253.07238 254.57812 255.96353 258.69024 259.50842 260.39478 260.41713 260.64001 260.8033 260.45953 259.77083 259.35716 258.62263 258.20666 258.31953 258.97041 259.56228 260.22404 260.79356 261.4221 262.51186 264.14078 266.0092 267.56994 268.60298 269.34439 269.8589 269.99985 269.99985 269.99985 269.99985 269.99985 269.99985 269.99985 269.99985 269.99985 269.99985 269.99985 269.99985 269.99985 269.99985 269.99985 360.00006 269.99985 269.99985 269.99985 269.99985 269.99985 269.99985 269.99985 269.99985 269.99985 269.99985
269.99985 269.99985 265.60125 265.60125 265.91466 262.40529 260.53745 256.60753 256.5044 257.2756 257.00517 258.23187 260.38046 260.40682 261.20266 261.29777 260.94941 260.75403 260.28306 259.85105 259.36117 259.27981 259.35086 259.86766 260.34838 260.93738 261.26568 262.09704 263.46469 265.28784 266.96432 268.1893 269.07853 269.71337 269.99985 269.99985 269.99985 269.99985 269.99985 269.99985 269.99985 269.99985 269.99985 269.99985 269.99985 269.99985 269.99985 269.99985 269.99985 360.00006 360.00006 269.99985 269.99985 269.99985 269.99985 269.99985 269.99985 269.99985 269.99985 269.99985
269.99985 269.99985 269.99985 269.99985 269.99985 266.18567 263.28994 261.02733 260.13409 259.87511 258.69024 259.46086 259.31533 260.39478 261.25365 261.43929 261.64899 261.35735 261.25365 260.82622 260.53745 260.17019 259.8923 260.14326 260.44177 260.8543 261.19349 261.62149 262.79089 264.32699 266.08196 267.54874 268.62189 269.48648 269.93682 269.99985 269.99985 269.99985 269.99985 269.99985 269.99985 269.99985 269.99985 269.99985 269.99985 269.99985 269.99985 269.99985 269.99985 360.00006 360.00006 269.99985 269.99985 269.99985 269.99985 269.99985 269.99985 269.99985 269.99985 269.99985
269.99985 269.99985 269.99985 269.99985 269.99985 269.99985 267.27372 267.13735 264.80541 263.41828 260.83768 261.25365 260.72767 261.46908 262.1996 262.23455 262.40529 262.52848 262.725 262.17095 261.73551 261.18948 260.66178 260.39135 260.44005 260.68413 260.90987 261.24276 262.06267 263.23837 265.13085 266.74717 268.04033 269.09515 269.74145 269.99985 269.99985 269.99985 269.99985 269.99985 269.99985 269.99985 269.99985 269.99985 269.99985 269.99985 269.99985 269.99985 269.99985 269.99985 360.00006 269.99985 269.99985 269.99985 269.99985 269.99985 269.99985 269.99985 269.99985 269.99985
269.99985 269.99985 269.99985 269.99985 269.99985 269.99985 269.99985 269.99985 267.70916 265.23628 263.88467 261.87015 262.23455 261.87015 262.56859 263.21087 263.7844 263.7655 263.84055 263.581 263.34552 262.91007 262.12053 261.54815 260.97405 260.65777 260.75403 260.95743 261.28516 262.28669 263.92249 265.74793 267.31325 268.59496 269.53346 269.94255 269.99985 269.99985 269.99985 269.99985 269.99985 269.99985 269.99985 269.99985 269.99985 269.99985 269.99985 269.99985 269.99985 269.99985 360.00006 360.00006 269.99985 269.99985 269.99985 269.99985 269.99985 269.99985 269.99985 269.99985
269.99985 269.99985 269.99985 269.99985 269.99985 269.99985 269.99985 269.99985 269.99985 267.95439 265.60125 264.47253 262.87512 263.28994 263.75805 264.28918 264.69884 265.11481 265.03001 264.99907 264.69254 264.42783 263.71508 263.15701 262.33711 261.55273 261.00957 260.61308 260.69903 261.41179 262.725 264.45476 266.31458 267.96929 269.1725 269.82223 269.99985 269.99985 269.99985 269.99985 269.99985 269.99985 269.99985 269.99985 269.99985 269.99985 269.99985 269.99985 269.99985 269.99985 269.99985 360.00006 269.99985 269.99985 269.99985 269.99985 269.99985 269.99985 269.99985 269.99985
269.99985 269.99985 269.99985 269.99985 269.99985 269.99985 269.99985 269.99985 269.99985 269.99985 268.09075 265.91466 265.23628 263.92764 265.23628 265.48609 266.34782 266.48647 266.65779 266.46756 266.30886 265.93357 265.3778 264.68567 263.90587 263.0831 262.28096 261.31381 260.63199 260.60277 261.52351 263.13009 265.10965 267.19293 268.70783 269.5707 269.94714 269.99985 269.99985 269.99985 269.99985 269.99985 269.99985 269.99985 269.99985 269.99985 269.99985 269.99985 269.99985 269.99985 269.99985 360.00006 360.00006 269.99985 269.99985 269.99985 269.99985 269.99985 269.99985 269.99985
269.99985 269.99985 269.99985 269.99985 269.99985 269.99985 269.99985 269.99985 269.99985 269.99985 269.99985 268.02486 266.42345 265.91466 265.91466 266.81993 267.48285 267.46623 267.9097 267.89194 267.58884 267.36138 266.95 266.39709 265.73475 264.95209 263.95572 262.93299 261.8289 260.8033 260.74257 261.70514 263.71851 266.15015 268.04606 269.2338 269.83484 269.99985 269.99985 269.99985 269.99985 269.99985 269.99985 269.99985 269.99985 269.99985 269.99985 269.99985 269.99985 269.99985 269.99985 360.00006 360.00006 269.99985 269.99985 269.99985 269.99985 269.99985 269.99985 269.99985
269.99985 269.99985 269.99985 269.99985 269.99985 269.99985 269.99985 269.99985 269.99985 269.99985 269.99985 268.31535 267.95439 266.98724 266.69789 267.47368 268.69809 268.45172 268.74564 268.95821 268.81898 268.46547 268.19618 267.77391 267.2296 266.59362 265.69923 264.70973 263.581 262.44082 261.24448 261.10124 262.31878 264.89938 267.2359 268.79664 269.65665 269.99985 269.99985 269.99985 269.99985 269.99985 269.99985 269.99985 269.99985 269.99985 269.99985 269.99985 269.99985 269.99985 269.99985 269.99985 360.00006 360.00006 269.99985 269.99985 269.99985 269.99985 269.99985 269.99985
269.99985 269.99985 269.99985 269.99985 269.99985 269.99985 269.99985 269.99985 269.99985 269.99985 269.99985 269.99985 268.15263 268.31535 268.80638 269.11864 269.32605 269.47903 269.58159 269.65665 269.42116 269.50367 269.12838 268.83904 268.59839 268.06955 267.45191 266.60851 265.54969 264.28918 263.04414 261.95323 261.88562 263.71393 266.18051 268.10737 269.28079 269.84515 269.99985 269.99985 269.99985 269.99985 269.99985 269.99985 269.99985 269.99985 269.99985 269.99985 269.99985 269.99985 269.99985 269.99985 269.99985 360.00006 269.99985 269.99985 269.99985 269.99985 269.99985 269.99985
