data/aspect_4cell_modal.txt
ncols	401
nrows	401
xllcorner	0.0
yllcorner	0.0
cellsize	10.0
NODATA_value	-9999.0
[rows 312 to 337 of 401, columns 60 to 119 of 401]
201.45633 207.73423 214.07745 220.00814 225.48962 230.33398 234.53433 238.09813 241.10788 243.67358 245.81129 247.5972 249.07314 250.40011 251.38903 252.29488 253.06264 253.70722 254.18106 254.64687 254.96486 255.30405 255.48339 255.63179 255.8816 255.96353 256.06036 256.03458 256.15948 256.18183 256.25918 256.41387 256.4832 256.79489 256.95016 257.37415 257.82851 258.95895 260.0957 261.70285 263.28994 265.03001 269.99985 269.99985 269.99985 206.56483 180.00021 187.12494 198.43513 207.89753 213.11144 217.47624 220.10095 223.06945 224.99974 227.15292 228.62141 229.96958 230.98085 232.18406
198.35778 204.27242 210.28218 216.26042 221.96192 227.14375 231.72684 235.70947 239.05211 241.9381 244.4127 246.47764 248.24521 249.771 250.99599 252.08346 253.03113 253.85791 254.49447 255.0743 255.60257 255.98759 256.44023 256.76567 256.99657 257.33233 257.56265 257.68928 258.0491 258.12129 258.51778 258.83863 259.09245 259.57144 259.992 260.86977 261.78077 262.67344 264.61061 265.60125 267.87876 269.99985 269.99985 255.96353 198.43513 180.00021 186.33999 192.99489 201.25064 208.44298 214.11469 218.29041 221.00909 223.39374 225.44436 227.26064 228.55609 229.78681 231.1768 232.50721
195.68149 201.12001 206.92464 212.87137 218.55569 224.01082 228.81392 233.13002 236.94821 240.16307 242.99348 245.3535 247.4001 249.11496 250.65393 251.91501 253.0615 254.00631 254.87147 255.57907 256.24714 256.78286 257.30654 257.84856 258.29776 258.63695 259.06953 259.4007 259.81037 260.16102 260.69387 261.17 261.91541 262.30388 262.99086 264.23188 264.87188 266.18567 267.45534 269.99985 269.99985 269.99985 251.56493 206.56483 180.00021 180.00021 188.12991 196.69907 203.74931 209.358 214.6951 218.21077 221.11223 223.15253 225.38993 227.34429 228.81392 230.14777 231.44151 232.66305
193.31919 198.29762 203.76134 209.52587 215.29613 220.82231 225.96117 230.67489 234.78243 238.39893 241.44134 244.16576 246.55499 248.51107 250.25114 251.73395 253.10218 254.18106 255.18431 256.15375 256.88255 257.61136 258.35334 258.88275 259.47003 260.10945 260.56381 261.11958 261.64555 262.31591 262.74678 263.36041 264.28918 264.84438 265.80236 266.7105 268.31535 268.87685 269.99985 269.99985 266.18567 255.96353 210.964 187.12494 180.00021 183.57661 190.78442 198.43513 205.86639 210.964 215.07382 218.65997 221.63362 223.78106 226.05456 227.75567 229.31583 230.75854 232.15198 233.2406
191.21242 195.76113 200.87822 206.37289 212.07382 217.68651 223.0557 228.00491 232.46252 236.5288 239.97973 243.01067 245.61018 247.92264 249.92169 251.56493 253.09244 254.41368 255.60142 256.74161 257.67094 258.48798 259.35773 260.02236 260.77007 261.45418 262.11137 262.73303 263.32776 264.11901 264.90797 265.67746 266.44808 267.11386 268.20993 269.24641 269.99985 269.99985 269.99985 263.99124 254.74485 219.80531 192.52908 180.00021 183.17955 187.43147 194.03596 200.92463 206.00333 211.13875 215.34025 218.99114 221.5832 224.26521 226.60002 228.39968 230.05724 231.59048 232.83953 234.24614
189.38469 193.41545 198.17672 203.36428 208.90937 214.58624 220.13533 225.30055 230.19418 234.51027 238.3594 241.73985 244.62584 247.25171 249.4553 251.47097 253.18526 254.71792 256.09244 257.24466 258.37282 259.33539 260.32374 261.15796 261.93432 262.83387 263.53746 264.22787 265.10106 265.72444 266.57872 267.43071 268.23743 268.91925 269.32605 269.99985 269.99985 268.36348 262.56859 250.34625 221.18614 195.25521 180.00021 180.00021 184.57413 189.46261 195.52393 202.03617 207.03064 212.00563 216.13551 219.64431 222.31028 224.99974 227.38611 228.99097 230.75854 232.39376 233.97284 235.45164
187.69618 191.36598 195.6729 200.55622 205.85207 211.46533 217.15481 222.5979 227.69723 232.4184 236.60558 240.32064 243.62259 246.51374 249.01527 251.29793 253.2288 254.89897 256.513 257.88065 259.05349 260.25785 261.29662 262.29586 263.26129 264.05713 265.00423 265.73876 266.42345 267.35737 267.94236 268.78117 269.50596 269.99985 269.99985 268.97712 267.20725 261.87015 251.56493 228.01293 201.0375 183.36634 180.00021 182.20266 185.35565 192.2002 198.03406 202.78216 208.17885 212.41243 217.0024 220.10095 222.8523 225.94971 228.10174 230.10193 232.15369 233.6663 235.32215 236.73163
186.26321 189.41677 193.30716 197.88795 202.96207 208.42694 214.09349 219.70389 225.08053 230.06354 234.71195 238.80516 242.43428 245.68581 248.51107 251.06302 253.24542 255.16024 256.82239 258.49085 259.81438 261.04968 262.27581 263.29968 264.30694 265.3016 266.06993 267.05198 267.76531 268.70554 269.24125 269.54549 269.99985 269.99985 269.10489 266.42345 261.63409 250.82123 231.84258 205.01669 188.97273 180.00021 180.00021 183.36634 187.306 192.52908 198.43513 203.68228 209.05433 213.11144 217.23502 220.83377 224.32595 226.80857 229.35709 231.39453 233.5752 235.17547 236.9081 238.26085
184.88238 187.7128 191.17976 195.35204 200.10988 205.37766 210.92446 216.58815 222.21746 227.63707 232.60003 237.17796 241.22591 244.78627 247.95014 250.71008 253.10905 255.3413 257.31342 259.0151 260.53745 261.97844 263.24239 264.30694 265.33311 266.35698 267.3757 268.10909 268.76111 269.27907 269.99985 269.99985 269.99985 268.40875 265.84018 261.46908 252.18086 234.16249 210.46552 193.39253 182.20266 180.00021 181.63658 184.18509 188.65245 194.03596 200.22505 204.71761 209.83527 214.40862 218.48006 222.10115 225.32347 227.92068 230.57863 232.99365 234.82769 236.95164 238.62124 240.28626
183.77027 186.13716 189.20077 192.97198 197.42959 202.40458 207.82419 213.55491 219.3246 224.90979 230.2933 235.15714 239.75283 243.72859 247.16634 250.29182 253.07811 255.55616 257.58099 259.51931 261.24162 262.72844 264.03822 265.31707 266.37016 267.40836 268.15263 269.10489 269.65665 269.99985 269.99985 269.42116 268.56803 266.30886 261.52867 252.072 238.67109 217.87501 196.92768 186.33999 180.00021 180.00021 182.72634 186.07242 190.88526 195.42194 200.85473 206.2222 210.84654 215.39468 219.17391 222.90501 226.58225 229.31068 232.09239 234.42261 236.83132 238.8871 240.76067 242.52538
182.73036 184.82051 187.41142 190.78442 194.83581 199.4401 204.73308 210.3114 216.10515 222.0175 227.75452 233.10194 238.0099 242.46923 246.36248 249.78991 252.89706 255.62606 257.93851 259.96335 261.91943 263.47501 264.82375 266.11405 267.40836 268.16925 269.12322 269.66696 269.99985 269.99985 269.45955 268.02486 265.85565 261.41637 252.89706 240.25532 221.98713 202.62001 189.78232 183.36634 180.00021 180.00021 183.50328 186.45859 191.68912 196.18913 201.94851 206.88683 211.52206 216.15843 220.42582 224.3099 227.81583 231.02382 233.94533 236.68923 239.03606 241.05975 243.06453 244.82638
181.89613 183.57088 185.87475 188.74641 192.40131 196.61083 201.52566 207.09539 212.91893 218.93212 224.99974 230.66744 236.04866 240.94516 245.38272 249.23299 252.51662 255.58881 258.20265 260.50708 262.39269 264.20725 265.78804 266.87379 268.16065 268.83102 269.67269 269.99985 269.99985 269.4882 268.15263 265.48609 261.46908 255.06857 242.74482 227.60269 208.30089 194.93149 184.899 181.43203 180.00021 181.16905 184.23666 187.85317 192.72446 197.65018 202.79648 207.49932 213.15785 217.56848 221.98713 226.02935 229.73753 233.13002 235.99652 238.73641 241.26029 243.7051 245.8365 247.60522
181.1742 182.53383 184.39193 186.85451 190.08312 193.97924 198.47524 203.68457 209.45368 215.50125 221.78201 227.86224 233.71844 239.15753 244.07981 248.36897 252.04049 255.40318 258.33787 260.81133 262.98341 264.88964 266.26875 267.58025 268.81898 269.34496 269.99985 269.99985 269.50596 268.2466 265.7634 262.1171 255.69997 245.89781 230.82615 214.6951 199.53693 189.46261 182.79281 180.00021 180.00021 182.1213 184.92708 188.2594 192.99489 198.68723 203.58716 208.72029 213.69013 218.75164 223.47224 227.79291 231.76638 235.14568 238.57025 241.50437 244.0334 246.22783 248.41596 250.34625
180.62302 181.68242 183.10908 185.18548 187.97636 191.40322 195.46148 200.37287 205.87499 211.84692 218.24629 224.73848 231.12982 236.85997 242.34547 247.15602 251.36325 255.16712 258.37912 261.00269 263.30484 265.27982 266.89843 268.17211 269.33006 269.99985 269.99985 269.51856 268.31535 266.63372 262.67344 257.90528 248.42856 236.72533 220.23617 205.82113 192.52908 185.57223 181.27275 180.00021 181.06076 182.96068 185.61749 189.75253 194.4439 199.17883 204.56692 210.00487 215.31103 220.3416 225.39508 229.73352 234.07711 237.76295 241.26029 244.1033 247.03054 249.40603 251.66176 253.3835
180.23341 180.92668 182.11099 183.81382 186.07242 189.02315 192.70326 197.08123 202.28311 207.9892 214.53811 221.10936 227.88516 234.38422 240.34069 245.77233 250.64075 254.81074 258.28458 261.33558 263.75346 265.80809 267.4267 268.95191 269.61826 269.99985 269.99985 268.88774 267.39748 263.82967 258.69024 251.56493 239.74367 226.08092 210.14123 197.44735 188.53098 183.81382 181.16905 180.00021 181.00518 182.86214 186.4414 190.46013 195.25521 200.46225 205.88702 211.70139 216.87005 222.35726 227.4543 232.26714 236.72533 240.76697 244.0059 247.31931 250.17379 252.6461 254.801 256.62128
180.07813 180.42305 181.20113 182.53383 184.35584 186.81841 189.93645 193.88814 198.54284 204.03866 210.36067 217.04938 224.15005 231.10289 237.85405 243.92454 249.24617 254.13408 257.92591 261.20609 264.0938 266.18567 268.1406 269.19312 269.99985 269.99985 269.44351 268.06955 265.48609 260.98092 254.64974 244.59204 231.34009 217.1846 203.80603 192.99489 186.48323 182.38601 180.00021 180.00021 180.98799 183.81382 187.35241 190.61941 195.47867 201.0375 206.91662 212.64448 218.43709 224.52648 230.27382 235.1961 239.39989 243.65353 247.27577 250.76909 253.41272 255.78878 258.09379 259.80865
180.00021 180.08558 180.55999 181.53975 182.95324 184.92077 187.49221 190.81364 195.11484 200.13624 205.96952 212.73501 219.87406 227.24173 234.53319 241.44019 247.7095 253.07238 257.58557 261.19807 264.25136 266.7529 268.26436 269.5306 269.99985 269.99985 268.69809 266.23609 262.87512 257.24237 248.42856 237.09488 222.79729 209.358 197.96931 189.68893 183.73131 181.16905 180.00021 180.00021 181.9752 183.81382 187.47158 192.03061 196.44066 202.2854 208.07228 214.59254 221.18614 227.0452 233.13002 238.39263 243.17798 247.21733 251.10198 254.11631 257.06762 259.14345 261.36308 262.91695
180.15949 180.00021 180.18929 180.72901 181.73226 183.22253 185.35106 188.17632 191.74585 196.17596 201.6689 207.8832 215.01653 222.91303 230.73562 238.07407 245.36152 251.43659 256.47174 260.82393 264.06286 266.63372 268.46547 269.44351 269.99985 269.31803 267.67822 264.64441 259.50842 252.7183 242.17587 229.39891 215.90977 202.37994 193.32434 186.63277 182.48971 181.14555 180.00021 180.00021 182.00957 184.92708 187.85317 192.63336 197.52584 203.1987 209.85876 216.15843 223.19149 230.09219 236.10367 242.20968 246.80136 251.19996 254.56036 257.83767 260.61079 262.51473 264.21298 265.68376
180.48551 180.08787 180.00021 180.21221 180.82527 181.9752 183.55771 185.7275 188.64443 192.38584 197.15858 202.93227 209.66281 217.388 225.86376 234.1029 242.17587 249.10236 255.10123 259.93069 263.96259 267.1087 268.76799 269.99985 269.99985 269.18167 266.30886 262.47634 256.26376 247.93238 236.30993 222.61395 209.53905 199.4401 190.17537 185.31439 182.48971 180.00021 180.00021 181.08081 182.1213 185.29033 188.4267 192.75769 198.43513 205.14504 211.67561 219.28965 226.36396 233.3105 240.46101 245.80671 250.9066 255.35276 258.9177 261.49544 263.71336 265.53307 267.0961 268.06497
180.98914 180.44884 180.09819 180.00021 180.24085 180.94387 181.9752 183.63047 185.94694 188.93721 192.87515 197.94525 204.1458 211.39028 219.68556 229.05915 237.87525 246.09777 252.9429 258.94348 263.21087 266.46756 269.24641 269.99985 269.99985 268.02486 265.51531 259.6952 252.03075 241.92778 228.81392 217.23502 205.01669 194.82664 188.97273 184.0854 181.30197 180.00021 180.00021 181.16905 182.2909 185.82662 189.27239 193.17251 199.57302 206.02968 214.01958 221.7293 230.47722 238.32445 244.69861 250.75076 255.77388 259.38008 262.32107 264.7527 266.81993 268.04205 269.09801 269.57873
181.77122 181.00976 180.40185 180.11079 180.00021 180.27638 180.93642 181.95629 183.67803 185.9223 189.18874 193.16564 198.43513 204.93419 213.24723 222.39737 232.18406 241.79829 250.08384 256.94501 262.34914 266.47845 269.06077 269.99985 269.99985 267.56363 263.04701 257.47098 248.19881 237.38079 224.99974 210.964 200.77222 191.97618 186.33999 182.93547 181.36385 180.00021 180.00021 181.27275 182.54472 185.19465 189.24603 193.70708 200.22505 208.49569 216.87005 225.97091 235.22188 242.35406 249.82944 255.00497 260.24753 263.66007 265.71069 267.4267 268.81898 269.45955 269.99985 269.99985
182.7676 181.79013 181.03211 180.45457 180.12626 180.00021 180.31992 180.91236 181.88811 183.42363 185.73896 188.90168 193.1473 199.05793 205.76956 214.47222 224.99974 235.30496 245.63768 254.19767 261.25365 265.42593 268.80638 269.99985 269.99985 266.90588 263.08883 254.05443 245.37642 233.13002 220.10095 207.55261 198.43513 190.95402 185.04224 183.17955 181.50766 180.00021 180.00021 181.43203 182.93547 186.00882 189.46261 194.82664 202.75122 211.26365 220.03048 231.07252 239.85883 247.93238 255.65069 260.90987 263.99124 267.31612 268.3864 269.27506 269.99985 269.99985 269.44351 268.45172
183.99716 182.9011 181.90931 181.16905 180.51988 180.14517 180.00021 180.187 180.64593 181.75862 183.24544 185.29033 188.55161 193.03328 198.83849 206.21131 215.53792 226.59142 238.39263 248.96256 258.40777 263.99124 268.45172 269.99985 269.99985 266.05504 261.25365 252.34988 242.24119 226.97473 213.69013 203.1987 195.64253 188.12991 185.71031 181.79013 180.00021 180.00021 180.00021 181.68471 183.46832 185.52754 189.78232 196.50426 204.62365 213.69013 224.99974 235.71291 247.83383 254.29164 260.78898 264.68567 267.66275 268.95821 269.99985 269.99985 269.24641 267.92975 266.85488 264.7527
185.40148 184.18509 183.05866 182.16542 181.3352 180.59838 180.16866 180.00021 180.00021 180.51358 181.21259 182.8988 184.79988 188.05428 192.09478 197.90457 206.56483 216.60706 228.36644 241.82121 252.18086 261.87015 267.87876 269.99985 269.99985 267.39748 261.02733 250.55996 237.26505 224.99974 209.358 200.22505 192.8041 187.12494 184.39881 182.04567 180.00021 180.00021 180.00021 182.04567 182.1213 186.84305 189.86597 196.69907 207.89753 218.65997 231.34009 243.43523 254.74485 261.25365 266.30886 268.40875 269.99985 269.99985 268.89805 267.08922 265.60125 262.87512 260.53745 258.04337
187.08999 185.76187 184.61424 183.46832 182.47768 181.53574 180.86538 180.39383 180.00021 180.00021 180.30961 181.10144 182.21985 183.85049 186.86998 190.61941 196.26018 204.56692 216.87005 229.89911 244.65392 255.2565 263.99124 269.99985 269.99985 266.42345 257.90528 248.96256 237.52861 221.98713 208.30089 200.55622 192.52908 188.53098 185.19465 182.48971 180.00021 180.00021 180.00021 180.00021 182.72634 186.00882 190.00807 199.65381 210.25639 224.99974 239.74367 254.05443 260.53745 267.27372 269.99985 269.99985 268.26436 266.98724 264.68567 260.72767 257.47098 254.18106 250.0168 246.32924
189.0942 187.65092 186.39156 185.11329 183.96451 183.00423 181.95629 181.2103 180.69292 180.26778 180.00021 180.00021 180.45113 181.65205 182.759 185.27371 189.27239 194.03596 203.74931 215.21764 230.19418 248.96256 261.25365 265.23628 269.99985 269.99985 258.69024 251.56493 233.13002 221.18614 206.56483 198.43513 192.09478 187.12494 183.36634 183.17955 180.00021 180.00021 180.00021 180.00021 183.81382 184.39881 190.30486 198.43513 215.53792 234.46214 251.56493 264.80541 269.99985 269.99985 269.99985 267.51035 263.41828 258.69024 254.05443 247.69403 243.43523 239.38156 235.35882 231.80133
