data/aspect_horn_min.txt
ncols	401
nrows	401
xllcorner	0.0
yllcorner	0.0
cellsize	10.0
NODATA_value	-9999.0
[rows 130 to 155 of 401, columns 300 to 359 of 401]
-89.99985 -89.99985 -89.99985 -89.99985 -89.99985 -89.99985 -89.99985 -89.99985 -89.99985 -89.99985 -89.99985 -89.99985 -89.99985 180.00021 180.00021 -89.99985 -89.99985 -89.99985 -89.99985 -89.99985 -89.99985 -89.99985 180.43738 181.7357 184.1639 188.0984 193.9248 202.36734 213.3051 225.61281 237.63117 247.24426 252.67074 254.61135 253.95703 250.81608 246.51603 241.1732 234.57845 227.11453 219.2123 211.48482 204.20768 197.85701 192.58924 188.29893 185.07433 182.72291 181.12607 180.30789 -89.99985 -89.99985 -89.99985 -2.1E-4 -2.1E-4 -89.99985 -89.99985 -89.99985 -89.99985 -89.99985
-89.99985 -89.99985 -89.99985 -89.99985 -89.99985 -89.99985 -89.99985 -89.99985 -89.99985 -89.99985 -89.99985 -89.99985 -89.99985 -89.99985 -89.99985 -89.99985 -89.99985 -89.99985 -89.99985 -89.99985 -89.99985 -89.99985 -89.99985 180.8522 182.56362 185.64614 190.52373 197.85759 207.38473 219.38247 231.93253 243.20548 250.91692 254.77865 255.65585 254.4641 251.21142 246.92168 241.32388 234.47647 226.70487 218.56772 210.45979 203.01822 196.61541 191.41525 187.27678 184.25041 182.12359 180.75995 180.11767 -89.99985 -89.99985 -89.99985 -2.1E-4 -2.1E-4 -89.99985 -89.99985 -89.99985 -89.99985
-89.99985 -89.99985 -89.99985 -89.99985 -89.99985 -89.99985 -89.99985 -89.99985 -89.99985 -89.99985 -89.99985 -89.99985 -89.99985 -89.99985 -89.99985 -89.99985 -89.99985 -89.99985 -89.99985 -89.99985 -89.99985 -89.99985 -89.99985 180.20934 181.45839 183.78632 187.76494 193.60739 202.13529 213.13551 225.73256 237.87869 247.00705 252.84778 255.62147 256.14458 254.64401 251.4979 247.01737 241.19898 234.08399 225.99039 217.4642 209.15001 201.59327 195.2386 190.13641 186.23686 183.41676 181.56954 180.42305 -89.99985 -89.99985 -89.99985 -89.99985 -2.1E-4 -2.1E-4 -89.99985 -89.99985 -89.99985
-89.99985 -89.99985 -89.99985 -89.99985 -89.99985 -89.99985 -89.99985 -89.99985 -89.99985 -89.99985 -89.99985 -89.99985 -89.99985 -89.99985 -89.99985 -89.99985 -89.99985 -89.99985 -89.99985 -89.99985 -89.99985 -89.99985 -89.99985 -89.99985 180.61385 182.25766 185.23246 190.1324 197.39349 207.35665 219.42429 231.93998 241.84814 249.17169 254.00344 256.17323 256.37606 254.75344 251.56493 246.92627 240.8277 233.33342 224.75967 215.87253 207.45921 199.94946 193.73229 188.83293 185.20095 182.64556 181.05961 180.17324 -89.99985 -89.99985 -89.99985 -89.99985 -2.1E-4 -2.1E-4 -89.99985 -89.99985
-89.99985 -89.99985 -89.99985 -89.99985 -89.99985 -89.99985 -89.99985 -89.99985 -89.99985 -89.99985 -89.99985 -89.99985 -89.99985 -89.99985 -89.99985 -89.99985 -89.99985 -89.99985 -89.99985 -89.99985 -89.99985 -89.99985 -89.99985 -89.99985 180.20189 181.20629 183.46202 187.306 193.36273 201.88262 213.03295 225.56755 235.80802 244.13768 250.71638 254.74485 256.59378 256.51529 254.77865 251.44117 246.45243 240.08229 232.11531 223.20295 213.98807 205.47621 198.01973 192.04722 187.47158 184.16619 181.93509 180.5938 180.05522 -89.99985 -89.99985 -89.99985 -89.99985 -2.1E-4 -2.1E-4 -89.99985
-89.99985 -89.99985 -89.99985 -89.99985 -89.99985 -89.99985 -89.99985 -89.99985 -89.99985 -89.99985 -89.99985 -89.99985 -89.99985 -89.99985 -89.99985 -89.99985 -89.99985 -89.99985 -89.99985 -89.99985 -89.99985 -89.99985 -89.99985 -89.99985 -89.99985 180.3967 181.98837 185.0663 189.83904 197.14998 207.23805 218.56314 229.04712 238.37029 246.36248 252.15164 255.55616 257.06819 256.60352 254.66406 251.11401 245.84509 238.92835 230.42966 221.03373 211.69624 203.16031 195.97026 190.38507 186.13659 183.22081 181.28822 180.28268 -89.99985 -89.99985 -89.99985 -89.99985 -89.99985 -2.1E-4 -2.1E-4
-89.99985 -89.99985 -89.99985 -89.99985 -89.99985 -89.99985 -89.99985 -89.99985 -89.99985 -89.99985 -89.99985 -89.99985 -89.99985 -89.99985 -89.99985 -89.99985 -89.99985 -89.99985 -89.99985 -89.99985 -89.99985 -89.99985 -89.99985 -89.99985 -89.99985 -89.99985 180.98111 183.16867 187.12494 193.02583 201.72276 211.82744 221.91379 231.84258 240.91479 248.54774 253.72613 256.40986 257.30883 256.6442 254.50936 250.59606 244.8407 237.28339 228.2255 218.44625 209.08412 200.74186 193.87095 188.6874 184.90301 182.29319 180.75823 180.10793 -89.99985 -89.99985 -89.99985 -89.99985 -89.99985 -2.1E-4
-2.1E-4 -2.1E-4 -2.1E-4 -89.99985 -89.99985 -89.99985 -89.99985 -89.99985 -89.99985 -89.99985 -89.99985 -89.99985 -89.99985 -89.99985 -89.99985 -89.99985 -89.99985 -89.99985 -89.99985 -89.99985 -89.99985 -89.99985 -89.99985 -89.99985 -89.99985 -89.99985 180.38868 181.75346 184.76378 189.62991 196.71912 205.25676 214.6951 224.99974 234.96692 243.56472 250.47058 254.84569 257.11976 257.55349 256.623 254.0785 249.7435 243.39169 235.17547 225.58932 215.56141 206.17522 198.15266 191.75501 187.04358 183.71699 181.57126 180.3881 -89.99985 -89.99985 -89.99985 -89.99985 -89.99985 -89.99985
-2.1E-4 -2.1E-4 -2.1E-4 -2.1E-4 -2.1E-4 -2.1E-4 -89.99985 -89.99985 -89.99985 -89.99985 -89.99985 -89.99985 -89.99985 -89.99985 -89.99985 -89.99985 -89.99985 -89.99985 -89.99985 -89.99985 -89.99985 -89.99985 -89.99985 -89.99985 -89.99985 -89.99985 -89.99985 180.77428 182.93089 186.80294 192.35146 199.21263 207.91815 218.06008 228.36644 238.07693 246.4318 252.46276 256.01051 257.75288 257.84856 256.54623 253.59607 248.4681 241.44363 232.46252 222.39737 212.25774 203.11333 195.5606 189.71471 185.48284 182.63983 180.91752 180.10564 -89.99985 -89.99985 -89.99985 -89.99985 -89.99985
-2.1E-4 -2.1E-4 -2.1E-4 -2.1E-4 -2.1E-4 -2.1E-4 -2.1E-4 -2.1E-4 -2.1E-4 -89.99985 -89.99985 -89.99985 -89.99985 -89.99985 -89.99985 -89.99985 -89.99985 -89.99985 -89.99985 -89.99985 -89.99985 -89.99985 -89.99985 -89.99985 -89.99985 -89.99985 -89.99985 180.19273 181.54834 184.50366 188.55046 194.32702 201.8385 211.26365 221.63362 232.13937 241.43561 249.18372 254.4704 257.25039 258.34818 257.9494 256.2586 252.69137 246.88501 238.93694 229.25739 218.83185 208.79421 200.00561 193.00062 187.79129 184.13238 181.78612 180.49066 -89.99985 -89.99985 -89.99985 -89.99985 -89.99985
-2.1E-4 -2.1E-4 -2.1E-4 -2.1E-4 -2.1E-4 -2.1E-4 -2.1E-4 -2.1E-4 -2.1E-4 183.81382 184.76378 -2.1E-4 -2.1E-4 -89.99985 -89.99985 -89.99985 -89.99985 -89.99985 -89.99985 -89.99985 -89.99985 -89.99985 -89.99985 -89.99985 -89.99985 -89.99985 -89.99985 -89.99985 180.76912 182.49773 185.57681 190.32205 196.58734 205.00524 215.03773 225.73428 235.96788 244.80575 251.56493 255.87071 258.11155 258.76472 257.94826 255.712 251.29736 244.53646 235.80057 225.56182 215.01595 205.08373 196.94143 190.63832 186.04492 182.97673 181.12894 180.15548 -89.99985 -89.99985 -89.99985 -89.99985
-89.99985 -89.99985 -89.99985 -89.99985 -89.99985 -89.99985 -89.99985 -89.99985 182.48971 186.71012 183.81382 -2.1E-4 -2.1E-4 -2.1E-4 -2.1E-4 -2.1E-4 -89.99985 -89.99985 -89.99985 -89.99985 -89.99985 -89.99985 -89.99985 -89.99985 -89.99985 -89.99985 -89.99985 -89.99985 180.19158 181.13066 183.37722 186.98514 192.28099 199.70538 208.92656 219.4157 230.0899 239.8468 247.99369 253.79775 257.22289 258.90051 259.09474 257.90013 254.78667 249.40374 241.70547 232.06546 221.4709 210.88264 201.52394 194.03596 188.44561 184.53804 181.99697 180.59093 -89.99985 -89.99985 -89.99985 -89.99985
-89.99985 -89.99985 -89.99985 -89.99985 -89.99985 -89.99985 -89.99985 -89.99985 182.20266 190.78442 186.33999 -89.99985 -89.99985 -2.1E-4 -2.1E-4 -2.1E-4 -2.1E-4 -2.1E-4 270.00015 -89.99985 -89.99985 -89.99985 -89.99985 -89.99985 -89.99985 -89.99985 -89.99985 -89.99985 -89.99985 180.37206 181.8417 184.6257 188.81746 195.08963 203.27318 213.1315 224.03316 234.44438 243.55326 250.81665 255.82487 258.40376 259.48722 259.04604 257.22576 253.33938 246.89246 238.27059 227.93386 217.04251 206.76823 198.09135 191.39863 186.53537 183.31248 181.28306 180.25575 -89.99985 -89.99985 -89.99985
-89.99985 -89.99985 -89.99985 -89.99985 -89.99985 -89.99985 -89.99985 -89.99985 183.69121 191.76819 185.19465 -89.99985 -89.99985 -89.99985 -89.99985 -89.99985 -89.99985 -2.1E-4 270.00015 -2.1E-4 -2.1E-4 -2.1E-4 -89.99985 -89.99985 -89.99985 -89.99985 -89.99985 -89.99985 -89.99985 -89.99985 180.73245 182.73494 186.07643 191.20096 198.25751 207.47468 217.85954 228.76866 238.71865 246.9297 253.30099 257.32831 259.37091 259.89001 258.92973 256.23912 251.25611 243.75093 234.1791 223.44474 212.52817 202.78732 194.90055 189.01685 184.94999 182.2697 180.6912 180.04891 -89.99985 -89.99985
-89.99985 -89.99985 -89.99985 -89.99985 -89.99985 -89.99985 -89.99985 -89.99985 183.17955 191.68912 186.33999 -89.99985 -89.99985 -89.99985 -89.99985 -89.99985 -89.99985 -89.99985 -89.99985 -89.99985 -2.1E-4 -2.1E-4 -2.1E-4 -2.1E-4 -89.99985 -89.99985 -89.99985 -89.99985 -89.99985 -89.99985 180.18298 181.45037 184.00805 188.10413 194.2617 202.31921 212.23539 222.96746 233.40332 242.67034 250.03628 255.33901 258.46678 260.00002 259.93585 258.42209 254.67724 248.39991 239.97629 229.59257 218.60095 208.05108 199.06366 192.07358 187.02467 183.59151 181.44063 180.30502 -89.99985 -89.99985
-89.99985 -89.99985 -89.99985 -89.99985 -89.99985 -89.99985 -89.99985 -89.99985 184.0854 191.63355 186.91123 181.39708 -89.99985 -89.99985 -89.99985 -89.99985 -89.99985 -89.99985 -89.99985 -89.99985 -89.99985 -89.99985 -89.99985 -2.1E-4 -2.1E-4 -2.1E-4 -89.99985 -89.99985 -89.99985 -89.99985 -89.99985 180.54739 182.36309 185.67421 190.76723 197.73039 206.8112 217.04537 227.95334 237.79962 246.09949 252.6461 257.11747 259.51931 260.42572 259.6889 257.21831 252.3602 245.00399 235.57597 224.8015 213.76633 203.78713 195.67576 189.61387 185.31038 182.48971 180.84704 180.09761 -89.99985
-89.99985 -89.99985 -89.99985 -89.99985 -89.99985 -89.99985 -89.99985 -89.99985 183.50328 191.30983 187.12494 181.16905 180.00021 -89.99985 -89.99985 -89.99985 -89.99985 -89.99985 -89.99985 -89.99985 -89.99985 -89.99985 -89.99985 -89.99985 -89.99985 -2.1E-4 -2.1E-4 -2.1E-4 -89.99985 -89.99985 -89.99985 180.18528 181.28134 183.83846 187.94771 193.85662 202.00752 211.64295 222.26215 232.58742 241.67282 249.07543 254.77865 258.44902 260.23436 260.51568 259.16694 255.62033 249.41577 241.00475 230.80782 219.68671 209.07209 199.89159 192.69867 187.55008 183.95133 181.66007 180.40758 -89.99985
-89.99985 -89.99985 -89.99985 -89.99985 -89.99985 -89.99985 -89.99985 180.00021 184.01435 189.65971 187.27506 182.00957 180.00021 -89.99985 -89.99985 -89.99985 -89.99985 -89.99985 -89.99985 -89.99985 -89.99985 -89.99985 -89.99985 -89.99985 -89.99985 -89.99985 -89.99985 -2.1E-4 -2.1E-4 -2.1E-4 -89.99985 -89.99985 180.55827 182.40148 185.74755 190.65379 197.6095 206.56483 216.69529 227.14604 236.85768 245.01259 251.56493 256.3308 259.2907 260.52657 260.10831 257.77121 253.04374 245.74941 236.50817 225.71709 214.74666 204.69183 196.4292 190.24183 185.7613 182.84781 181.06477 180.14803
-89.99985 -89.99985 -89.99985 -89.99985 -89.99985 -89.99985 180.00021 180.00021 183.46832 188.4267 187.38621 182.64269 180.00021 180.00021 -89.99985 -89.99985 -89.99985 -89.99985 -89.99985 -89.99985 -89.99985 -89.99985 -89.99985 -89.99985 -89.99985 -89.99985 -89.99985 -89.99985 -89.99985 -2.1E-4 -2.1E-4 -89.99985 180.19101 181.31458 183.92612 188.0772 193.99069 201.90496 211.30204 221.56429 231.71596 240.43465 247.73643 253.4683 257.56151 259.82469 260.50479 259.38466 255.92858 249.93544 241.62927 231.53777 220.60115 209.92007 200.69029 193.47561 188.12074 184.40339 181.954 180.61843
-89.99985 -89.99985 -89.99985 -89.99985 -89.99985 -89.99985 180.00021 180.00021 182.97386 187.23667 186.4414 183.09418 180.60927 180.00021 180.00021 -89.99985 -89.99985 -89.99985 -89.99985 -89.99985 -89.99985 -89.99985 -89.99985 -89.99985 -89.99985 -89.99985 -89.99985 -89.99985 -89.99985 -89.99985 -2.1E-4 -2.1E-4 -89.99985 180.58062 182.4731 185.8799 191.01361 197.72351 206.40096 216.104 226.12331 235.44763 243.43523 249.92685 254.99237 258.41178 260.09284 260.08825 257.9494 253.32964 246.15449 236.96883 226.47855 215.61068 205.53637 197.26973 190.96089 186.33311 183.23513 181.29681
-89.99985 -89.99985 -89.99985 -89.99985 -89.99985 180.00021 180.00021 180.00021 181.88811 186.00882 186.33999 183.44713 180.54051 180.00021 180.00021 -89.99985 -89.99985 -89.99985 -89.99985 -89.99985 -89.99985 -89.99985 -89.99985 -89.99985 -89.99985 -89.99985 -89.99985 -89.99985 -89.99985 -89.99985 -89.99985 -2.1E-4 -2.1E-4 180.20132 181.37302 184.0579 188.2657 194.17404 201.97429 210.81044 220.63724 230.00224 238.5141 245.74597 251.50248 255.98473 258.8816 260.00002 259.10391 255.92858 250.10389 241.95758 232.09353 221.34771 210.88837 201.67979 194.34593 188.83407 184.9752 182.39288
-89.99985 -89.99985 -89.99985 -89.99985 180.00021 180.00021 180.00021 180.00021 181.05102 184.35125 185.31439 183.57661 180.4815 180.00021 180.00021 180.00021 -89.99985 -89.99985 -89.99985 -89.99985 -89.99985 -89.99985 -89.99985 -89.99985 -89.99985 -89.99985 -89.99985 -89.99985 -89.99985 -89.99985 -89.99985 -89.99985 -2.1E-4 -2.1E-4 180.81267 182.77333 186.25405 191.23419 197.83811 205.91108 215.03429 224.43939 233.15866 240.87297 247.41328 252.57849 256.54279 258.8753 259.41388 257.69959 253.38694 246.34299 237.39569 227.1025 216.49419 206.60321 198.31022 191.84783 187.12494 183.85794
-89.99985 -89.99985 -89.99985 180.00021 180.00021 180.00021 180.00021 180.00021 180.44425 183.09418 184.48475 183.67459 180.86824 180.00021 180.00021 180.00021 180.00021 -89.99985 -89.99985 -89.99985 -89.99985 -89.99985 -89.99985 -89.99985 -89.99985 -89.99985 -89.99985 -89.99985 -89.99985 -89.99985 -89.99985 -89.99985 -89.99985 -2.1E-4 180.21278 181.64231 184.39881 188.62724 194.31499 201.49071 209.74474 218.65997 227.45258 235.56738 242.59241 248.37069 253.13656 256.67743 258.54986 258.2376 255.55902 250.06321 242.19421 232.66936 222.19512 211.95865 202.8618 195.44257 189.81784 185.7613
-89.99985 -89.99985 -89.99985 180.00021 180.00021 180.00021 180.00021 180.00021 180.37951 181.7357 183.81382 183.69121 181.2017 180.00021 180.00021 180.00021 180.00021 180.00021 -89.99985 -89.99985 -89.99985 -89.99985 -89.99985 -89.99985 -89.99985 -89.99985 -89.99985 -89.99985 -89.99985 -89.99985 -89.99985 -89.99985 -89.99985 -89.99985 -2.1E-4 180.85506 183.08845 186.40645 191.34821 197.42157 204.86371 213.0742 221.42391 229.75529 237.05077 243.48508 248.84166 253.25057 256.35944 257.6125 256.52388 252.89706 246.39857 237.82025 227.91954 217.63953 207.9107 199.57818 193.06651 188.17804
-89.99985 -89.99985 180.00021 180.00021 180.00021 180.00021 180.00021 180.00021 180.00021 180.73933 182.84208 183.24716 181.47844 180.31992 180.00021 180.00021 180.00021 180.00021 180.00021 -89.99985 -89.99985 -89.99985 -89.99985 -89.99985 -89.99985 -89.99985 -89.99985 -89.99985 -89.99985 -89.99985 -89.99985 -89.99985 -89.99985 -89.99985 -2.1E-4 180.44941 181.92363 184.71279 188.71605 193.8062 200.10759 207.18534 214.99189 222.78526 230.26351 237.04675 242.95338 247.98509 252.16081 255.04393 255.80253 254.22861 249.73662 242.38558 233.27154 223.27972 213.34636 204.38128 196.92424 191.12591
180.00021 180.00021 180.00021 180.00021 180.00021 180.00021 180.00021 180.00021 180.00021 180.3182 181.74601 182.86214 181.69445 180.6127 180.00021 180.00021 180.00021 180.00021 180.00021 180.00021 -89.99985 -89.99985 -89.99985 -89.99985 -89.99985 -89.99985 -89.99985 -89.99985 -89.99985 -89.99985 -89.99985 -89.99985 -89.99985 -89.99985 -89.99985 -2.1E-4 181.11003 183.12226 186.14346 190.23725 195.35032 201.38472 208.1015 215.43078 222.50165 229.56679 235.88881 241.50723 246.44097 250.48433 253.10504 253.51184 251.44289 246.10407 238.06834 228.69532 218.85706 209.46285 201.31023 194.66908
