data/aspect_sharpnack_max.txt
ncols	401
nrows	401
xllcorner	0.0
yllcorner	0.0
cellsize	10.0
NODATA_value	-9999.0
[rows 130 to 155 of 401, columns 0 to 59 of 401]
-9999.0 269.99985 269.99985 269.99985 269.99985 269.99985 269.99985 269.99985 269.99985 269.99985 269.99985 269.99985 269.99985 269.99985 269.99985 269.99985 269.99985 269.99985 269.99985 269.99985 269.99985 269.99985 268.09075 265.91466 266.18567 266.81993 267.33674 268.87685 269.01207 269.10489 269.16963 269.2149 269.2361 268.4924 267.73953 266.86348 264.44732 262.69406 258.95895 254.33175 247.58402 237.92624 226.31182 213.37787 201.44774 192.61388 186.30561 182.55618 180.84246 180.74391 181.41427 183.45171 187.10145 193.05505 201.33659 211.67561 222.93996 233.82043 242.70872 249.56015
-9999.0 269.99985 269.99985 269.99985 269.99985 269.99985 269.99985 269.99985 269.99985 269.99985 269.99985 269.99985 269.99985 269.99985 269.99985 269.99985 269.99985 269.99985 269.99985 269.99985 269.99985 269.99985 269.99985 266.81993 265.10106 265.60125 266.26875 267.87876 268.12227 269.16963 269.2361 269.27506 269.31001 268.65225 268.65225 267.24106 265.71069 263.2464 258.69024 254.47613 247.49636 238.15084 226.46881 213.51824 201.6053 192.57549 186.26321 183.64651 182.30006 181.36843 181.79529 183.37665 186.50386 191.95899 199.26133 208.72259 219.14068 229.56908 238.72208 245.94479
-9999.0 269.99985 269.99985 269.99985 269.99985 269.99985 269.99985 269.99985 269.99985 269.99985 269.99985 269.99985 269.99985 269.99985 269.99985 269.99985 269.99985 269.99985 269.99985 269.99985 269.99985 269.99985 269.99985 268.78117 265.91466 264.68567 265.33311 266.98724 268.23743 268.43052 269.28365 269.33407 269.36329 268.76799 268.78117 268.15263 266.81993 264.68567 261.57279 256.5044 249.81397 239.4526 226.6682 214.07745 203.12078 195.42194 190.03041 186.54625 184.06764 182.7464 182.44044 183.57661 186.40072 191.05028 197.69258 206.38836 216.18192 226.12331 235.04656 242.64169
-9999.0 269.99985 269.99985 269.99985 269.99985 269.99985 269.99985 269.99985 269.99985 269.99985 269.99985 269.99985 269.99985 269.99985 269.99985 269.99985 269.99985 269.99985 360.00006 269.99985 269.99985 269.99985 269.99985 269.02926 266.76035 265.33311 264.50748 266.18567 267.47368 268.51188 268.65225 268.75481 268.81898 268.85451 268.87685 268.31535 267.70916 265.87226 263.79644 260.10601 254.62395 246.70568 236.10367 224.50184 212.13741 202.57933 195.06843 190.49164 187.12494 184.95973 183.62646 184.07222 186.3801 190.38908 196.47676 204.37899 213.58413 223.10325 231.96978 239.62105
-9999.0 269.99985 269.99985 269.99985 269.99985 269.99985 269.99985 269.99985 269.99985 269.99985 269.99985 269.99985 269.99985 269.99985 269.99985 269.99985 269.99985 269.99985 360.00006 269.99985 269.99985 269.99985 269.99985 269.99985 268.20993 266.05504 264.89766 265.46202 266.77524 267.87876 268.71241 268.81898 268.88774 268.9393 268.95821 268.45172 267.91772 267.32471 265.55885 263.01893 258.81113 252.80138 244.65392 233.67318 221.84504 211.05968 202.15019 195.73191 191.24737 187.98037 185.79912 185.15855 186.56745 190.23725 195.62764 202.89045 211.55701 220.6212 229.23619 236.92643
-9999.0 269.99985 269.99985 269.99985 269.99985 269.99985 269.99985 269.99985 269.99985 269.99985 269.99985 269.99985 269.99985 269.99985 269.99985 269.99985 269.99985 360.00006 360.00006 269.99985 269.99985 269.99985 269.99985 269.99985 269.25615 266.68242 264.55962 264.80541 266.13468 267.27372 268.15263 268.87685 268.94904 268.99488 269.02926 269.03728 268.556 268.04205 266.98724 264.70973 262.18471 257.53515 251.17532 242.86514 232.12505 220.85554 210.69986 202.68648 196.49166 192.1366 189.1704 187.42231 187.59477 190.28767 195.2724 201.87459 210.05987 218.65997 227.06698 234.67815
-9999.0 269.99985 269.99985 269.99985 269.99985 269.99985 269.99985 269.99985 269.99985 269.99985 269.99985 269.99985 269.99985 269.99985 269.99985 269.99985 360.00006 360.00006 360.00006 269.99985 269.99985 269.99985 269.99985 269.99985 269.36329 267.87876 265.23628 264.28918 265.60125 266.67268 268.22826 268.37895 268.99488 269.0453 269.07624 269.09801 269.09801 268.63621 267.67192 266.63372 264.43987 260.88867 256.37319 249.51317 241.00417 230.79292 220.77762 211.04536 203.46627 197.78368 193.75521 190.92308 189.67804 191.10929 195.1664 201.19793 208.89848 217.21669 225.37961 232.83781
-9999.0 269.99985 269.99985 269.99985 269.99985 269.99985 269.99985 269.99985 269.99985 269.99985 269.99985 269.99985 269.99985 269.99985 360.00006 360.00006 360.00006 360.00006 360.00006 269.99985 269.99985 269.99985 269.99985 269.99985 269.99985 268.15263 266.55236 264.73781 264.99907 266.78441 267.68625 268.42364 269.02926 269.08312 269.55924 269.56899 269.1513 269.145 268.26436 267.31612 266.27849 263.66007 260.19998 255.17342 248.7202 240.11322 230.47722 220.65672 211.81427 204.9932 199.6985 195.82817 193.14214 193.06136 196.00407 201.25064 208.24417 216.30797 224.20448 231.55438
-9999.0 269.99985 269.99985 269.99985 269.99985 269.99985 269.99985 269.99985 269.99985 269.99985 269.99985 269.99985 360.00006 360.00006 360.00006 360.00006 360.00006 360.00006 269.99985 269.99985 269.99985 269.99985 269.99985 269.99985 269.99985 268.91925 266.95515 265.23628 265.17898 266.2275 267.166 268.46547 269.05332 269.11176 269.57586 269.58789 269.59362 269.1874 268.77257 268.31535 267.39748 265.91466 263.28994 259.87511 254.56036 248.29965 239.78263 230.59926 221.55283 213.56981 207.40765 202.46875 198.79437 196.91679 197.84269 202.13529 208.43496 215.85648 223.596 230.65942
-9999.0 269.99985 269.99985 269.99985 269.99985 269.99985 269.99985 360.00006 629.99985 360.00006 360.00006 360.00006 360.00006 360.00006 360.00006 360.00006 269.99985 269.99985 269.99985 269.99985 269.99985 269.99985 269.99985 269.99985 269.99985 269.51455 267.83865 265.69579 264.7464 265.74105 267.221 267.99049 269.06822 269.13182 269.58503 269.59935 269.60737 269.61024 269.2149 268.79836 268.35145 267.43644 265.53307 262.93299 259.07698 254.33805 247.90602 239.66804 231.8145 223.34447 216.27646 210.57897 205.83029 202.55298 201.50905 204.03751 209.51155 216.19338 223.65387 230.49212
-9999.0 360.00006 360.00006 360.00006 360.00006 360.00006 360.00006 360.00006 629.99985 360.00006 360.00006 360.00006 360.00006 269.99985 269.99985 269.99985 269.99985 269.99985 269.99985 269.99985 269.99985 269.99985 269.99985 269.99985 269.99985 269.55581 268.53136 266.66638 265.03001 265.82929 267.24736 267.99049 268.62532 269.145 269.59362 269.60737 269.61826 269.62055 269.62055 269.23094 268.81497 268.37494 267.03193 265.56745 262.52848 259.2609 254.12433 247.81607 240.69764 233.32539 225.97091 219.69931 214.62405 210.44891 207.63339 208.04019 211.62404 217.74667 224.35631 231.07883
-9999.0 360.00006 360.00006 360.00006 360.00006 269.99985 269.99985 269.99985 269.99985 269.99985 269.99985 269.99985 269.99985 269.99985 269.99985 269.99985 269.99985 269.99985 269.99985 269.99985 269.99985 269.99985 269.99985 269.99985 269.99985 269.58789 268.64652 266.96088 265.42593 265.28498 266.72941 267.99049 268.62532 269.145 269.59649 269.6131 269.99985 269.99985 269.99985 269.62571 269.61826 269.2149 268.37494 267.03193 265.12627 262.58864 259.35086 254.39592 248.8537 242.54314 235.91115 229.44762 224.11853 219.66092 216.52914 214.81313 216.23865 220.8607 226.56678 232.49976
-9999.0 269.99985 269.99985 269.99985 269.99985 269.99985 269.99985 269.99985 269.99985 269.99985 269.99985 269.99985 269.99985 269.99985 269.99985 269.99985 269.99985 269.99985 269.99985 269.99985 269.99985 269.99985 269.99985 269.99985 269.99985 269.99985 269.1513 267.65301 266.29167 265.95534 266.76035 267.99049 268.62532 269.145 269.59649 269.99985 269.99985 269.99985 269.99985 269.99985 269.62284 269.61539 269.20401 268.35145 267.00958 265.53307 262.99086 259.35086 255.13159 250.31302 244.74673 239.03606 234.1029 229.66706 226.0706 223.77075 223.18175 225.83053 230.33226 235.42872
-9999.0 269.99985 269.99985 269.99985 269.99985 269.99985 269.99985 269.99985 269.99985 269.99985 269.99985 269.99985 269.99985 269.99985 269.99985 269.99985 269.99985 269.99985 269.99985 269.99985 269.99985 269.99985 269.99985 269.99985 269.99985 269.99985 269.19885 268.23743 267.01359 266.07394 266.76035 267.99049 268.60298 269.13869 269.59362 269.99985 269.99985 269.99985 269.99985 269.99985 269.99985 269.99985 269.60737 269.19312 268.32739 267.37742 265.46202 263.45381 260.29967 256.20073 252.18086 247.49006 243.22897 239.33572 236.08247 233.5838 232.21729 232.74499 235.82292 239.8955
-9999.0 269.99985 269.99985 269.99985 269.99985 269.99985 269.99985 269.99985 269.99985 269.99985 269.99985 269.99985 269.99985 269.99985 269.99985 269.99985 269.99985 269.99985 269.99985 269.99985 269.99985 269.99985 269.99985 269.99985 269.99985 269.99985 269.61539 268.31535 267.16142 266.29167 266.72941 267.97272 268.57949 269.55924 269.58789 269.99985 269.99985 269.99985 269.99985 269.99985 269.99985 269.99985 269.99985 269.59649 269.16963 268.70783 267.31612 265.84877 263.81706 261.32699 257.83767 254.45035 250.97421 247.86477 244.95758 243.07771 241.7748 241.27977 242.59241 245.2051
-9999.0 269.99985 269.99985 269.99985 269.99985 269.99985 269.99985 269.99985 269.99985 269.99985 269.99985 269.99985 269.99985 269.99985 269.99985 269.99985 269.99985 269.99985 269.99985 269.99985 269.99985 269.99985 269.99985 269.99985 269.99985 269.99985 269.62571 268.77257 267.7275 266.42345 266.69789 267.93606 268.54339 269.54893 269.57586 269.99985 269.99985 269.99985 269.99985 269.99985 269.99985 269.99985 269.99985 269.99985 269.99985 269.56612 268.65741 267.69083 266.21718 264.7189 262.21278 259.82469 257.57411 254.74485 252.67189 251.04182 250.34625 249.98643 250.32391 251.56493
-9999.0 269.99985 269.99985 269.99985 269.99985 269.99985 269.99985 269.99985 269.99985 269.99985 269.99985 269.99985 269.99985 269.99985 269.99985 269.99985 269.99985 269.99985 269.99985 269.99985 269.99985 269.99985 269.99985 269.99985 269.99985 269.99985 269.63258 268.79836 267.78021 267.01359 266.69789 267.89824 268.50558 269.53403 269.99985 269.99985 269.99985 269.99985 269.99985 269.99985 269.99985 269.99985 269.99985 269.99985 269.99985 269.99985 269.54549 269.06822 268.09075 267.08922 265.60125 264.14422 262.34227 260.23321 258.86384 257.69959 256.91693 256.75937 257.18106 257.73511
-9999.0 269.99985 269.99985 269.99985 269.99985 269.99985 269.99985 269.99985 269.99985 269.99985 269.99985 269.99985 269.99985 269.99985 269.99985 269.99985 269.99985 269.99985 269.99985 269.99985 269.99985 269.99985 269.99985 269.99985 269.99985 269.99985 269.63488 268.80638 268.25118 267.55275 267.24736 267.83865 268.97712 269.51455 269.99985 269.99985 269.99985 269.99985 269.99985 269.99985 269.99985 269.99985 269.99985 269.99985 269.99985 269.99985 269.99985 269.99985 269.51054 268.51875 268.00768 267.01359 265.60125 264.33616 263.66007 262.71584 262.37894 262.18471 262.15835 262.87512
-9999.0 269.99985 269.99985 269.99985 269.99985 269.99985 269.99985 269.99985 269.99985 269.99985 269.99985 269.99985 269.99985 269.99985 269.99985 269.99985 269.99985 269.99985 269.99985 269.99985 269.99985 269.99985 269.99985 269.99985 269.99985 269.99985 269.63029 268.79836 268.25118 267.57395 267.27372 267.75443 268.9393 269.49278 269.99985 269.99985 269.99985 269.99985 269.99985 269.99985 269.99985 269.99985 269.99985 269.99985 269.99985 269.99985 269.99985 269.99985 269.99985 269.48361 269.48361 268.46547 267.99049 267.06459 266.74258 266.03957 265.88487 265.8333 266.18567 266.54148
-9999.0 269.99985 269.99985 269.99985 269.99985 269.99985 269.99985 269.99985 269.99985 269.99985 269.99985 269.99985 269.99985 269.99985 269.99985 269.99985 269.99985 269.99985 269.99985 269.99985 269.99985 269.99985 269.99985 269.99985 269.99985 269.99985 269.24641 268.78117 268.22368 267.53212 267.24736 267.66275 268.88774 269.46929 269.99985 269.99985 269.99985 269.99985 269.99985 269.99985 269.99985 269.99985 269.99985 269.99985 269.99985 269.99985 269.99985 269.99985 269.99985 269.99985 269.99985 269.45955 269.47445 268.97712 268.54339 268.62532 268.29014 268.43052 268.56803 268.70554
-9999.0 269.99985 269.99985 269.99985 269.99985 269.99985 269.99985 269.99985 269.99985 269.99985 269.99985 269.99985 269.99985 269.99985 269.99985 269.99985 269.99985 269.99985 269.99985 269.99985 269.99985 269.99985 269.99985 269.99985 269.99985 269.64404 269.22063 268.73648 268.16696 267.46623 267.75443 268.17211 268.83102 269.44351 269.99985 269.99985 269.99985 269.99985 269.99985 269.99985 269.99985 269.99985 269.99985 269.99985 269.99985 269.99985 269.99985 269.99985 269.99985 269.99985 269.99985 269.99985 269.99985 269.99985 269.99985 269.51856 269.55581 269.59076 269.62571 269.66123
-9999.0 269.22578 269.07624 268.98629 269.44351 269.37017 269.99985 269.99985 269.99985 269.99985 269.99985 269.99985 269.99985 269.99985 269.99985 269.99985 269.99985 269.99985 269.99985 269.99985 269.99985 269.99985 269.99985 269.99985 269.99985 269.62284 268.77257 268.23743 268.09075 267.37341 267.66275 268.06955 268.76799 269.99985 269.99985 269.99985 269.99985 269.99985 269.99985 269.99985 269.99985 269.99985 269.99985 269.99985 269.99985 269.99985 269.99985 269.99985 269.99985 269.99985 269.99985 269.99985 269.99985 269.99985 269.99985 269.99985 269.99985 269.99985 269.99985 269.99985
-9999.0 266.68242 265.98571 266.11233 266.30886 267.24106 267.61405 268.43052 268.69809 269.44351 269.99985 269.99985 269.99985 269.99985 269.99985 269.99985 269.99985 269.99985 269.99985 269.99985 269.99985 269.99985 269.99985 269.66696 269.63258 269.19312 268.68835 268.12227 267.97272 267.221 267.53728 267.95439 269.34152 269.99985 269.99985 269.99985 269.99985 269.99985 269.99985 269.99985 269.99985 269.99985 269.99985 269.99985 269.99985 269.99985 269.99985 269.99985 269.99985 269.99985 269.99985 269.99985 269.99985 269.99985 269.99985 269.99985 269.99985 269.99985 269.99985 269.99985
-9999.0 262.54968 260.1805 260.23837 260.42572 260.78898 261.11958 262.52848 264.6679 266.74831 267.73208 269.01207 269.57873 269.62571 269.99985 269.99985 269.99985 269.99985 269.99985 269.99985 269.99985 269.67785 269.65894 269.26073 268.78976 268.23743 267.63353 267.46623 267.24736 266.98724 267.33674 268.54969 269.28365 269.99985 269.99985 269.99985 269.99985 269.99985 269.99985 269.99985 269.99985 269.99985 269.99985 269.99985 269.99985 269.99985 269.99985 269.99985 269.99985 269.99985 269.99985 269.99985 269.99985 269.99985 269.99985 269.43262 269.48361 269.06822 268.74564 268.48266
-9999.0 256.73358 252.47422 250.52329 249.95492 250.51413 250.34625 249.82944 255.30291 259.90261 263.21087 265.99602 267.55275 268.27754 268.83102 269.27506 269.30542 269.32605 269.33006 269.32204 269.30542 269.27506 268.84649 268.33999 267.7275 267.06459 266.8778 266.66638 266.3862 266.7105 267.10126 268.43052 269.22578 269.99985 269.99985 269.99985 269.99985 269.99985 269.99985 269.99985 269.99985 269.99985 269.99985 269.99985 269.99985 269.99985 269.99985 269.99985 269.99985 269.99985 269.99985 269.19312 268.45172 268.58579 267.39748 267.07948 266.84915 266.71623 266.60851 266.16046
-9999.0 249.55041 241.85845 237.42605 236.10367 235.14568 234.46214 232.90713 239.74367 247.52042 253.61039 259.08901 263.08883 264.94292 266.33808 267.03193 267.58025 268.03861 268.05179 268.03861 267.98361 267.47368 267.31612 266.63372 265.84018 265.60125 265.33311 265.64881 265.29243 266.28479 266.72941 268.26436 269.145 269.99985 269.99985 269.99985 269.99985 269.99985 269.99985 269.99985 269.99985 269.99985 269.99985 269.99985 269.99985 269.99985 269.99985 269.99985 268.99488 268.05867 267.18433 266.47845 265.10106 264.87188 264.7464 264.7527 264.80541 264.88964 264.53956 263.87092
