data/aspect_4cell_min.txt
ncols	401
nrows	401
xllcorner	0.0
yllcorner	0.0
cellsize	10.0
NODATA_value	-9999.0
[rows 312 to 337 of 401, columns 0 to 59 of 401]
-9999.0 180.00021 180.00021 180.00021 180.00021 180.00021 180.16923 180.29299 180.64651 181.04185 181.6784 182.3098 183.0409 183.79205 184.83368 185.91829 187.33694 188.99966 190.93798 193.21606 195.84593 198.92157 202.35473 206.22965 210.54345 215.10705 219.03124 222.0175 223.79596 223.56792 221.92181 217.60859 212.78829 207.72048 202.95004 198.50503 194.55105 191.11846 188.19637 185.755 183.81153 182.29319 181.21603 180.46202 180.09761 180.00021 180.00021 180.00021 180.00021 180.00021 180.00021 180.00021 180.00021 180.00021 180.00021 180.00021 180.00021 180.00021 180.00021 180.00021
-9999.0 180.00021 180.00021 180.00021 180.00021 180.00021 180.17496 180.29987 180.52332 180.92783 181.45839 182.08234 182.70572 183.3904 184.25041 185.22616 186.37666 187.7678 189.46261 191.40093 193.66525 196.27336 199.26649 202.66585 206.44508 210.58126 214.79078 218.12081 220.60115 221.66513 220.57995 217.6401 213.32286 208.4533 203.76879 199.4189 195.47351 191.98534 188.99966 186.49526 184.44407 182.8524 181.63028 180.76454 180.21908 180.00021 180.00021 180.00021 180.00021 180.00021 180.00021 180.00021 180.00021 180.00021 180.00021 180.00021 180.00021 180.00021 180.00021 180.00021
-9999.0 180.00021 180.00021 180.00021 180.00021 180.00021 180.17955 180.30732 180.39784 180.81324 181.13982 181.77523 182.39288 183.00022 183.70782 184.52257 185.5092 186.717 188.0898 189.74336 191.69829 193.94715 196.54666 199.4315 202.7283 206.38606 210.36755 214.09521 217.07574 219.10687 219.03812 217.6974 213.74055 209.3769 204.78407 200.46913 196.50598 193.02297 189.95306 187.3335 185.20038 183.4603 182.09265 181.11519 180.45686 180.09017 180.00021 180.00021 180.00021 180.00021 180.00021 180.00021 180.00021 180.00021 180.00021 180.00021 180.00021 180.00021 180.00021 180.00021
-9999.0 180.00021 180.00021 180.00021 180.00021 180.00021 180.00021 180.15777 180.40472 180.58463 180.92898 181.3862 182.01244 182.53956 183.13257 183.87054 184.71279 185.70515 186.90779 188.323 189.94619 191.85299 194.06002 196.58906 199.42405 202.62345 206.14542 209.90689 213.24723 215.90117 217.56046 216.45522 214.29517 210.2627 205.91395 201.62249 197.69028 194.11732 190.99584 188.31383 186.01913 184.15645 182.67191 181.5472 180.74506 180.2357 180.02943 180.00021 180.00021 180.00021 180.00021 180.00021 180.00021 180.00021 180.00021 180.00021 180.00021 180.00021 180.00021 180.00021
-9999.0 180.00021 180.00021 180.00021 180.00021 180.00021 180.00021 180.15892 180.27466 180.47233 180.72271 181.10144 181.57069 182.10984 182.6404 183.26894 183.97597 184.83769 185.84152 187.04415 188.43759 190.04072 191.92174 194.09096 196.57072 199.30488 202.36791 205.73518 209.24283 212.24685 214.66359 215.40728 214.06771 211.07229 207.18305 202.9615 198.97371 195.37038 192.17556 189.37896 186.97998 184.98323 183.36978 182.09437 181.14555 180.49181 180.08558 180.00021 180.00021 180.00021 180.00021 180.00021 180.00021 180.00021 180.00021 180.00021 180.00021 180.00021 180.00021 180.00021
-9999.0 180.00021 180.00021 180.00021 180.00021 180.00021 180.00021 180.00021 180.13887 180.35831 180.51817 180.82241 181.22577 181.7019 182.17115 182.69942 183.29873 183.98972 184.87322 185.88793 187.09056 188.47769 190.06364 191.92174 194.0159 196.42233 199.04189 202.02585 205.23671 208.54382 211.2224 213.35839 213.24437 211.78275 208.28427 204.42139 200.4422 196.7959 193.46472 190.58274 188.05714 185.916 184.13525 182.73207 181.62913 180.79949 180.25403 180.02829 180.00021 180.00021 180.00021 180.00021 180.00021 180.00021 180.00021 180.00021 180.00021 180.00021 180.00021 180.00021
-9999.0 180.00021 180.00021 180.00021 180.00021 180.00021 180.00021 180.00021 180.00021 180.24257 180.41732 180.54739 180.89116 181.31343 181.79414 182.20495 182.71832 183.3079 184.03326 184.88697 185.86959 187.07223 188.41811 189.99603 191.79627 193.87324 196.17825 198.74682 201.55145 204.62479 207.66777 210.19451 212.1271 211.29116 209.47431 205.86295 202.0419 198.32168 194.95556 191.89711 189.27697 186.97024 185.07089 183.49869 182.19808 181.19254 180.50499 180.13944 180.00021 180.00021 180.00021 180.00021 180.00021 180.00021 180.00021 180.00021 180.00021 180.00021 180.00021 180.00021
-9999.0 180.00021 180.00021 180.00021 180.00021 180.00021 180.00021 180.00021 180.00021 180.12225 180.21049 180.36633 180.64536 180.93814 181.3077 181.73914 182.16656 182.67019 183.25404 183.97024 184.84915 185.84954 187.01665 188.36597 189.90665 191.66391 193.66468 195.88375 198.32856 201.01057 203.9275 206.75218 209.11678 210.70273 209.46743 207.2306 203.77911 200.04686 196.57072 193.42175 190.60795 188.19637 186.10164 184.36214 182.86672 181.70476 180.86996 180.33482 180.05579 180.00021 180.00021 180.00021 180.00021 180.00021 180.00021 180.00021 180.00021 180.00021 180.00021 180.00021
-9999.0 180.00021 180.00021 180.00021 180.00021 180.00021 180.00021 180.00021 180.00021 180.00021 180.10678 180.18413 180.40357 180.64536 180.90548 181.29681 181.68643 182.11901 182.62149 183.20648 183.95247 184.77352 185.79052 186.93587 188.25882 189.76914 191.49833 193.42519 195.54513 197.89196 200.44621 203.19354 205.85837 208.02759 209.1248 207.85857 205.30948 201.92731 198.34747 195.10223 192.1515 189.54512 187.30428 185.35393 183.67459 182.34647 181.35583 180.64536 180.22481 180.02829 180.00021 180.00021 180.00021 180.00021 180.00021 180.00021 180.00021 180.00021 180.00021 180.00021
-9999.0 180.00021 180.00021 180.00021 180.00021 180.00021 180.00021 180.00021 180.00021 180.00021 180.00021 180.09303 180.24315 180.35831 180.57718 180.93184 181.28249 181.63658 182.07031 182.53612 183.16179 183.86023 184.71107 185.71432 186.84305 188.14481 189.63564 191.27659 193.14959 195.18359 197.4462 199.84346 202.45156 204.92216 206.96131 207.67751 206.32132 203.68113 200.35568 196.95575 193.86063 191.10929 188.68453 186.48724 184.61138 183.13028 181.94426 181.07909 180.48264 180.14288 180.00021 180.00021 180.00021 180.00021 180.00021 180.00021 180.00021 180.00021 180.00021 180.00021
-9999.0 -89.99985 180.00021 180.00021 180.00021 180.00021 180.00021 180.00021 180.00021 180.00021 180.00021 180.00021 180.08157 180.21564 180.38409 180.57833 180.89746 181.21889 181.54548 181.98666 182.50174 183.09017 183.82356 184.66523 185.62322 186.74278 188.03308 189.45172 191.08122 192.85337 194.81518 196.9758 199.2344 201.67406 204.04037 205.94317 206.3769 204.98003 202.27452 199.01095 195.78921 192.84306 190.22292 187.8165 185.75557 184.07738 182.70973 181.64804 180.89574 180.37779 180.08845 180.00021 180.00021 180.00021 180.00021 180.00021 180.00021 180.00021 180.00021 180.00021
-9999.0 -89.99985 180.00021 180.00021 180.00021 180.00021 180.00021 180.00021 180.00021 180.00021 180.00021 180.00021 180.00021 180.0724 180.19215 180.3457 180.57661 180.8671 181.16446 181.50423 181.91676 182.43987 183.03345 183.76454 184.60565 185.56077 186.64709 187.90474 189.28843 190.85719 192.56632 194.44448 196.47676 198.62191 200.90973 203.13567 204.90726 205.13644 203.78999 201.07245 197.92806 194.81976 191.97045 189.34286 187.07509 185.17803 183.64136 182.39689 181.44808 180.74276 180.30101 180.06152 180.00021 180.00021 180.00021 180.00021 180.00021 180.00021 180.00021 180.00021
-9999.0 -89.99985 180.00021 180.00021 180.00021 180.00021 180.00021 180.00021 180.00021 180.00021 180.00021 180.00021 180.00021 180.00021 180.06438 180.17324 180.31362 180.52676 180.79834 181.11862 181.43318 181.86061 182.39174 182.99162 183.72673 184.53804 185.49717 186.58407 187.78556 189.15092 190.66983 192.30391 194.09612 196.03214 198.03807 200.18895 202.25905 203.95558 204.05756 202.73919 200.08181 197.00961 193.97179 191.12533 188.62781 186.51875 184.73284 183.32165 182.15797 181.28192 180.64823 180.25174 180.0323 180.00021 180.00021 180.00021 180.00021 180.00021 180.00021 180.00021
-9999.0 -89.99985 -89.99985 180.00021 180.00021 180.00021 180.00021 180.00021 180.00021 180.00021 180.00021 180.00021 180.00021 180.00021 180.00021 180.05808 180.1572 180.28726 180.52962 180.78058 181.0407 181.41141 181.85086 182.35851 182.96641 183.67745 184.49736 185.43758 186.505 187.69274 189.01513 190.46013 192.05925 193.7638 195.56232 197.48115 199.45614 201.41565 203.01077 203.08926 201.79495 199.30144 196.18054 193.13527 190.41601 188.07548 186.08044 184.41313 183.08043 182.01817 181.17879 180.58348 180.23283 180.03459 180.00021 180.00021 180.00021 180.00021 180.00021 180.00021
-9999.0 -89.99985 -89.99985 180.00021 180.00021 180.00021 180.00021 180.00021 180.00021 180.00021 180.00021 180.00021 180.00021 180.00021 180.00021 180.00021 180.05292 180.14402 180.26492 180.49124 180.72901 181.01034 181.36328 181.81706 182.33788 182.95897 183.65167 184.48532 185.40893 186.43739 187.61539 188.90741 190.32319 191.83408 193.45498 195.17443 196.94085 198.80469 200.60721 202.11925 202.21665 200.99911 198.53597 195.40705 192.47694 189.8803 187.6492 185.76932 184.18108 182.91313 181.91676 181.10831 180.55025 180.21278 180.03688 180.00021 180.00021 180.00021 180.00021 180.00021
-9999.0 -89.99985 -89.99985 180.00021 180.00021 180.00021 180.00021 180.00021 180.00021 180.00021 180.00021 180.00021 180.00021 180.00021 180.00021 180.00021 180.00021 180.04834 180.13314 180.28726 180.4603 180.72271 180.98799 181.35869 181.79643 182.33215 182.93777 183.64938 184.47215 185.38888 186.4139 187.56497 188.83178 190.17193 191.63527 193.17767 194.79169 196.48535 198.16813 199.88242 201.28101 201.40649 200.20156 197.94525 194.81747 191.97331 189.47923 187.36215 185.5579 184.06363 182.8226 181.85201 181.10774 180.55254 180.19101 180.04032 180.00021 180.00021 180.00021 180.00021
-9999.0 -89.99985 -89.99985 -89.99985 180.00021 180.00021 180.00021 180.00021 180.00021 180.00021 180.00021 180.00021 180.00021 180.00021 180.00021 180.00021 180.00021 180.00021 180.0449 180.12454 180.27007 180.47061 180.6849 181.00518 181.3627 181.81763 182.34132 182.96699 183.67001 184.48704 185.40263 186.43395 187.53976 188.75902 190.08885 191.48057 192.96109 194.47427 196.03673 197.60778 199.17596 200.48173 200.72123 199.42978 197.47714 194.36312 191.64902 189.23285 187.18682 185.43701 183.99831 182.81343 181.86576 181.11347 180.59723 180.20819 180.04376 180.00021 180.00021 180.00021
-9999.0 -89.99985 -89.99985 -89.99985 180.00021 180.00021 180.00021 180.00021 180.00021 180.00021 180.00021 180.00021 180.00021 180.00021 180.00021 180.00021 180.00021 180.00021 180.00021 180.04204 180.11709 180.25518 180.44769 180.68661 180.99601 181.37474 181.84972 182.39403 183.01282 183.74163 184.53403 185.45706 186.46948 187.56211 188.75042 190.04244 191.38431 192.77259 194.22332 195.68665 197.12477 198.5331 199.66126 200.05889 198.82531 197.07206 194.1007 191.42041 189.10508 187.11577 185.41695 183.98742 182.81573 181.88753 181.16389 180.60697 180.27409 180.04834 180.00021 180.00021
-9999.0 -89.99985 -89.99985 -89.99985 180.00021 180.00021 180.00021 180.00021 180.00021 180.00021 180.10907 180.00021 180.00021 180.00021 180.00021 180.00021 180.00021 180.00021 180.00021 180.00021 180.03975 180.11079 180.27867 180.46316 180.72386 181.02466 181.42401 181.89326 182.43414 183.07986 183.8121 184.6406 185.54931 186.5537 187.64232 188.79741 190.04302 191.32701 192.66029 194.02851 195.40074 196.73459 197.93264 198.94735 199.52833 198.34918 196.76324 193.95001 191.36426 189.05925 187.11004 185.45763 184.07394 182.91084 181.96145 181.22577 180.66713 180.30273 180.10793 180.00021
-9999.0 -89.99985 -89.99985 -89.99985 -89.99985 180.00021 180.00021 180.00021 180.00021 180.10564 180.10965 180.1085 180.00021 180.00021 180.00021 180.00021 180.00021 180.00021 180.00021 180.00021 180.00021 180.03803 180.14173 180.26836 180.48035 180.7336 181.08883 181.4836 181.97806 182.54644 183.19789 183.93758 184.75232 185.65645 186.65855 187.74775 188.88679 190.08083 191.35108 192.63966 193.91965 195.19964 196.40342 197.48173 198.41106 198.97142 198.01572 196.57302 193.93512 191.40035 189.13029 187.22005 185.55962 184.18051 183.02715 182.09666 181.34724 180.79032 180.39269 180.12053
-9999.0 -89.99985 -89.99985 -89.99985 -89.99985 180.00021 180.00021 180.00021 180.09704 180.21106 180.33138 180.2208 180.00021 180.00021 180.00021 180.00021 180.00021 180.00021 180.00021 180.00021 180.00021 180.00021 180.03631 180.13715 180.29357 180.49926 180.80865 181.15873 181.58043 182.07604 182.65071 183.33769 184.09514 184.93109 185.83349 186.8419 187.91333 189.03747 190.22235 191.41869 192.66315 193.90017 195.09536 196.19716 197.16087 197.97332 198.55258 197.80889 196.42118 194.02565 191.52812 189.28442 187.4097 185.73838 184.35412 183.21049 182.25308 181.4899 180.8797 180.43967
-9999.0 -89.99985 -89.99985 -89.99985 -89.99985 180.00021 180.00021 180.00021 180.09647 180.21163 180.44769 180.33826 180.00021 180.00021 180.00021 180.00021 180.00021 180.00021 180.00021 180.00021 180.00021 180.00021 180.00021 180.03516 180.16694 180.31992 180.55254 180.8585 181.23723 181.68872 182.2187 182.83062 183.50786 184.28708 185.15167 186.08674 187.08254 188.14251 189.26093 190.412 191.60261 192.80696 193.96147 195.10166 196.10491 197.00732 197.76992 198.27069 197.74471 196.3868 194.2193 191.751 189.52621 187.62399 185.99049 184.60966 183.42134 182.43414 181.65778 181.04872
-9999.0 -89.99985 -89.99985 -89.99985 -89.99985 -89.99985 180.00021 180.00021 180.09647 180.31878 180.57088 180.58119 180.11538 180.00021 180.00021 180.00021 180.00021 180.00021 180.00021 180.00021 180.00021 180.00021 180.00021 180.00021 180.06897 180.19731 180.37951 180.63906 180.97424 181.35411 181.84112 182.4095 183.03746 183.76569 184.54491 185.41753 186.36864 187.38335 188.44446 189.55887 190.70994 191.86674 193.03844 194.15743 195.24203 196.20403 197.03883 197.74815 198.2323 197.87993 196.52546 194.50349 191.99737 189.85222 187.93109 186.27868 184.83598 183.66027 182.6404 181.84972
-9999.0 -89.99985 -89.99985 -89.99985 -89.99985 -89.99985 180.00021 180.08845 180.19444 180.42936 180.81324 180.84074 180.47863 180.00021 180.00021 180.00021 180.00021 180.00021 180.00021 180.00021 180.00021 180.00021 180.00021 180.00021 180.00021 180.1022 180.26148 180.4729 180.73188 181.09857 181.54319 182.04051 182.62608 183.30618 184.06305 184.88124 185.80084 186.7445 187.78957 188.85069 189.97082 191.13335 192.25864 193.3994 194.51037 195.54513 196.44582 197.27603 197.93952 198.38872 198.14578 196.78043 194.88565 192.39558 190.20745 188.25539 186.59152 185.14193 183.92211 182.9412
-9999.0 -89.99985 -89.99985 -89.99985 -89.99985 -89.99985 -89.99985 180.08959 180.29528 180.54452 180.95075 181.12092 180.87569 180.00021 180.00021 180.00021 180.00021 180.00021 180.00021 180.00021 180.00021 180.00021 180.00021 180.00021 180.00021 180.03573 180.136 180.32737 180.57088 180.86251 181.26588 181.75117 182.29433 182.93089 183.6425 184.43949 185.30294 186.2191 187.22521 188.27888 189.38125 190.51972 191.6536 192.7978 193.90704 194.98248 196.00292 196.91851 197.71435 198.34174 198.81443 198.53883 197.20384 195.28615 192.75311 190.58503 188.60776 186.92326 185.47711 184.20859
-9999.0 -89.99985 -89.99985 -89.99985 -89.99985 -89.99985 -89.99985 180.09074 180.40071 180.66771 181.1043 181.4286 181.314 180.26263 180.00021 180.00021 180.00021 180.00021 180.00021 180.00021 180.00021 180.00021 180.00021 180.00021 180.00021 180.00021 180.07126 180.20533 180.39727 180.70781 181.03669 181.48131 182.01358 182.61061 183.27925 184.06191 184.87608 185.79797 186.77716 187.82968 188.89424 190.0201 191.17633 192.33141 193.46243 194.57683 195.65342 196.66927 197.57054 198.35606 199.03788 199.48364 199.09346 197.72581 195.64482 193.1834 190.9735 189.02831 187.33808 185.83579
