data/aspect_4cell_max.txt
ncols	401
nrows	401
xllcorner	0.0
yllcorner	0.0
cellsize	10.0
NODATA_value	-9999.0
[rows 104 to 129 of 401, columns 120 to 179 of 401]
269.99985 269.99985 269.99985 269.99985 269.99985 269.99985 269.99985 269.99985 269.99985 269.99985 269.99985 269.99985 269.99985 269.99985 269.99985 269.99985 269.90187 269.52258 268.89691 267.87647 266.2338 263.87837 260.56896 256.15031 250.31187 243.94918 238.5479 233.19992 227.60899 223.57193 220.90195 218.22051 214.47623 209.74474 203.92235 197.4823 202.68648 214.24189 224.25604 232.04598 237.88499 241.83554 244.49406 245.96599 246.69536 246.94002 246.65354 246.95377 248.19881 249.85293 251.12204 254.42571 259.00135 262.47749 265.09017 266.96489 268.29415 269.1364 269.7065 269.9437
269.99985 269.99985 269.99985 269.99985 269.99985 269.99985 269.99985 269.99985 269.99985 269.99985 269.99985 269.99985 269.99985 269.99985 269.99985 269.99985 269.85432 269.47559 268.79435 267.64327 265.99086 263.53345 260.07393 255.3837 249.20721 242.15467 236.22341 230.72245 225.8185 221.87197 219.96287 217.03448 213.26671 208.39314 202.5037 196.22752 201.1859 212.08699 222.34237 230.4205 236.16956 240.39111 243.08859 244.67855 245.63482 245.73852 245.36037 245.38616 246.02558 247.72268 249.14533 252.85982 257.75116 261.49372 264.23647 266.30656 267.79511 268.8419 269.47788 269.83255
269.99985 269.99985 269.99985 269.99985 269.99985 269.99985 269.99985 269.99985 269.99985 269.99985 269.99985 269.99985 269.99985 269.99985 269.99985 269.99985 269.80734 269.37533 268.63335 267.47482 265.73762 263.1765 259.55311 254.67838 248.15182 240.6965 234.21119 228.59104 224.5918 221.61528 219.55951 216.65633 212.69949 207.89753 202.14102 195.6729 200.08582 211.09234 220.99821 229.08551 235.0689 239.47953 242.16212 243.96694 244.82351 245.0441 244.82752 244.23451 244.32504 245.64685 247.09013 251.21428 256.2735 260.30712 263.29452 265.56401 267.16657 268.36348 269.1937 269.66811
269.99985 269.99985 269.99985 269.99985 269.99985 269.99985 269.99985 269.99985 269.99985 269.99985 269.99985 269.99985 269.99985 269.99985 269.99985 269.95516 269.76093 269.27678 268.52964 267.30065 265.47692 262.89517 259.12855 253.8476 247.22707 239.27785 232.58055 227.62446 223.7696 221.98713 219.98694 216.9749 212.87653 208.16854 202.20347 195.83791 199.68017 210.52167 220.60115 228.81392 234.88785 239.18102 241.93867 243.80708 244.65392 244.94097 244.6161 243.65983 243.48737 243.58077 245.23203 249.49025 254.66521 258.89994 262.16694 264.6679 266.45954 267.82089 268.79205 269.39251
269.99985 269.99985 269.99985 269.99985 269.99985 269.99985 269.99985 269.99985 269.99985 269.99985 269.99985 269.99985 269.99985 269.99985 269.99985 269.95573 269.71509 269.22922 268.36807 267.12532 265.28326 262.50613 258.5808 253.19786 246.21408 238.20126 231.19857 227.40617 224.45715 223.06601 220.87903 218.01138 214.01328 209.02339 203.1987 196.58734 200.0503 210.83795 221.09446 229.15598 235.24423 239.53454 242.29218 244.01793 244.95644 245.27271 244.92894 244.03684 242.96484 242.75914 243.57103 247.59835 252.74351 257.34608 260.83539 263.59819 265.60125 267.14365 268.2678 269.05733
269.99985 269.99985 269.99985 269.99985 269.99985 269.99985 269.99985 269.99985 269.99985 269.99985 269.99985 269.99985 269.99985 269.99985 269.99985 269.91161 269.66868 269.12953 268.26092 266.94484 265.00308 262.18757 258.10639 252.51776 245.26813 237.26505 230.8697 227.79578 226.20754 224.85249 222.87865 220.26654 216.64029 211.62863 205.60226 198.68207 201.43456 212.77913 222.72739 230.65255 236.24461 240.33095 243.11552 244.85789 245.75915 245.99693 245.66977 244.71007 243.43523 242.51793 242.08706 245.5483 250.64075 255.54011 259.36174 262.33597 264.64613 266.32031 267.61176 268.54568
269.99985 269.99985 269.99985 269.99985 269.99985 269.99985 269.99985 269.99985 269.99985 269.99985 269.99985 269.99985 269.99985 269.99985 269.99985 269.91161 269.62284 269.08025 268.15034 266.81993 264.78651 261.84723 257.6125 251.90584 244.43505 236.42338 231.8168 229.26771 228.7085 227.89146 226.27286 224.10765 220.75642 216.02722 210.01862 202.93227 204.71761 216.35324 226.12331 233.55916 238.84069 242.3787 244.82638 246.21064 246.8386 247.04028 246.64208 245.86171 244.52729 242.70987 242.08191 243.43523 248.21542 253.45397 257.64688 260.93508 263.44063 265.39613 266.86921 267.96069
269.99985 269.99985 269.99985 269.99985 269.99985 269.99985 269.99985 269.99985 269.99985 269.99985 269.99985 269.99985 269.99985 269.99985 269.99985 269.86807 269.57643 268.97884 268.09247 266.62627 264.56305 261.49315 257.16674 251.15412 243.60139 236.38499 233.13002 232.42127 232.4757 232.05515 231.27134 229.42584 226.61377 222.20715 216.11088 208.67904 209.69088 221.50757 231.29082 237.99443 242.44745 245.38386 247.21446 248.33574 248.74942 248.75572 248.17646 247.24254 245.93906 244.18524 242.43542 242.50532 245.8514 251.13292 255.65929 259.21564 262.08902 264.22615 265.97024 267.23246
269.99985 269.99985 269.99985 269.99985 269.99985 269.99985 269.99985 269.99985 269.99985 269.99985 269.99985 269.99985 269.99985 269.99985 269.99985 269.86807 269.52945 268.9267 267.97674 266.48991 264.3247 261.19234 256.69462 250.60236 243.15964 237.56012 235.84011 236.40046 236.94649 237.17166 236.73105 235.28949 232.79197 229.1852 223.36338 215.69548 215.75392 227.75223 236.65944 242.74482 246.68906 249.14533 250.55996 251.25152 251.40221 251.07563 250.32333 249.33097 247.92952 246.1098 243.92454 242.54257 244.20529 248.48872 253.3623 257.31055 260.43546 262.92325 264.82776 266.34266
269.99985 269.99985 269.99985 269.99985 269.99985 269.99985 269.99985 269.99985 269.99985 269.99985 269.99985 269.99985 269.99985 269.99985 269.99985 269.86807 269.52888 268.87341 267.91428 266.41199 264.14766 260.95514 256.30902 250.00763 242.99807 239.94993 239.85024 241.09929 242.05842 242.5122 242.40677 241.31357 239.64512 236.48927 231.82138 224.67258 222.93022 234.68903 242.74482 247.55251 250.78743 252.83346 253.86708 254.25898 254.32487 253.86708 253.08556 251.85542 250.41271 248.48471 246.33784 243.98241 243.59681 246.06396 250.86478 255.17113 258.66216 261.38027 263.54834 265.27639
269.99985 269.99985 269.99985 269.99985 269.99985 269.99985 269.99985 269.99985 269.99985 269.99985 269.99985 269.99985 269.99985 269.99985 269.99985 269.86807 269.48075 268.87055 267.84725 266.26187 264.03249 260.70074 255.8942 249.57333 244.63042 242.76659 244.3279 245.88291 246.95205 247.60064 247.79258 247.36286 246.11668 243.84834 239.9316 234.14186 231.49938 241.88195 248.6417 252.39114 254.96773 256.28496 257.04871 257.30368 257.15414 256.69749 255.81571 254.66807 253.2288 251.47784 249.26279 246.59911 244.35254 245.44861 248.60561 253.07582 256.65509 259.64593 262.03574 264.00385
269.99985 269.99985 269.99985 269.99985 269.99985 269.99985 269.99985 269.99985 269.99985 269.99985 269.99985 269.99985 269.99985 269.99985 269.99985 269.86807 269.47903 268.81383 267.77964 266.23666 263.82795 260.42802 255.5659 249.55901 246.65927 247.10961 248.93334 250.55996 251.71218 252.52521 252.92456 252.89706 252.18086 250.65565 248.13349 244.21732 240.69764 248.96256 253.89859 256.83672 258.61747 259.5829 259.97595 260.07679 259.86365 259.27351 258.51949 257.46124 256.02885 254.41482 252.33098 249.95034 247.20014 245.81473 247.31015 250.85103 254.69844 257.89554 260.38275 262.56286
269.99985 269.99985 269.99985 269.99985 269.99985 269.99985 269.99985 269.99985 269.99985 269.99985 269.99985 269.99985 269.99985 269.99985 269.99985 269.8675 269.47731 268.80752 267.76417 266.13869 263.76492 260.24639 255.32583 251.02005 249.41634 251.28991 253.20187 254.67323 255.89306 256.80463 257.39592 257.61938 257.37415 256.72957 255.10982 252.45416 249.21179 255.27426 258.90108 260.81705 261.94406 262.41503 262.61843 262.60354 262.21106 261.70514 260.89899 259.89058 258.67362 257.19195 255.36536 253.12739 250.48605 248.01202 247.28035 249.47192 252.72002 256.08901 258.78649 260.98894
269.99985 269.99985 269.99985 269.99985 269.99985 269.99985 269.99985 269.99985 269.99985 269.99985 269.99985 269.99985 269.99985 269.99985 269.99985 269.8675 269.47502 268.85222 267.74641 266.09973 263.68414 260.14498 255.39974 252.87414 253.1251 255.2502 256.96907 258.41407 259.5978 260.44119 261.11958 261.54013 261.58081 261.36308 260.77351 259.18241 256.86594 260.64689 262.93757 264.01187 264.56764 264.96985 264.87188 264.76588 264.33903 263.83253 263.14326 262.19731 261.06515 259.72328 258.06342 256.11536 253.73988 251.00343 249.07772 248.64858 251.14667 254.19997 257.07048 259.40185
269.99985 269.99985 269.99985 269.99985 269.99985 269.99985 269.99985 269.99985 269.99985 269.99985 269.99985 269.99985 269.99985 269.99985 269.99985 269.86692 269.52028 268.84477 267.78422 266.12494 263.61022 260.05674 256.2185 255.17629 256.72843 258.60315 260.21774 261.59914 262.63963 263.46469 264.21584 264.56764 264.97386 265.03975 264.8524 264.28918 263.0768 264.74984 266.01436 266.63372 266.91447 266.84228 266.78212 266.5008 266.15473 265.64823 264.9985 264.19579 263.23264 262.0174 260.58615 258.82087 256.76395 254.2544 251.63999 249.91711 249.9257 252.46276 255.18431 257.78439
269.99985 269.99985 269.99985 269.99985 269.99985 269.99985 269.99985 269.99985 269.99985 269.99985 269.99985 269.99985 269.99985 269.99985 269.99985 269.86578 269.51685 268.88831 267.82204 266.14614 263.62627 260.06763 257.7672 257.89096 259.87912 261.51549 262.90148 264.06687 265.05064 265.85164 266.45782 266.99526 267.29778 267.47654 267.48055 267.48628 267.19006 267.70916 268.25118 268.42823 268.40473 268.38812 268.26436 267.95783 267.6066 267.20324 266.58789 265.91982 265.03975 264.00213 262.7886 261.27542 259.42821 257.33748 254.69214 252.24962 250.67799 251.25496 253.40355 255.98186
269.99985 269.99985 269.99985 269.99985 269.99985 269.99985 269.99985 269.99985 269.99985 269.99985 269.99985 269.99985 269.99985 269.99985 269.99985 269.8652 269.56211 268.93243 267.85928 266.16332 263.71909 260.55178 259.39727 260.69616 262.51416 263.89842 265.16122 266.13754 266.93567 267.67192 268.11596 268.48552 268.92212 269.1238 269.18167 269.26245 269.38736 269.46929 269.3885 269.50768 269.45439 269.41543 269.1788 268.98858 268.73992 268.36119 267.86787 267.33044 266.59763 265.72444 264.6977 263.41828 261.8415 259.97194 257.77121 255.14019 252.93086 251.18678 252.23243 254.09683
269.99985 269.99985 269.99985 269.99985 269.99985 269.99985 269.99985 269.99985 269.99985 269.99985 269.99985 269.99985 269.99985 269.99985 269.99985 269.9099 269.55867 268.97597 267.89423 266.26703 263.81305 261.53612 261.48283 263.12436 264.59858 265.83559 266.88296 267.65874 268.36921 268.81096 269.18797 269.49393 269.7191 269.84057 269.99985 269.99985 269.99985 269.99985 269.99985 269.99985 269.99985 269.88927 269.80562 269.65092 269.44236 269.18568 268.88201 268.39786 267.86673 267.14996 266.23208 265.21565 263.8778 262.29357 260.33864 258.08634 255.51834 253.34397 251.63598 252.86383
269.99985 269.99985 269.99985 269.99985 269.99985 269.99985 269.99985 269.99985 269.99985 269.99985 269.99985 269.99985 269.99985 269.99985 269.99985 269.90932 269.60451 269.01952 267.99163 266.36787 264.12818 262.76167 263.5048 265.05637 266.36443 267.38544 268.13544 268.81211 269.23724 269.59821 269.78499 269.99985 269.99985 269.99985 269.99985 269.99985 269.99985 269.99985 269.99985 269.99985 269.99985 269.99985 269.99985 269.99985 269.92422 269.71795 269.53461 269.23782 268.77086 268.25347 267.55447 266.65435 265.5875 264.24621 262.65396 260.66866 258.3625 255.767 253.70378 251.92246
269.99985 269.99985 269.99985 269.99985 269.99985 269.99985 269.99985 269.99985 269.99985 269.99985 269.99985 269.99985 269.99985 269.99985 269.99985 269.95401 269.65092 269.06421 268.09706 266.54434 264.48742 264.10239 265.31936 266.62398 267.7063 268.51646 269.07853 269.48361 269.82109 269.99985 269.99985 269.99985 269.99985 269.99985 269.99985 269.99985 269.99985 269.99985 269.99985 269.99985 269.99985 269.99985 269.99985 269.99985 269.99985 269.99985 269.87323 269.69675 269.47216 269.0814 268.52219 267.84094 267.0113 265.88945 264.54816 262.92955 260.90701 258.45704 255.89134 253.84588
269.99985 269.99985 269.99985 269.99985 269.99985 269.99985 269.99985 269.99985 269.99985 269.99985 269.99985 269.99985 269.99985 269.99985 269.99985 269.95401 269.6979 269.16562 268.2042 266.72368 265.22367 265.47749 266.7317 267.80657 268.67517 269.21834 269.683 269.91906 269.99985 269.99985 269.99985 269.99985 269.99985 269.99985 269.99985 269.99985 269.99985 269.99985 269.99985 269.99985 269.99985 269.99985 269.99985 269.99985 269.99985 269.99985 269.99985 269.99985 269.8314 269.61597 269.23953 268.75252 268.08331 267.20439 266.14384 264.78937 263.07737 261.06171 258.59283 255.98244
269.99985 269.99985 269.99985 269.99985 269.99985 269.99985 269.99985 269.99985 269.99985 269.99985 269.99985 269.99985 269.99985 269.99985 269.99985 269.95344 269.74603 269.2699 268.31363 267.02333 266.03154 266.70706 267.86501 268.72674 269.33121 269.70248 269.92479 269.99985 269.99985 269.99985 269.99985 269.99985 269.99985 269.99985 269.99985 269.99985 269.99985 269.99985 269.99985 269.99985 269.99985 269.99985 269.99985 269.99985 269.99985 269.99985 269.99985 269.99985 269.99985 269.89443 269.73973 269.3759 268.8992 268.29186 267.41753 266.29224 264.9137 263.22004 261.06916 258.54814
269.99985 269.99985 269.99985 269.99985 269.99985 269.99985 269.99985 269.99985 269.99985 269.99985 269.99985 269.99985 269.99985 269.99985 269.99985 269.99985 269.79473 269.32089 268.48781 267.38201 267.03766 267.73667 268.68147 269.35298 269.78671 269.9288 269.99985 269.99985 269.99985 269.99985 269.99985 269.99985 269.99985 269.99985 269.99985 269.99985 269.99985 269.99985 269.99985 269.99985 269.99985 269.99985 269.99985 269.99985 269.99985 269.99985 269.99985 269.99985 269.99985 269.99985 269.95 269.80046 269.49679 269.02697 268.36921 267.54587 266.40225 264.99105 263.23379 260.99123
269.99985 269.99985 269.99985 269.99985 269.99985 269.99985 269.99985 269.99985 269.99985 269.99985 269.99985 269.99985 269.99985 269.99985 269.99985 269.99985 269.844 269.42861 268.66314 267.66848 267.7974 268.54224 269.29282 269.72311 269.93167 269.99985 269.99985 269.99985 269.99985 269.99985 269.99985 269.99985 269.99985 269.99985 269.99985 269.99985 269.99985 269.99985 269.99985 269.99985 269.99985 269.99985 269.99985 269.99985 269.99985 269.99985 269.99985 269.99985 269.99985 269.99985 269.99985 269.99985 269.85432 269.55638 269.08999 268.42937 267.59113 266.42001 264.95553 263.12035
269.99985 269.99985 269.99985 269.99985 269.99985 269.99985 269.99985 269.99985 269.99985 269.99985 269.99985 269.99985 269.99985 269.99985 269.99985 269.99985 269.895 269.48132 268.85794 268.0157 268.47521 269.1513 269.65722 269.93281 269.99985 269.99985 269.99985 269.99985 269.99985 269.99985 269.99985 269.99985 269.99985 269.99985 269.99985 269.99985 269.99985 269.99985 269.99985 269.99985 269.99985 269.99985 269.99985 269.99985 269.99985 269.99985 269.99985 269.99985 269.99985 269.99985 269.99985 269.99985 269.99985 269.85718 269.60967 269.14213 268.47177 267.55848 266.39766 264.86844
269.99985 269.99985 269.99985 269.99985 269.99985 269.99985 269.99985 269.99985 269.99985 269.99985 269.99985 269.99985 269.99985 269.99985 269.99985 269.99985 269.89385 269.5919 269.04817 268.56459 268.99374 269.58617 269.93339 269.99985 269.99985 269.99985 269.99985 269.99985 269.99985 269.99985 269.99985 269.99985 269.99985 269.99985 269.99985 269.99985 269.99985 269.99985 269.99985 269.99985 269.99985 269.99985 269.99985 269.99985 269.99985 269.99985 269.99985 269.99985 269.99985 269.99985 269.99985 269.99985 269.99985 269.99985 269.90531 269.60909 269.13411 268.44599 267.49832 266.22234
