data/aspect_horn_min.txt
ncols	401
nrows	401
xllcorner	0.0
yllcorner	0.0
cellsize	10.0
NODATA_value	-9999.0
[rows 234 to 259 of 401, columns 180 to 239 of 401]
180.00021 180.00021 180.00021 180.00021 -89.99985 -89.99985 180.03803 180.08157 180.13371 180.29357 180.49066 180.73532 181.18623 181.77237 182.54701 183.59724 185.04625 187.10431 189.88431 193.96892 199.48078 207.22888 215.92868 214.6951 208.77988 202.56673 196.57416 191.18893 186.91123 183.74277 181.49449 180.00021 180.00021 180.00021 180.00021 180.00021 180.00021 180.00021 180.00021 180.00021 180.00021 180.00021 180.00021 180.00021 180.00021 180.00021 180.00021 180.00021 180.00021 180.00021 180.00021 180.00021 180.00021 180.00021 180.00021 180.00021 180.00021 180.00021 180.00021 180.00021
180.00021 180.00021 180.00021 180.0323 180.06839 180.10965 180.19674 180.38409 180.56056 180.87913 181.33062 181.89842 182.62665 183.66886 185.1574 187.06363 189.73591 193.48821 198.73708 205.60799 214.125 223.60287 232.88307 226.78966 219.97089 212.96935 205.40745 197.8404 191.42728 186.15492 182.60259 180.47347 180.00021 180.00021 180.00021 180.00021 180.00021 180.00021 180.00021 180.00021 180.00021 180.00021 180.00021 180.00021 180.00021 180.00021 180.00021 180.00021 180.00021 180.00021 180.00021 180.00021 180.00021 180.00021 180.00021 180.00021 180.00021 180.00021 180.00021 180.00021
180.02886 180.03001 180.09532 180.16751 180.2844 180.41904 180.65911 180.94273 181.38276 181.92363 182.65874 183.65969 185.03995 186.75997 189.18415 192.48439 196.90648 203.06348 210.78867 219.72624 228.9543 237.29141 242.07618 236.75283 230.9883 223.31525 214.73463 204.55031 195.09135 187.89156 182.96068 180.86824 180.00021 180.00021 180.00021 180.00021 180.00021 180.00021 180.00021 180.00021 180.00021 180.00021 180.00021 180.00021 180.00021 180.00021 180.00021 180.00021 180.00021 180.00021 180.00021 180.00021 180.00021 180.00021 180.00021 180.00021 180.00021 180.00021 180.00021 180.00021
180.11996 180.21908 180.32966 180.48837 180.70724 181.00002 181.43203 181.94884 182.62665 183.58349 184.78555 186.399 188.49145 191.37113 195.08218 200.26114 206.88454 215.1145 224.11338 232.78338 240.33668 247.29353 249.34759 245.22458 239.70814 231.68673 221.47835 208.55987 196.75579 188.2021 183.54854 181.17707 180.00021 180.00021 180.00021 180.00021 180.00021 180.00021 180.00021 180.00021 180.00021 180.00021 180.00021 180.00021 180.00021 180.00021 180.00021 180.00021 180.00021 180.00021 180.00021 180.00021 180.00021 180.00021 180.00021 180.00021 180.00021 180.00021 180.00021 180.00021
180.37435 180.52275 180.75823 181.02523 181.41083 181.90358 182.57967 183.39327 184.50194 185.94293 187.82624 190.26074 193.50311 197.65476 203.25084 210.26785 218.82956 227.7677 235.79943 242.7517 248.7202 254.22575 254.98148 251.56493 246.39571 237.77097 224.99974 209.16777 196.94945 188.2594 183.62646 181.08081 180.00021 180.00021 180.00021 180.00021 180.00021 180.00021 180.00021 180.00021 180.00021 180.00021 180.00021 180.00021 180.00021 180.00021 180.00021 180.00021 180.00021 180.00021 180.00021 180.00021 180.00021 180.00021 180.00021 180.00021 180.00021 180.00021 180.00021 180.00021
180.78459 181.06419 181.41599 181.89498 182.49143 183.23742 184.22577 185.53269 187.13984 189.21624 191.99222 195.54284 200.12364 206.03198 213.2713 221.80207 230.48066 238.07407 244.43218 249.82944 254.57812 259.04604 258.9727 255.63522 249.87643 239.53454 224.6256 208.65211 195.88031 188.01131 183.36634 181.01091 -89.99985 180.00021 180.00021 180.00021 180.00021 180.00021 180.00021 180.00021 180.00021 180.00021 180.00021 180.00021 180.00021 180.00021 180.00021 180.00021 180.00021 180.00021 180.00021 180.00021 180.00021 180.00021 180.00021 180.00021 180.00021 180.00021 180.00021 180.00021
181.3776 181.81362 182.38429 183.08215 183.98456 185.09896 186.54396 188.35222 190.72369 193.75234 197.5671 202.36447 208.49856 215.89258 224.33053 232.77936 240.02327 245.8027 250.7267 255.09321 259.00765 261.49143 261.64899 258.25765 250.60236 238.04198 222.24095 206.56483 194.25024 186.68663 182.45877 180.63677 -89.99985 -89.99985 -89.99985 180.00021 180.00021 180.00021 180.00021 180.00021 180.00021 180.00021 180.00021 180.00021 180.00021 180.00021 180.00021 180.00021 180.00021 180.00021 180.00021 180.00021 180.00021 180.00021 180.00021 180.00021 180.00021 180.00021 180.00021 180.00021
182.26741 182.93146 183.73246 184.74545 186.02658 187.65607 189.66716 192.24375 195.40819 199.50083 204.51708 210.81102 218.16321 226.42985 234.5945 241.48431 246.96523 251.47269 255.4049 258.88103 261.29433 262.04261 262.18012 258.11155 249.06569 235.60118 219.02551 203.31787 191.95211 185.42326 181.93051 180.29357 -89.99985 -89.99985 -89.99985 -89.99985 180.00021 180.00021 180.00021 180.00021 180.00021 180.00021 180.00021 180.00021 180.00021 180.00021 180.00021 180.00021 180.00021 180.00021 180.00021 180.00021 180.00021 180.00021 180.00021 180.00021 180.00021 180.00021 180.00021 180.00021
183.51531 184.42058 185.58827 186.99087 188.79282 190.9947 193.71109 197.1815 201.42769 206.63874 212.93211 220.21325 228.23409 236.12544 242.87374 248.02348 252.06856 255.62205 258.92687 261.03478 261.82374 261.54471 260.99123 256.79203 246.75495 231.53662 214.30377 199.48593 189.70669 183.94503 181.18738 -89.99985 -89.99985 -89.99985 -89.99985 -89.99985 -89.99985 -89.99985 180.00021 180.00021 180.00021 180.00021 180.00021 180.00021 180.00021 180.00021 180.00021 180.00021 180.00021 180.00021 180.00021 180.00021 180.00021 180.00021 180.00021 180.00021 180.00021 180.00021 180.00021 180.00021
185.16428 186.44828 188.02277 189.95478 192.33255 195.28157 198.90896 203.33907 208.66013 214.91569 222.09599 229.82577 237.54408 244.01851 248.97745 252.72746 255.93717 258.86728 260.99009 261.54872 261.14822 260.20514 258.69024 254.71964 242.80212 226.43901 209.53905 196.26018 187.88812 183.06095 180.83845 -89.99985 -89.99985 -89.99985 -89.99985 -89.99985 -89.99985 -89.99985 -89.99985 -89.99985 180.00021 180.00021 180.00021 180.00021 180.00021 180.00021 180.00021 180.00021 180.00021 180.00021 180.00021 180.00021 180.00021 180.00021 180.00021 180.00021 180.00021 180.00021 180.00021 180.00021
187.35527 189.05237 191.15971 193.71739 196.88585 200.67539 205.1754 210.60533 216.83796 223.80398 231.28509 238.59145 244.91805 249.77043 253.27464 256.2374 258.87988 260.92191 261.47481 260.87435 259.92267 258.23187 255.31322 251.0212 238.55363 221.66628 205.86639 193.68989 186.41104 182.31381 180.53077 -89.99985 -89.99985 -89.99985 -89.99985 -89.99985 -89.99985 -89.99985 -89.99985 -89.99985 -89.99985 180.00021 180.00021 180.00021 180.00021 180.00021 180.00021 180.00021 180.00021 180.00021 180.00021 180.00021 180.00021 180.00021 180.00021 180.00021 180.00021 180.00021 180.00021 180.00021
190.16448 192.45001 195.1876 198.45346 202.44526 207.07762 212.55395 218.70695 225.50395 232.49575 239.51391 245.75743 250.47058 253.89859 256.66483 259.03802 260.84055 261.39861 260.78612 259.73989 257.99753 255.1379 250.8579 245.08593 234.46214 217.70771 202.76211 191.90627 185.49831 181.93681 180.2569 -89.99985 -89.99985 -89.99985 -89.99985 -89.99985 -89.99985 -89.99985 -89.99985 -89.99985 -89.99985 -89.99985 -89.99985 180.00021 180.00021 180.00021 180.00021 180.00021 180.00021 180.00021 180.00021 180.00021 180.00021 180.00021 180.00021 180.00021 180.00021 -89.99985 -89.99985 -89.99985
193.77755 196.69391 200.18093 204.2306 209.00276 214.46534 220.51463 227.06984 233.75454 240.44382 246.40889 251.21772 254.53457 257.03267 259.24715 260.95514 261.47309 260.91675 259.74219 258.04222 255.32354 251.22517 245.81244 238.60978 229.58341 214.50831 200.34766 190.42059 184.42115 181.34494 180.25117 -89.99985 -89.99985 -89.99985 -89.99985 -89.99985 -89.99985 -89.99985 -89.99985 -89.99985 -89.99985 -89.99985 -89.99985 -89.99985 -89.99985 180.00021 180.00021 180.00021 180.00021 180.00021 180.00021 180.00021 180.00021 180.00021 -89.99985 -89.99985 -89.99985 -89.99985 -89.99985 -89.99985
198.28845 201.9359 206.14084 210.97488 216.37558 222.34981 228.65865 235.03166 241.23622 246.95663 251.73567 255.12816 257.50708 259.49123 261.06629 261.62378 261.06515 259.9135 258.32469 255.69768 251.98205 247.01106 240.52404 232.28662 222.5492 211.89104 198.32512 189.20249 183.75652 181.06591 -89.99985 -89.99985 -89.99985 -89.99985 -89.99985 -89.99985 -89.99985 -89.99985 -89.99985 -89.99985 -89.99985 -89.99985 -89.99985 -89.99985 -89.99985 -89.99985 -89.99985 180.00021 180.00021 180.00021 180.00021 180.00021 -89.99985 -89.99985 -89.99985 -89.99985 -89.99985 -89.99985 -89.99985 -89.99985
203.77911 208.12155 213.02664 218.34083 224.16838 230.2658 236.29102 242.13462 247.57715 252.20493 255.71143 258.0491 259.8585 261.27714 261.82431 261.35048 260.27905 258.79509 256.36403 252.95092 248.38788 242.57522 235.26486 226.39719 216.1315 206.00333 196.73172 188.48457 183.45056 180.79949 -89.99985 -89.99985 -89.99985 -89.99985 -89.99985 -89.99985 -89.99985 -89.99985 -89.99985 -89.99985 -89.99985 -89.99985 -89.99985 -89.99985 -89.99985 -89.99985 -89.99985 -89.99985 -89.99985 -89.99985 -89.99985 -89.99985 -89.99985 -89.99985 -89.99985 -89.99985 -89.99985 -89.99985 -89.99985 -89.99985
210.18019 215.07497 220.40863 226.0643 231.83914 237.60539 243.05765 248.11745 252.62834 256.20073 258.55846 260.25384 261.59972 262.16637 261.72748 260.73168 259.31361 257.12491 253.91291 249.95492 244.65392 238.10272 229.93921 220.77533 211.00754 201.54744 193.61827 187.41887 182.90568 180.5428 -89.99985 -89.99985 -89.99985 -89.99985 -89.99985 -89.99985 -89.99985 -89.99985 -89.99985 -89.99985 -89.99985 -89.99985 -89.99985 -89.99985 -89.99985 -89.99985 -89.99985 -89.99985 -89.99985 -89.99985 -89.99985 -89.99985 -89.99985 -89.99985 -89.99985 -89.99985 -89.99985 -89.99985 -2.1E-4 -2.1E-4
217.34044 222.55722 228.04845 233.53338 238.93522 244.0546 248.75858 253.00306 256.52102 259.06094 260.691 261.95037 262.53879 262.19158 261.23016 259.94043 257.93221 255.12587 251.50019 246.8174 240.91823 233.85194 225.26674 216.02722 206.66681 198.05526 191.16487 186.06153 182.32126 180.53077 -89.99985 -89.99985 -89.99985 -89.99985 -89.99985 -89.99985 -89.99985 -89.99985 -89.99985 -89.99985 -89.99985 -89.99985 -89.99985 -89.99985 -89.99985 -89.99985 -89.99985 -89.99985 -89.99985 -89.99985 -89.99985 183.01282 182.86214 -89.99985 -2.1E-4 -2.1E-4 -2.1E-4 -2.1E-4 -2.1E-4 -89.99985
224.79978 230.04406 235.24996 240.2874 245.09108 249.46447 253.36517 256.7714 259.45743 261.1614 262.3543 262.97252 262.66943 261.79051 260.64861 258.81056 256.33882 253.1314 249.01355 243.75265 237.41287 229.67164 221.1191 211.9237 203.17177 195.62592 189.53308 184.81821 182.00556 180.45629 -2.1E-4 -2.1E-4 -2.1E-4 -2.1E-4 -89.99985 -89.99985 -89.99985 -89.99985 -89.99985 -89.99985 -89.99985 -89.99985 -89.99985 -89.99985 -89.99985 -89.99985 -89.99985 -89.99985 -89.99985 -2.1E-4 184.76378 185.71031 189.46261 183.57661 -2.1E-4 -89.99985 -89.99985 -89.99985 -89.99985 -89.99985
232.15599 237.09832 241.79085 246.19918 250.22937 253.84473 257.05158 259.71239 261.62034 262.75079 263.35698 263.14785 262.39842 261.32126 259.75536 257.53802 254.67036 251.06359 246.50973 240.88901 234.0605 226.16457 217.49801 208.62461 200.59919 193.71568 188.2657 184.25041 181.56381 180.1996 -89.99985 -2.1E-4 -2.1E-4 -2.1E-4 -2.1E-4 -2.1E-4 -2.1E-4 -2.1E-4 -2.1E-4 -2.1E-4 270.00015 -2.1E-4 -2.1E-4 -2.1E-4 -2.1E-4 -2.1E-4 -2.1E-4 -2.1E-4 -2.1E-4 -2.1E-4 183.17955 186.33999 185.44045 184.39881 181.79013 -89.99985 -89.99985 -89.99985 -89.99985 -89.99985
238.95356 243.31835 247.35656 251.055 254.40337 257.35582 259.90892 261.89536 263.21431 263.80789 263.69445 263.07451 262.11366 260.67382 258.73779 256.21219 253.02769 249.15736 244.19326 238.2958 231.09945 222.98351 214.54842 206.19985 198.6477 192.21395 187.23151 183.63047 181.38849 180.17496 -89.99985 -89.99985 -89.99985 -89.99985 -89.99985 -89.99985 -89.99985 -89.99985 -89.99985 -89.99985 -89.99985 -89.99985 -89.99985 -89.99985 -89.99985 -89.99985 -89.99985 -89.99985 -89.99985 -89.99985 184.0854 186.11539 185.52754 184.63544 182.60259 181.10144 -89.99985 -89.99985 -89.99985 -89.99985
244.95071 248.65946 251.98606 255.07201 257.7672 260.13237 262.12225 263.53402 264.25251 264.25996 263.71336 262.8459 261.6192 259.87339 257.67037 254.95455 251.56493 247.27978 242.07217 235.81719 228.49994 220.48369 212.08241 204.13147 197.06862 191.12648 186.56402 183.09418 181.07794 180.15434 -89.99985 -89.99985 -89.99985 -89.99985 -89.99985 -89.99985 -89.99985 -89.99985 -89.99985 -89.99985 -89.99985 -89.99985 -89.99985 -89.99985 -89.99985 -89.99985 -89.99985 -89.99985 -89.99985 181.33234 182.93547 185.71031 186.63277 184.57413 182.91084 180.85506 180.76396 -89.99985 180.00021 180.00021
250.03857 253.03571 255.75153 258.22156 260.35812 262.27867 263.78956 264.6828 264.81286 264.36023 263.62111 262.52619 261.03764 259.11422 256.72098 253.78342 250.14056 245.66289 240.19516 233.73449 226.43443 218.31676 210.23691 202.58735 195.80754 190.04932 185.79511 182.65301 180.83215 180.13944 -89.99985 -89.99985 -89.99985 -89.99985 -89.99985 -89.99985 -89.99985 -89.99985 -89.99985 -89.99985 -89.99985 -89.99985 -89.99985 -89.99985 -89.99985 -89.99985 -89.99985 -89.99985 -89.99985 181.02294 183.30159 185.49258 186.00882 185.27371 183.05293 181.36385 180.61614 180.00021 180.00021 180.00021
254.01318 256.58691 258.76128 260.73512 262.44082 263.93395 265.03861 265.38754 265.06153 264.34705 263.40797 262.12913 260.44578 258.42897 255.91941 252.76757 249.00037 244.30728 238.67854 232.01447 224.6743 216.77092 208.76556 201.33315 194.64902 189.22483 185.18261 182.42841 180.76225 180.12741 -89.99985 -89.99985 -89.99985 -89.99985 -89.99985 -89.99985 -89.99985 -89.99985 -89.99985 -89.99985 -89.99985 -89.99985 -89.99985 -89.99985 -89.99985 -89.99985 -89.99985 -89.99985 180.00021 181.61366 184.33235 186.05408 186.33999 185.57223 183.1108 182.24563 181.03211 180.47347 180.00021 180.00021
256.97079 259.26262 261.11958 262.67115 264.06 265.19331 265.7972 265.666 265.11768 264.26454 263.16446 261.72347 260.00976 257.85085 255.17858 251.92819 247.97535 243.17282 237.39339 230.73219 223.34561 215.46859 207.3916 199.97237 193.49566 188.57911 184.81363 182.37627 180.82699 180.11824 -89.99985 -89.99985 -89.99985 -89.99985 -89.99985 -89.99985 -89.99985 -89.99985 -89.99985 -89.99985 -89.99985 -89.99985 -89.99985 -89.99985 -89.99985 -89.99985 -89.99985 180.00021 180.60296 182.02161 184.28937 186.33999 187.12494 185.19465 183.64136 182.38601 181.32202 180.81839 180.38467 180.00021
259.2884 261.16484 262.84017 264.17631 265.29758 266.06019 266.23322 265.827 265.11424 264.15683 262.91351 261.46221 259.6402 257.40509 254.66463 251.33117 247.23108 242.32599 236.51276 229.75759 222.16418 214.03849 205.98786 198.84479 192.81957 188.17861 184.75404 182.34877 180.89001 180.11137 -89.99985 -89.99985 -89.99985 -89.99985 -89.99985 -89.99985 -89.99985 -89.99985 -89.99985 -89.99985 -89.99985 -89.99985 -89.99985 -89.99985 -89.99985 180.00021 180.00021 180.00021 180.52103 182.89136 184.81363 186.47005 186.99202 185.37112 184.0218 182.47195 181.52772 181.07393 180.33711 180.31992
261.04452 262.67917 264.04567 265.18758 266.12551 266.57986 266.46585 265.89518 265.09075 264.04338 262.79777 261.25365 259.4305 257.14669 254.34607 250.88942 246.80136 241.75475 235.83495 228.75835 220.89851 212.77512 205.05737 198.18589 192.55314 188.12991 184.74602 182.45247 180.95476 180.21278 -89.99985 -89.99985 -89.99985 -89.99985 -89.99985 -89.99985 -89.99985 -89.99985 -89.99985 -89.99985 -89.99985 -89.99985 -89.99985 -89.99985 180.00021 180.00021 180.00021 180.00021 181.3862 183.03918 185.76245 187.00118 187.35241 185.4605 183.89174 182.8988 181.68471 180.9496 180.6001 180.28497
