data/aspect_4cell_max.txt
ncols	401
nrows	401
xllcorner	0.0
yllcorner	0.0
cellsize	10.0
NODATA_value	-9999.0
[rows 156 to 181 of 401, columns 300 to 359 of 401]
267.0262 264.47253 260.3627 255.96353 250.66539 244.25915 235.5817 226.16915 216.41626 206.56483 199.34441 197.6708 198.43513 203.1987 212.77512 227.00968 240.25532 251.56493 260.02809 265.95534 268.90894 269.99985 269.99985 269.99985 269.99985 269.99985 269.99985 269.99985 269.99985 269.99985 269.99985 269.99985 269.99985 269.99985 269.99985 360.00006 269.99985 269.99985 269.99985 269.99985 269.99985 269.99985 269.99985 269.99985 269.99985 269.99985 269.75176 269.12437 268.0008 266.28078 263.87608 260.70647 259.32851 258.975 260.63084 262.25117 263.59647 264.68395 265.66829 266.4372
264.87188 261.11958 255.42552 250.9066 246.03761 240.59279 232.79197 224.99974 216.2925 207.99722 200.22505 197.06748 196.12267 198.43513 203.56539 214.21553 226.44417 239.74367 250.93067 259.18584 265.18643 268.26436 269.99985 269.99985 269.99985 269.99985 269.99985 269.99985 269.99985 269.99985 269.99985 269.99985 269.99985 269.99985 269.99985 269.99985 360.00006 269.99985 269.99985 269.99985 269.99985 269.99985 269.99985 269.99985 269.99985 269.99985 269.90073 269.43663 268.50787 267.08464 265.0535 262.23742 258.7292 257.48588 257.01548 258.7292 260.41197 261.82603 263.02523 263.99754
262.07298 258.02389 251.24121 245.37642 241.69917 237.05077 230.82615 223.9392 216.73311 209.89887 202.62001 197.20957 195.77202 195.39559 198.14578 203.1987 213.3538 225.46556 237.26505 248.96256 258.04337 264.22558 268.13258 269.99985 269.99985 269.99985 269.99985 269.99985 269.99985 269.99985 269.99985 269.99985 269.99985 269.99985 269.99985 269.99985 360.00006 269.99985 269.99985 269.99985 269.99985 269.99985 269.99985 269.99985 269.99985 269.99985 269.95 269.64175 268.94274 267.73609 265.98055 263.60507 260.41885 256.51758 255.28171 254.52999 256.13427 257.88638 259.42534 260.67954
258.69024 254.16788 248.19881 239.03606 236.85309 233.65255 228.96461 223.97701 217.93346 211.6865 205.34615 199.35874 195.70842 194.50636 194.22102 197.45938 202.46302 211.26365 222.70963 234.95087 246.61458 255.79336 263.04701 267.92975 269.99985 269.99985 269.99985 269.99985 269.99985 269.99985 269.99985 269.99985 269.99985 269.99985 269.99985 269.99985 360.00006 269.99985 269.99985 269.99985 269.99985 269.99985 269.99985 269.99985 269.99985 269.99985 269.99985 269.79473 269.26188 268.30561 266.79472 264.72864 261.97959 258.52923 254.2521 252.70741 251.68525 252.85294 254.72537 256.23053
255.29145 250.82123 245.03722 236.5924 232.54961 231.07252 227.72645 223.99478 219.47242 214.50831 209.00162 203.26344 198.15266 194.52011 193.68072 193.59478 195.77202 200.61351 209.10991 219.47242 231.1155 243.43523 253.73988 261.54471 266.94713 269.99985 269.99985 269.99985 269.99985 269.99985 269.99985 269.99985 269.99985 269.99985 269.99985 269.99985 360.00006 269.99985 269.99985 269.99985 269.99985 269.99985 269.99985 269.99985 269.99985 269.99985 269.99985 269.89672 269.47216 268.6958 267.51264 265.72444 263.38906 260.29509 256.49581 251.94423 249.72516 248.46695 248.7116 250.49293
251.35065 247.78226 241.92778 235.00817 229.08551 228.01293 227.16094 224.51044 221.84504 217.10439 213.09196 208.13129 202.65496 197.90457 194.31499 192.91468 192.41449 194.23134 198.73364 206.31788 215.83758 227.08245 239.4526 251.83422 261.51091 267.51035 269.99985 269.99985 269.99985 269.99985 269.99985 269.99985 269.99985 269.99985 269.99985 269.99985 360.00006 360.00006 269.99985 269.99985 269.99985 269.99985 269.99985 269.99985 269.99985 269.99985 269.99985 269.94771 269.68128 269.07681 268.03861 266.55122 264.58311 261.95266 258.56705 254.49962 249.64438 246.28627 244.83955 243.78875
247.22936 244.07523 240.25532 233.65255 226.33244 226.77133 227.12083 225.97091 223.66762 221.29557 217.30377 213.12978 208.68592 203.60435 198.69296 194.12763 192.41449 192.14405 192.44485 196.569 202.91279 212.42103 224.99974 239.9316 253.5594 263.75805 269.13182 269.99985 269.99985 269.99985 269.99985 269.99985 269.99985 269.99985 269.99985 269.99985 360.00006 360.00006 269.99985 269.99985 269.99985 269.99985 269.99985 269.99985 269.99985 269.99985 269.99985 269.99985 269.83885 269.34668 268.4924 267.2846 265.5875 263.37187 260.49333 256.87511 252.60485 247.49235 242.74711 240.7452
243.43523 241.27977 237.7578 233.13002 226.24535 225.59046 227.12083 227.40617 226.76216 225.40654 222.70963 219.21745 215.42562 210.65059 205.98442 200.74587 195.78864 192.21911 191.81288 191.3866 194.69715 202.31921 213.11144 227.33741 242.62221 256.86594 265.38926 269.99985 269.99985 269.99985 269.99985 269.99985 269.99985 269.99985 269.99985 269.99985 360.00006 360.00006 269.99985 269.99985 269.99985 269.99985 269.99985 269.99985 269.99985 269.99985 269.99985 269.99985 269.89099 269.56096 268.88315 267.87704 266.42746 264.56878 262.14001 259.08787 255.23759 250.68372 245.43085 239.6285
240.10119 238.69573 236.11283 232.66707 227.95105 224.99974 228.17966 229.76389 230.27382 229.83035 228.41113 226.08092 222.93022 219.02551 214.43899 209.47603 203.96245 198.43513 193.58275 192.44485 192.52908 196.41717 203.90229 215.53792 231.20373 247.30614 260.38046 268.12227 269.99985 269.99985 269.99985 269.99985 269.99985 269.99985 269.99985 269.99985 360.00006 360.00006 269.99985 269.99985 269.99985 269.99985 269.99985 269.99985 269.99985 269.99985 269.99985 269.99985 269.94427 269.72254 269.15932 268.34056 267.17001 265.58234 263.5535 260.9179 257.73855 253.72441 248.96829 243.63119
236.64626 235.95412 235.17547 232.83551 229.48486 224.39699 228.74288 232.18406 234.10748 234.59335 234.27994 233.13002 231.1155 228.28909 224.35631 219.92047 214.66702 208.67904 202.6521 196.66068 195.83218 196.18913 199.11294 206.86219 219.80531 237.09488 252.82429 264.0938 269.0453 269.99985 269.99985 269.99985 269.99985 269.99985 269.99985 269.99985 360.00006 360.00006 269.99985 269.99985 269.99985 269.99985 269.99985 269.99985 269.99985 269.99985 269.99985 269.99985 269.99985 269.83083 269.43491 268.73992 267.77276 266.42746 264.69713 262.55426 259.83329 256.47232 252.47823 247.55881
233.36607 234.24614 233.92413 232.56164 230.98085 227.33741 230.98085 235.56108 237.99443 239.98144 240.69764 240.19516 239.11513 237.18369 234.46214 230.92757 226.56506 220.89164 214.80854 210.19165 204.74339 202.55068 202.51 205.76956 213.27474 226.93061 243.88615 258.69024 268.02486 269.99985 269.99985 269.99985 269.99985 269.99985 269.99985 269.99985 360.00006 269.99985 269.99985 269.99985 269.99985 269.99985 269.99985 269.99985 269.99985 269.99985 269.99985 269.99985 269.99985 269.88526 269.59992 269.07968 268.2466 267.18262 265.71527 263.89613 261.6381 258.83233 255.43755 251.38101
230.71041 232.76504 233.2595 233.82043 232.38632 230.71041 233.28586 238.57025 242.63195 245.11285 246.28627 246.5017 246.34586 245.69555 243.80594 241.38977 238.53072 234.26046 231.34009 227.29043 222.24095 216.36298 213.12978 211.95006 215.83758 223.22873 236.85309 252.21639 264.98704 269.99985 269.99985 269.99985 269.99985 269.99985 269.99985 269.99985 360.00006 269.99985 269.99985 269.99985 269.99985 269.99985 269.99985 269.99985 269.99985 269.99985 269.99985 269.99985 269.99985 269.94141 269.7678 269.30428 268.65397 267.79511 266.62627 265.09361 263.1891 260.88466 257.99925 254.58327
228.22435 230.96423 233.13002 233.67318 234.29312 233.44743 235.65389 242.52538 247.10961 249.92856 251.56493 252.6461 252.83804 252.78419 252.04049 250.49751 248.55232 247.62012 246.11897 243.99673 240.42205 236.17357 230.33226 227.32137 223.81487 228.87867 236.07043 248.38502 260.70647 269.02926 269.99985 269.99985 269.99985 269.99985 269.99985 269.99985 360.00006 269.99985 269.99985 269.99985 269.99985 269.99985 269.99985 269.99985 269.99985 269.99985 269.99985 269.99985 269.99985 269.99985 269.88182 269.53117 269.05963 268.27525 267.32586 266.04816 264.51034 262.57718 260.22748 257.35352
225.79558 229.65846 232.62409 235.00817 236.30993 237.17166 238.76104 246.44785 251.38445 254.39592 256.28267 257.60047 258.11155 258.41636 258.09379 257.57984 257.25498 257.32774 256.77885 255.79336 254.05443 251.69442 248.36897 243.90449 240.99844 239.03606 242.52538 249.44384 259.2609 267.13735 269.99985 269.99985 269.99985 269.99985 269.99985 269.99985 360.00006 269.99985 269.99985 269.99985 269.99985 269.99985 269.99985 269.99985 269.99985 269.99985 269.99985 269.99985 269.99985 269.99985 269.93969 269.70306 269.28995 268.7508 267.9458 266.90244 265.63563 264.02963 262.06954 259.74906
226.9478 228.81392 232.62409 236.49672 238.91231 241.02022 242.7007 250.07467 254.89038 258.13561 260.06362 261.50575 262.20419 262.71813 262.725 262.91179 263.47214 263.56725 263.53574 263.05388 262.38524 261.45304 260.11862 257.87606 255.03763 252.52521 251.91673 254.40738 259.90261 266.42345 269.99985 269.99985 269.99985 269.99985 269.99985 269.99985 360.00006 269.99985 269.99985 269.99985 269.99985 269.99985 269.99985 269.99985 269.99985 269.99985 269.99985 269.99985 269.99985 269.99985 269.99985 269.81879 269.522 269.10489 268.43396 267.60374 266.58502 265.26894 263.66752 261.80884
231.75377 228.41686 233.13002 237.99443 241.50437 244.47057 246.03761 253.87223 258.58424 261.87015 263.40339 264.52753 265.36462 265.71069 265.93357 266.66352 267.06459 267.14938 267.40836 267.12589 267.01359 266.57184 265.97597 265.15606 264.0302 262.34914 260.83768 260.78898 262.87512 266.42345 269.99985 269.99985 269.99985 269.99985 269.99985 360.00006 629.99985 269.99985 269.99985 269.99985 269.99985 269.99985 269.99985 269.99985 269.99985 269.99985 269.99985 269.99985 269.99985 269.99985 269.99985 269.93854 269.69733 269.39939 268.85451 268.22941 267.38029 266.34782 265.14804 263.73627
237.88499 229.72779 233.7809 239.15352 243.75838 247.9129 250.51413 257.54203 261.64899 264.45877 266.01722 266.8377 267.43644 267.91772 268.28671 268.64652 268.93529 269.18167 269.19312 269.19026 269.16963 269.12838 268.83102 268.71528 268.2466 267.27372 266.58903 265.40931 266.6893 267.7974 269.99985 269.99985 269.99985 269.99985 269.99985 360.00006 269.99985 269.99985 269.99985 269.99985 269.99985 269.99985 269.99985 269.99985 269.99985 269.99985 269.99985 269.99985 269.99985 269.99985 269.99985 269.99985 269.87724 269.63602 269.21604 268.73075 268.10508 267.37456 266.45553 265.36978
243.43523 233.36607 234.07138 240.60368 246.4129 251.07563 254.16788 260.96029 264.48857 266.7529 267.95439 268.52391 268.94904 269.28079 269.55924 269.79874 269.81135 269.99985 269.99985 269.99985 269.99985 269.99985 269.99985 269.78843 269.76436 269.45955 269.35986 268.611 268.83904 269.11176 269.99985 269.99985 269.99985 269.99985 269.99985 360.00006 269.99985 269.99985 269.99985 269.99985 269.99985 269.99985 269.99985 269.99985 269.99985 269.99985 269.99985 269.99985 269.99985 269.99985 269.99985 269.99985 269.9374 269.81765 269.58044 269.22349 268.79778 268.22712 267.49144 266.683
248.47096 237.74977 235.52784 242.78378 249.17914 254.26815 258.53038 263.66007 266.60507 268.05179 269.02926 269.44351 269.7552 269.77869 269.99985 269.99985 269.99985 269.99985 269.99985 269.99985 269.99985 269.99985 269.99985 269.99985 269.99985 269.99985 269.99985 269.99985 269.67441 269.99985 269.99985 269.99985 269.99985 269.99985 360.00006 360.00006 269.99985 269.99985 269.99985 269.99985 269.99985 269.99985 269.99985 269.99985 269.99985 269.99985 269.99985 269.99985 269.99985 269.99985 269.99985 269.99985 269.99985 269.93912 269.82109 269.5856 269.28881 268.86138 268.34572 267.72463
253.20989 243.17798 237.52861 244.11304 251.81073 257.12491 260.94196 265.64881 268.12227 269.25615 269.69217 269.99985 269.99985 269.99985 269.99985 269.99985 269.99985 269.99985 269.99985 269.99985 269.99985 269.99985 269.99985 269.99985 269.99985 269.99985 269.99985 269.99985 269.99985 269.99985 269.99985 269.99985 269.99985 269.99985 360.00006 269.99985 269.99985 269.99985 269.99985 269.99985 269.99985 269.99985 269.99985 269.99985 269.99985 269.99985 269.99985 269.99985 269.99985 269.99985 269.99985 269.99985 269.99985 269.99985 269.94026 269.82395 269.64863 269.35012 268.97884 268.5199
257.07392 249.04449 241.44879 246.2794 254.60447 260.13409 264.20725 267.56363 269.09057 269.99985 269.99985 269.99985 269.99985 269.99985 269.99985 269.99985 269.99985 269.99985 269.99985 269.99985 269.99985 269.99985 269.99985 269.99985 269.99985 269.99985 269.99985 269.99985 269.99985 269.99985 269.99985 269.99985 269.99985 269.99985 360.00006 269.99985 269.99985 269.99985 269.99985 269.99985 269.99985 269.99985 269.99985 269.99985 269.99985 269.99985 269.99985 269.99985 269.99985 269.99985 269.99985 269.99985 269.99985 269.99985 269.99985 269.94141 269.82567 269.64977 269.40856 269.09228
260.61079 253.51528 245.73852 248.3558 256.37319 262.4603 266.63372 268.80638 269.99985 269.99985 269.99985 269.99985 269.99985 269.99985 269.99985 269.99985 269.99985 269.99985 269.99985 269.99985 269.99985 269.99985 269.99985 269.99985 269.99985 269.99985 269.99985 269.99985 269.99985 269.99985 269.99985 269.99985 269.99985 269.99985 269.99985 269.99985 269.99985 269.99985 269.99985 269.99985 269.99985 269.99985 269.99985 269.99985 269.99985 269.99985 269.99985 269.99985 269.99985 269.99985 269.99985 269.99985 269.99985 269.99985 269.99985 269.99985 269.99985 269.88468 269.76666 269.52429
263.46813 257.71162 249.95492 251.56493 259.38008 264.80541 268.26436 269.99985 269.99985 269.99985 269.99985 269.99985 269.99985 269.99985 269.99985 269.99985 269.99985 269.99985 269.99985 269.99985 269.99985 269.99985 269.99985 269.99985 269.99985 269.99985 269.99985 269.99985 269.99985 269.99985 269.99985 269.99985 269.99985 269.99985 269.99985 269.99985 269.99985 269.99985 269.99985 269.99985 269.99985 269.99985 269.99985 269.99985 269.99985 269.99985 269.99985 269.99985 269.99985 269.99985 269.99985 269.99985 269.99985 269.99985 269.99985 269.99985 269.99985 269.99985 269.94198 269.82338
265.73189 261.7928 253.85562 254.32029 261.46908 266.3673 269.13182 269.99985 269.99985 269.99985 269.99985 269.99985 269.99985 269.99985 269.99985 269.99985 269.99985 269.99985 269.99985 269.99985 269.99985 269.99985 269.99985 269.99985 269.99985 269.99985 269.99985 269.99985 269.99985 269.99985 269.99985 269.99985 269.99985 269.99985 269.99985 269.99985 269.99985 269.99985 269.99985 269.99985 269.99985 269.99985 269.99985 269.99985 269.99985 269.99985 269.99985 269.99985 269.99985 269.99985 269.99985 269.99985 269.99985 269.99985 269.99985 269.99985 269.99985 269.99985 269.99985 269.94141
267.49259 264.61061 258.97671 257.47098 263.88467 268.05867 269.99985 269.99985 269.99985 269.99985 269.99985 269.99985 269.99985 269.99985 269.99985 269.99985 269.99985 269.99985 269.99985 269.99985 269.99985 269.99985 269.99985 269.99985 269.99985 269.99985 269.99985 269.99985 269.99985 269.99985 269.99985 269.99985 269.99985 269.99985 269.99985 269.99985 269.99985 269.99985 269.99985 269.99985 269.99985 269.99985 269.99985 269.99985 269.99985 269.99985 269.99985 269.99985 269.99985 269.99985 269.99985 269.99985 269.99985 269.99985 269.99985 269.99985 269.99985 269.99985 269.99985 269.99985
268.75481 266.79071 262.69406 261.41637 265.60125 268.95821 269.99985 269.99985 269.99985 269.99985 269.99985 269.99985 269.99985 269.99985 269.99985 269.99985 269.99985 269.99985 269.99985 269.99985 269.99985 269.99985 269.99985 269.99985 269.99985 269.99985 269.99985 269.99985 269.99985 269.99985 269.99985 269.99985 269.99985 269.99985 269.99985 269.99985 269.99985 269.99985 269.99985 269.99985 269.99985 269.99985 269.99985 269.99985 269.99985 269.99985 269.99985 269.99985 269.99985 269.99985 269.99985 269.99985 269.99985 269.99985 269.99985 269.99985 269.99985 269.99985 269.99985 269.99985
