data/aspect_4cell_min.txt
ncols	401
nrows	401
xllcorner	0.0
yllcorner	0.0
cellsize	10.0
NODATA_value	-9999.0
[rows 364 to 389 of 401, columns 300 to 359 of 401]
241.92778 245.08707 248.0676 250.1927 252.05939 253.57315 254.64974 255.65069 255.28916 254.55634 253.27922 251.09568 246.83688 241.84012 235.77364 228.91133 221.15176 213.07076 205.39943 198.43513 192.60414 188.26971 184.68586 182.36137 180.83845 180.26549 180.00021 180.00021 180.00021 180.00021 180.00021 180.00021 180.00021 180.00021 180.00021 180.00021 180.00021 180.00021 180.00021 180.00021 180.00021 180.00021 180.00021 180.00021 180.00021 180.00021 180.00021 180.00021 180.00021 180.00021 180.00021 180.00021 180.00021 180.00021 180.00021 180.00021 180.00021 180.00021 180.00021 180.00021
240.04619 243.55384 246.60197 249.27425 251.49159 253.14801 254.76433 256.07182 256.82297 256.39267 255.5298 253.65164 249.60198 244.62584 238.64703 231.44953 222.89813 214.42982 205.88702 198.78521 192.75769 187.98953 184.66065 182.33731 180.82642 180.25919 180.00021 180.00021 180.00021 180.00021 180.00021 180.00021 180.00021 180.00021 180.00021 180.00021 180.00021 180.00021 180.00021 180.00021 180.00021 180.00021 180.00021 180.00021 180.00021 180.00021 180.00021 180.00021 180.00021 180.00021 180.00021 180.00021 180.00021 180.00021 180.00021 180.00021 180.00021 180.00021 180.00021 180.00021
238.41211 242.1478 245.26297 248.19881 250.54621 252.77445 254.50077 255.85238 257.12491 258.11155 257.66808 256.08099 252.32697 247.53933 241.10387 233.34373 224.99974 215.85534 207.08736 199.14789 192.91468 188.03594 184.68586 182.33731 180.81839 180.00021 180.00021 180.00021 180.00021 180.00021 180.00021 180.00021 180.00021 180.00021 180.00021 180.00021 180.00021 180.00021 180.00021 180.00021 180.00021 180.00021 180.00021 180.00021 180.00021 180.00021 180.00021 180.00021 180.00021 180.00021 180.00021 180.00021 180.00021 180.00021 180.00021 180.00021 180.00021 180.00021 180.00021 180.00021
236.7683 240.64206 244.09356 247.3153 249.78819 252.0508 253.98682 255.73148 257.26815 258.5533 259.00937 257.97347 254.93163 250.06722 243.72973 236.10882 226.93691 217.27341 208.0018 199.78444 193.24069 188.22674 184.44751 182.05598 180.82241 180.00021 180.00021 180.00021 180.00021 180.00021 180.00021 180.00021 180.00021 180.00021 180.00021 180.00021 180.00021 180.00021 180.00021 180.00021 180.00021 180.00021 180.00021 180.00021 180.00021 180.00021 180.00021 180.00021 180.00021 180.00021 180.00021 180.00021 180.00021 180.2271 180.23684 180.24257 180.00021 180.00021 180.00021 180.00021
235.60405 239.62105 243.29085 246.56186 249.10694 251.47784 253.5806 255.21754 256.93068 258.21182 259.39497 259.03802 256.8837 252.41463 246.13959 238.58801 229.26771 219.05301 209.38034 200.6032 193.39253 188.08064 184.54778 182.09896 180.55598 180.00021 180.00021 180.00021 180.00021 180.00021 180.00021 180.00021 180.00021 180.00021 180.00021 180.00021 180.00021 180.00021 180.00021 180.00021 180.00021 180.00021 180.00021 180.00021 180.00021 180.00021 180.00021 180.00021 180.00021 180.00021 180.00021 180.22309 180.46373 180.4815 180.49811 180.24716 180.00021 180.00021 180.00021 180.00021
234.64778 238.90772 242.65028 245.8027 248.60389 251.18793 253.19156 254.962 256.54565 257.92362 259.19157 259.15433 258.02389 253.96792 247.86993 240.10979 231.00893 220.9369 210.51021 201.25064 193.94085 188.38717 184.34724 182.15511 180.5703 180.00021 180.00021 180.00021 180.00021 180.00021 180.00021 180.00021 180.00021 180.00021 180.00021 180.00021 180.00021 180.00021 180.00021 180.00021 180.00021 180.00021 180.00021 180.00021 180.00021 180.00021 180.00021 180.00021 180.00021 180.21679 180.45629 180.71297 180.992 180.7674 180.50728 180.24887 180.00021 180.00021 180.00021 180.00021
234.1029 238.25741 242.40276 245.70587 248.32543 250.95359 253.12395 255.03018 256.44882 257.92476 258.6358 258.74467 257.18278 254.42227 248.33861 240.41231 231.19628 220.91455 209.98137 200.87478 193.52832 188.07605 184.18509 181.91962 180.59093 180.00021 180.00021 180.00021 180.00021 180.00021 180.00021 180.00021 180.00021 180.00021 180.00021 180.00021 180.00021 180.00021 180.00021 180.00021 180.00021 180.00021 180.00021 180.00021 180.00021 180.00021 180.00021 180.21278 180.44597 180.70438 180.98799 181.28421 181.31973 180.7886 180.509 180.00021 180.00021 180.00021 180.00021 180.00021
234.11779 238.33304 242.10253 245.75399 248.6142 251.00859 253.04488 255.10982 256.56456 257.86346 257.92591 257.73511 256.41903 253.02827 247.59777 239.58037 229.50491 218.50068 208.13129 198.73364 191.82148 186.77945 183.26034 181.32432 180.30617 180.00021 180.00021 180.00021 180.00021 180.00021 180.00021 180.00021 180.00021 180.00021 180.00021 180.00021 180.00021 180.00021 180.00021 180.00021 180.00021 180.00021 180.00021 180.00021 180.00021 180.00021 180.22023 180.46202 180.97539 181.28421 181.86462 181.90014 181.36385 180.52561 180.00021 180.00021 180.00021 180.00021 180.00021 180.00021
234.01294 238.86131 242.59241 246.17053 249.10924 251.19996 253.40527 255.20321 256.85505 257.39993 257.32774 256.53018 254.53171 251.44518 246.17053 238.20126 227.23141 215.90977 205.17369 196.60682 190.18683 185.59171 182.5367 180.99372 180.00021 180.00021 180.00021 180.00021 180.00021 180.00021 180.00021 180.00021 180.00021 180.00021 180.00021 180.00021 180.00021 180.00021 180.00021 180.00021 180.00021 180.00021 180.00021 180.00021 180.00021 180.22538 180.47347 181.0006 181.58387 182.19235 182.22386 181.68471 180.79949 180.24887 180.00021 180.00021 180.00021 180.00021 180.00021 180.00021
235.26486 239.33114 243.19918 246.48222 249.70798 251.96543 253.83556 255.4112 256.67572 256.75937 256.40528 255.51834 252.55271 249.05251 243.85292 236.30993 224.99974 212.90518 202.70309 194.51667 188.06688 184.42975 181.82394 180.3331 180.00021 180.00021 180.00021 180.00021 180.00021 180.00021 180.00021 180.00021 180.00021 180.00021 180.00021 180.00021 180.00021 180.00021 180.00021 180.00021 180.00021 180.00021 180.00021 180.00021 180.23111 180.48551 181.02752 181.88238 182.47768 182.52638 181.99468 181.08597 180.25231 180.00021 180.00021 180.00021 180.00021 180.00021 180.00021 180.00021
230.6176 240.81911 245.01889 247.79659 250.61554 252.59053 254.47613 256.06494 255.96353 256.06208 255.56819 253.53992 249.59969 245.55632 240.94516 232.67451 222.39737 210.34348 200.03082 192.30792 186.89748 183.29415 181.11576 180.33883 180.00021 180.00021 180.00021 180.00021 180.00021 180.00021 180.00021 180.00021 180.00021 180.00021 180.00021 180.00021 180.00021 180.00021 180.00021 180.00021 180.00021 180.00021 180.00021 180.23856 180.75365 181.32604 181.90931 182.77906 182.83406 182.02504 181.11232 180.51645 180.00021 180.00021 180.00021 180.00021 180.00021 180.00021 180.00021 180.00021
221.79462 232.47169 242.57121 249.65584 251.91673 253.84244 255.2565 255.85066 255.63007 255.1866 254.30482 250.95874 246.39972 241.73584 235.99251 228.41686 218.55855 207.42885 197.31901 190.0688 185.19465 182.52638 180.75881 180.00021 180.00021 180.00021 180.00021 180.00021 180.00021 180.00021 180.00021 180.00021 180.00021 180.00021 180.00021 180.00021 180.00021 180.00021 180.00021 180.00021 180.00021 180.00021 180.2483 180.78459 181.35755 182.20266 183.08673 183.16408 182.0663 181.13467 180.52791 180.00021 180.00021 180.00021 180.00021 180.00021 180.00021 180.00021 180.00021 180.00021
214.19548 224.54138 234.84602 244.59204 253.12395 254.84569 255.69997 255.57907 254.69901 254.19767 251.73224 247.68028 242.65028 236.82158 230.02917 222.67239 213.50335 204.16643 194.93149 188.28575 184.36157 181.7357 180.38982 180.00021 180.00021 180.00021 180.00021 180.00021 180.00021 180.00021 180.00021 180.00021 180.00021 180.00021 180.00021 180.00021 180.00021 180.00021 180.00021 180.00021 180.00021 180.26033 180.5428 181.37703 182.23475 182.84838 182.92058 182.09896 181.46125 180.5428 180.00021 180.00021 180.00021 180.00021 180.00021 180.00021 180.00021 180.00021 180.00021 180.00021
207.57438 217.11699 227.32767 237.42605 246.10464 252.99217 255.51032 254.63828 254.21945 252.50401 248.42856 243.72572 237.63346 231.00893 223.47911 215.86966 208.44298 199.92539 192.31938 186.91123 183.03918 180.90205 180.00021 180.00021 180.00021 180.00021 180.00021 180.00021 180.00021 180.00021 180.00021 180.00021 180.00021 180.00021 180.00021 180.00021 180.00021 180.00021 180.00021 180.00021 180.27409 180.55369 181.40396 182.27944 182.61576 182.68395 182.14365 181.19998 180.55885 180.26033 180.00021 180.00021 180.00021 180.00021 180.00021 180.00021 180.00021 180.00021 180.00021 180.00021
202.57933 210.76289 220.04996 228.81392 237.84775 245.02634 251.11401 254.24867 253.10161 249.77501 244.09356 238.2408 231.70965 223.87675 215.44567 207.93706 201.66604 195.19505 189.56689 185.30064 182.1213 180.46946 -89.99985 180.00021 180.00021 180.00021 180.00021 180.00021 180.00021 180.00021 180.00021 180.00021 180.00021 180.00021 180.00021 180.00021 180.00021 180.00021 180.00021 180.00021 180.56457 181.14555 181.74429 182.3734 182.43643 181.87779 181.2252 180.57603 180.26778 180.00021 180.00021 180.00021 180.00021 180.00021 180.00021 180.00021 180.00021 180.00021 180.00021 180.00021
198.74109 204.85168 212.00563 219.80531 227.53336 234.63747 241.02022 245.55632 248.96256 244.98337 239.03606 232.04598 224.35631 216.15843 208.47392 201.5016 195.12401 190.36616 186.96852 183.50328 181.08081 -89.99985 -89.99985 -89.99985 180.00021 180.00021 180.00021 180.00021 180.00021 180.00021 180.00021 180.00021 180.00021 180.00021 180.00021 180.00021 180.00021 180.00021 180.00021 180.5789 180.87684 181.49162 181.82795 181.86748 181.60908 181.259 180.59666 180.27695 180.00021 180.00021 180.00021 180.00021 180.00021 180.00021 180.00021 180.00021 180.00021 180.00021 180.00021 180.00021
194.90284 199.55182 205.05107 210.52969 217.14678 222.87865 227.77916 232.12505 234.24614 236.88862 231.84258 223.49229 215.41702 207.43973 200.44965 195.03806 189.96395 186.26321 183.81382 181.7357 180.53535 -89.99985 -89.99985 -89.99985 -89.99985 180.00021 180.00021 180.00021 180.00021 180.00021 180.00021 180.00021 180.00021 180.00021 180.00021 180.00021 180.00021 180.00021 180.297 180.6001 180.91924 181.56496 181.59991 181.32432 180.96565 180.6127 180.28784 180.00021 180.00021 180.00021 180.00021 180.00021 180.00021 180.00021 180.00021 180.00021 180.00021 180.00021 -89.99985 -89.99985
191.14882 194.36999 198.43513 202.6647 206.84729 210.84654 214.31523 216.70274 218.36776 220.48598 222.35726 214.6951 207.07189 200.0715 194.26457 189.32338 186.17039 183.48952 181.88811 180.5789 -89.99985 -89.99985 -89.99985 -89.99985 -89.99985 -89.99985 180.00021 180.00021 180.00021 180.00021 180.00021 180.00021 180.00021 180.00021 180.00021 180.00021 180.00021 180.00021 180.30961 180.62932 180.96565 180.98799 181.02294 180.66255 180.31477 180.00021 180.00021 180.00021 180.00021 180.00021 180.00021 180.00021 180.00021 180.00021 180.00021 -89.99985 -89.99985 -89.99985 -89.99985 -89.99985
188.23533 190.49164 192.92614 195.73879 198.43513 199.77585 201.4254 202.79648 203.87536 204.36238 205.01669 205.34615 198.43513 192.99489 188.67307 185.19465 183.09418 181.39708 180.63677 -89.99985 -89.99985 -89.99985 -89.99985 -89.99985 -89.99985 -89.99985 180.00021 180.00021 180.00021 180.00021 180.00021 180.00021 180.00021 180.00021 180.00021 180.00021 180.00021 180.00021 180.32565 180.66255 180.68203 180.70323 180.34284 180.32393 180.00021 180.00021 180.00021 180.00021 180.00021 180.00021 180.00021 180.00021 180.00021 -89.99985 -89.99985 -89.99985 -89.99985 -89.99985 -89.99985 -89.99985
185.71031 187.306 188.74641 190.03328 191.02965 192.2426 193.03844 193.39253 193.49566 193.82855 193.79933 192.65284 191.56021 187.81536 183.94503 182.60259 180.78459 -89.99985 -89.99985 -89.99985 -89.99985 -89.99985 -89.99985 -89.99985 -89.99985 -89.99985 -89.99985 180.00021 180.00021 180.00021 180.00021 180.00021 180.00021 180.00021 180.00021 180.00021 180.00021 180.00021 180.34284 180.35143 180.36289 180.35373 180.00021 180.00021 180.00021 180.00021 180.00021 180.00021 180.00021 180.00021 180.00021 -89.99985 -89.99985 -89.99985 -89.99985 -89.99985 -89.99985 -89.99985 -89.99985 -89.99985
183.83387 184.47215 185.22616 185.71031 186.24832 186.89748 187.12494 187.40684 187.04587 187.21432 186.61329 185.71031 184.39881 183.43337 181.9752 180.88142 -89.99985 -89.99985 -89.99985 -89.99985 -89.99985 -89.99985 -89.99985 -89.99985 -89.99985 -89.99985 -89.99985 -89.99985 -89.99985 180.00021 180.00021 180.00021 180.00021 180.00021 180.00021 180.00021 180.00021 180.00021 180.00021 180.00021 180.00021 180.00021 180.00021 180.00021 180.00021 180.00021 180.00021 180.00021 -89.99985 -89.99985 -89.99985 -89.99985 -89.99985 -89.99985 -89.99985 -89.99985 -89.99985 -89.99985 -89.99985 -89.99985
182.11156 182.27944 182.78536 183.03059 183.30159 183.22424 183.57661 183.45343 183.30159 183.1108 182.79281 182.38601 181.81821 181.06076 -2.1E-4 -2.1E-4 -89.99985 -89.99985 -89.99985 -89.99985 -89.99985 -89.99985 -89.99985 -89.99985 -89.99985 -89.99985 -89.99985 -89.99985 -89.99985 -89.99985 180.00021 180.00021 180.00021 180.00021 180.00021 180.00021 180.00021 180.00021 180.00021 180.00021 180.00021 180.00021 180.00021 180.00021 180.00021 180.00021 -89.99985 -89.99985 -89.99985 -89.99985 -89.99985 -89.99985 -89.99985 -89.99985 -89.99985 -89.99985 -89.99985 -89.99985 -89.99985 -89.99985
180.95877 181.03211 181.11805 181.21259 181.31687 181.4412 181.58043 181.31171 181.4561 181.08081 180.60927 180.68203 -89.99985 -89.99985 -2.1E-4 -2.1E-4 -89.99985 -89.99985 -89.99985 -89.99985 -89.99985 -89.99985 -89.99985 -89.99985 -89.99985 -89.99985 -89.99985 -89.99985 -89.99985 -89.99985 -89.99985 180.00021 180.00021 180.00021 180.00021 180.00021 180.00021 180.00021 180.00021 180.00021 180.00021 180.00021 180.00021 180.00021 -89.99985 -89.99985 -89.99985 -89.99985 -89.99985 -89.99985 -89.99985 -89.99985 -89.99985 -89.99985 -89.99985 -89.99985 -89.99985 -89.99985 -89.99985 -89.99985
180.22137 180.23684 180.51129 180.55082 180.6001 180.32565 180.35831 180.39269 180.43394 -89.99985 -89.99985 -89.99985 -89.99985 -89.99985 -2.1E-4 -2.1E-4 -2.1E-4 -89.99985 -89.99985 -89.99985 -89.99985 -89.99985 -89.99985 -89.99985 -89.99985 -89.99985 -89.99985 -89.99985 -89.99985 -89.99985 -89.99985 -89.99985 -89.99985 180.00021 180.00021 180.00021 180.00021 180.00021 180.00021 180.00021 180.00021 -89.99985 -89.99985 -89.99985 -89.99985 -89.99985 -89.99985 -89.99985 -89.99985 -89.99985 -89.99985 -89.99985 -89.99985 -89.99985 -89.99985 -89.99985 -89.99985 -89.99985 -89.99985 -89.99985
-89.99985 -89.99985 -89.99985 -89.99985 -89.99985 -89.99985 -89.99985 -89.99985 -89.99985 -89.99985 -89.99985 -89.99985 -89.99985 -89.99985 -89.99985 -2.1E-4 -2.1E-4 -2.1E-4 -89.99985 -89.99985 -89.99985 -89.99985 -89.99985 -89.99985 -89.99985 -89.99985 -89.99985 -89.99985 -89.99985 -89.99985 -89.99985 -89.99985 -89.99985 -89.99985 -89.99985 -89.99985 -89.99985 -89.99985 -89.99985 -89.99985 -89.99985 -89.99985 -89.99985 -89.99985 -89.99985 -89.99985 -89.99985 -89.99985 -89.99985 -89.99985 -89.99985 -89.99985 -89.99985 -89.99985 -89.99985 -89.99985 -89.99985 -89.99985 -89.99985 -89.99985
-89.99985 -89.99985 -89.99985 -89.99985 -89.99985 -89.99985 -89.99985 -89.99985 -89.99985 -89.99985 -89.99985 -89.99985 -89.99985 -89.99985 -89.99985 -2.1E-4 -2.1E-4 -2.1E-4 -89.99985 -89.99985 -89.99985 -89.99985 -89.99985 -89.99985 -89.99985 -89.99985 -89.99985 -89.99985 -89.99985 -89.99985 -89.99985 -89.99985 -89.99985 -89.99985 -89.99985 -89.99985 -89.99985 -89.99985 -89.99985 -89.99985 -89.99985 -89.99985 -89.99985 -89.99985 -89.99985 -89.99985 -89.99985 -89.99985 -89.99985 -89.99985 -89.99985 -89.99985 -89.99985 -89.99985 -89.99985 -89.99985 -89.99985 -89.99985 -89.99985 -89.99985
