data/aspect_sharpnack_min.txt
ncols	401
nrows	401
xllcorner	0.0
yllcorner	0.0
cellsize	10.0
NODATA_value	-9999.0
[rows 78 to 103 of 401, columns 0 to 59 of 401]
-9999.0 212.31961 208.33928 204.56234 200.83181 197.09097 193.43321 190.48648 187.95229 185.86214 184.15587 182.87245 181.8354 181.09628 180.5216 180.16637 180.00021 180.00021 180.00021 180.00021 -89.99985 -89.99985 -89.99985 -89.99985 -89.99985 -89.99985 -89.99985 -89.99985 180.00021 180.00021 180.00021 180.00021 180.00021 180.00021 180.00021 180.00021 180.00021 180.00021 180.00021 180.00021 180.00021 180.77428 182.2909 182.86214 182.20266 181.26931 180.55598 180.24658 180.00021 180.00021 180.00021 180.00021 180.00021 180.00021 -89.99985 -89.99985 -89.99985 -89.99985 -89.99985 -89.99985
-9999.0 215.65881 212.28466 208.12957 204.16872 200.25083 196.16908 192.61044 189.57777 187.04415 185.10641 183.52677 182.24792 181.41427 180.76797 180.27523 180.08787 180.00021 -89.99985 -89.99985 -89.99985 -89.99985 -89.99985 -89.99985 -89.99985 -89.99985 -89.99985 -89.99985 -89.99985 180.00021 180.00021 180.00021 180.00021 180.00021 180.00021 180.00021 180.00021 180.00021 180.00021 180.00021 180.00021 180.80694 182.35048 182.88276 182.00614 181.10144 180.54968 180.24257 180.00021 180.00021 180.00021 180.00021 180.00021 180.00021 -89.99985 -89.99985 -89.99985 -89.99985 -89.99985 -89.99985
-9999.0 218.14488 216.26558 212.22851 208.01326 203.80603 199.64178 195.4334 191.74241 188.81288 186.43052 184.46699 182.99392 181.80732 181.07107 180.50957 180.19559 -89.99985 -89.99985 -89.99985 -89.99985 -89.99985 -89.99985 -89.99985 -89.99985 -89.99985 -89.99985 -89.99985 -89.99985 -89.99985 180.00021 180.00021 180.00021 180.00021 180.00021 180.00021 180.00021 180.00021 180.00021 180.00021 180.00021 180.63218 182.19407 182.69655 181.64174 180.94158 180.4093 180.12053 180.00021 180.00021 180.00021 180.00021 180.00021 180.00021 180.00021 -89.99985 -89.99985 -89.99985 -89.99985 -89.99985
-9999.0 219.24037 219.33777 216.82478 212.40327 207.89753 203.57112 199.10033 194.81633 191.04913 188.08636 185.79683 183.93127 182.55045 181.44693 180.8035 180.32909 180.10564 -89.99985 -89.99985 -89.99985 -89.99985 -89.99985 -89.99985 -89.99985 -89.99985 -89.99985 -89.99985 -89.99985 -89.99985 -89.99985 180.00021 180.00021 180.00021 180.00021 180.00021 180.00021 180.00021 180.00021 180.00021 180.00021 180.66599 182.03708 182.31611 181.28134 180.78459 180.27294 180.11996 180.00021 180.00021 180.00021 180.00021 180.00021 180.00021 180.00021 180.00021 -89.99985 -89.99985 -89.99985 -89.99985
-9999.0 218.96421 221.07269 220.60115 217.3943 212.52473 207.97946 203.2835 198.62764 194.03596 190.54321 187.47445 185.27887 183.50328 182.20266 181.17707 180.62416 180.24028 -89.99985 -89.99985 -89.99985 -89.99985 -89.99985 -89.99985 -89.99985 -89.99985 -89.99985 -89.99985 -89.99985 -89.99985 -89.99985 180.00021 180.00021 180.00021 180.00021 180.00021 180.00021 180.00021 180.00021 180.00021 180.00021 180.46774 181.87035 181.70361 181.10545 180.47347 180.27351 180.12053 180.00021 180.00021 180.00021 180.00021 180.00021 180.00021 180.00021 180.00021 -89.99985 -89.99985 -89.99985 -89.99985
-9999.0 218.09961 221.04232 222.8523 221.78029 217.8309 212.92981 208.1863 203.25943 198.22772 193.6876 190.03041 187.21432 184.90416 183.18872 181.96431 181.00747 180.41446 180.13314 -89.99985 -89.99985 -89.99985 -89.99985 -89.99985 -89.99985 -89.99985 -89.99985 -89.99985 -89.99985 -89.99985 -89.99985 180.00021 180.00021 180.00021 180.00021 180.00021 180.00021 180.00021 180.00021 180.00021 180.00021 180.49582 181.45037 181.29681 180.7462 180.31935 180.13829 180.00021 180.00021 180.00021 180.00021 180.00021 180.00021 180.00021 180.00021 180.00021 180.00021 180.00021 -89.99985 -89.99985
-9999.0 216.60076 220.25222 223.48255 224.81067 223.09065 218.65997 213.54116 208.67331 203.29782 197.98135 193.38221 189.73935 186.92899 184.67039 183.00366 181.84743 180.96565 180.46431 180.14975 -89.99985 -89.99985 -89.99985 -89.99985 -89.99985 -89.99985 -89.99985 -89.99985 -89.99985 -89.99985 -89.99985 180.00021 180.00021 180.00021 180.00021 180.00021 180.00021 180.00021 180.00021 180.00021 180.00021 180.26263 180.99658 180.88142 180.37951 180.16236 180.00021 180.00021 180.00021 180.00021 180.00021 180.00021 180.00021 180.00021 180.00021 180.00021 180.00021 180.00021 180.00021 180.00021
-9999.0 214.39258 218.96994 222.78985 226.20181 226.82175 224.58779 219.80531 214.58394 209.38894 203.70863 198.26782 193.55353 189.88603 186.878 184.60736 182.99162 181.71278 180.91522 180.35373 180.1721 -89.99985 -89.99985 -89.99985 -89.99985 -89.99985 -89.99985 -89.99985 -89.99985 -89.99985 -89.99985 -89.99985 180.00021 180.00021 180.00021 180.00021 180.00021 180.00021 180.00021 180.00021 180.00021 180.28096 180.77771 180.45285 180.19444 180.00021 180.00021 180.00021 180.00021 180.00021 180.00021 180.00021 180.00021 180.00021 180.00021 180.00021 180.00021 180.00021 180.00021 180.06037
-9999.0 211.41549 216.75087 221.60841 225.63916 228.64318 229.13192 226.11472 221.36719 216.09827 210.41682 204.62365 198.71645 193.90017 190.16219 187.09343 184.80332 183.20534 181.9752 181.06076 180.41217 180.20132 -89.99985 -89.99985 -89.99985 -89.99985 -89.99985 -89.99985 -89.99985 -89.99985 -89.99985 -89.99985 180.00021 180.00021 180.00021 180.00021 180.00021 180.00021 180.00021 180.00021 180.00021 180.00021 180.27007 180.23398 180.00021 180.00021 180.00021 180.00021 180.00021 180.00021 180.00021 180.00021 180.00021 180.00021 180.00021 180.00021 180.00021 180.06381 180.12569 180.2483
-9999.0 207.913 214.12271 219.60248 224.32079 228.41973 231.44151 231.59964 228.16648 223.24936 218.15748 212.00563 205.78045 200.04113 195.0564 190.82739 187.92307 185.32127 183.49239 182.33215 181.25613 180.73761 180.24085 -89.99985 -89.99985 -89.99985 -89.99985 -89.99985 -89.99985 -89.99985 -89.99985 -89.99985 180.00021 180.00021 180.00021 180.00021 180.00021 180.00021 180.00021 180.00021 180.00021 180.00021 180.00021 180.00021 180.00021 180.00021 180.00021 180.00021 180.00021 180.00021 180.00021 180.00021 180.00021 180.00021 180.00021 180.00021 180.06897 180.13371 180.3268 180.51702
-9999.0 203.96245 210.46552 216.93651 222.34237 227.19303 231.66668 234.46214 234.21119 230.8697 225.83053 220.47109 214.59254 208.0018 201.65572 196.51801 192.45001 189.11769 186.37723 184.52257 182.8312 181.83769 181.19998 180.59093 180.29242 -89.99985 -89.99985 -89.99985 -89.99985 -89.99985 -89.99985 -89.99985 180.00021 180.00021 180.00021 180.00021 180.00021 180.00021 180.00021 180.00021 180.00021 180.00021 180.00021 180.00021 180.00021 180.00021 180.00021 180.00021 180.00021 180.00021 180.00021 180.00021 180.00021 180.00021 180.00021 180.07527 180.21794 180.35258 180.6213 180.95361
-9999.0 200.08811 206.417 213.30224 219.62024 224.99974 230.28986 234.85462 237.47074 237.0754 233.54541 229.30438 224.04004 218.07899 211.36335 204.90497 199.28998 194.67653 191.14309 188.24622 185.98819 184.30885 183.05293 181.8841 181.11576 180.74391 180.36977 180.37206 -89.99985 -89.99985 -89.99985 -89.99985 180.00021 180.00021 180.00021 180.00021 180.00021 180.00021 180.00021 180.00021 180.00021 180.00021 180.00021 180.00021 180.00021 180.00021 180.00021 180.00021 180.00021 180.00021 180.00021 180.00021 180.00021 180.00021 180.08444 180.242 180.3881 180.67859 181.10717 181.60335
-9999.0 196.02871 202.23498 208.81082 216.11088 222.51024 228.39968 233.61588 238.33935 241.02595 240.73603 237.70394 233.22684 228.62141 222.73943 216.43059 209.53905 203.85073 198.77776 194.55334 191.5138 188.70745 186.50557 184.92708 183.42363 182.91084 181.94139 181.4561 180.9794 180.98799 180.49811 180.50728 180.51645 180.00021 180.00021 180.00021 180.00021 180.00021 180.00021 180.00021 180.00021 180.00021 180.00021 180.00021 180.00021 180.00021 180.00021 180.00021 180.00021 180.00021 180.00021 180.00021 180.00021 180.09647 180.18298 180.43681 180.75709 181.22577 181.75976 182.52352
-9999.0 192.52908 197.80774 204.11085 211.5043 218.79003 225.30341 231.47589 236.9207 241.84929 244.24482 244.27462 241.86877 238.67109 234.26447 228.87122 223.18175 216.46898 210.4999 205.34615 200.794 196.50426 193.5478 190.78442 188.69542 187.28881 185.97444 184.6532 183.99086 183.32738 182.69426 182.72634 182.07031 182.09552 181.39708 181.41427 180.70724 180.69865 180.00021 180.00021 180.00021 180.00021 180.00021 180.00021 180.00021 180.00021 180.00021 180.00021 180.00021 180.00021 180.00021 180.00021 180.11251 180.21163 180.40128 180.76626 181.29166 181.87321 182.60259 183.56057
-9999.0 189.22655 193.72255 199.58047 206.56483 214.17256 221.44397 228.32748 234.85118 240.19516 244.95357 247.83383 248.00916 246.58765 243.95834 241.18924 237.06108 232.25339 226.10154 220.333 215.34025 210.51021 205.76956 202.13529 199.5925 196.69907 194.93149 193.13412 191.30983 190.38908 188.53098 187.59477 187.72196 186.76627 185.80657 184.76378 183.75194 181.76263 180.79548 180.00021 180.00021 180.00021 180.00021 180.00021 180.00021 180.00021 180.00021 180.00021 180.00021 180.00021 180.00021 180.00021 180.12454 180.35143 180.66484 181.15816 181.80847 182.60259 183.5302 184.49507
-9999.0 186.61329 190.38908 195.16125 201.35435 208.75238 216.87005 224.64394 231.98868 237.77097 243.67187 248.39476 250.88712 252.08747 251.56493 250.1778 247.949 245.73852 242.35406 238.73641 233.69552 229.28891 225.76407 221.8204 218.29041 214.6951 211.60743 209.42732 207.14982 204.77491 203.55221 202.30603 199.28998 198.00426 195.01858 191.82148 188.65245 184.39881 180.93929 180.00021 180.00021 180.00021 180.00021 180.00021 180.00021 180.00021 180.00021 180.00021 180.00021 180.00021 180.00021 180.00021 180.13887 180.51874 180.97539 181.61022 182.2909 183.22023 184.18509 185.37685
-9999.0 184.4796 187.23667 191.44504 196.81251 203.37402 211.21839 219.32689 227.76369 235.1961 241.34279 246.57103 251.74828 254.69385 256.10906 256.26376 255.96353 254.93163 253.73988 252.34988 250.71008 247.83383 245.82103 243.43523 241.78282 238.13423 235.92261 234.29312 232.52383 230.59926 228.50338 224.99974 222.51024 218.65997 212.19586 203.42846 194.42099 186.78919 182.20266 180.89517 180.00021 180.00021 180.00021 180.00021 180.00021 180.00021 180.00021 180.00021 180.00021 180.00021 180.00021 180.00021 180.30961 180.71813 181.20743 181.88811 182.7378 183.73876 184.97921 186.24832
-9999.0 182.76187 184.88296 187.9437 192.36235 198.29647 205.44183 213.536 222.47415 230.75453 238.26658 244.59204 249.7435 254.57812 257.81647 259.6952 260.64689 260.99123 260.53745 260.66522 259.992 259.38008 259.43909 258.69024 257.82851 257.09283 256.26376 255.32354 254.62395 252.47422 251.07563 247.89055 243.43523 237.38079 228.01293 216.02722 202.16623 191.63355 185.19465 181.04185 180.00021 180.00021 180.00021 180.00021 180.00021 180.00021 180.00021 180.00021 180.00021 180.00021 180.00021 180.00021 180.34857 180.80464 181.34609 182.24563 183.17268 184.38907 185.86501 187.45095
-9999.0 181.67038 183.27065 185.67937 188.80199 193.72713 199.68704 207.57438 216.11947 225.47358 233.97284 241.22018 247.27004 252.6885 257.31972 260.31113 262.26664 263.66007 264.21756 263.99124 263.74602 263.48016 263.19082 263.75805 263.34552 263.99124 263.66007 264.40091 264.05312 263.66007 261.6742 259.28668 256.37319 252.18086 242.44745 228.36644 210.57897 197.81863 189.46261 183.73131 181.00518 180.00021 180.00021 180.00021 180.00021 180.00021 180.00021 180.00021 180.00021 180.00021 180.00021 180.00021 180.19903 180.73474 181.53459 182.55217 183.89346 185.38659 187.14156 188.99909
-9999.0 180.91293 181.82222 183.59495 185.91829 189.86597 194.50005 201.07761 209.42732 218.43709 228.23982 236.74538 244.50265 250.55996 255.77388 259.14345 260.03611 260.16617 260.16617 260.78898 260.53745 261.19349 260.94196 260.53745 261.11958 260.68986 261.17974 261.57279 261.0852 261.70285 262.05636 262.69406 263.28994 258.31036 249.44384 236.97628 219.80531 204.62365 192.72446 185.85584 182.38601 180.00021 180.00021 180.00021 180.00021 180.00021 180.00021 180.00021 180.00021 180.00021 180.00021 180.00021 180.23283 180.8585 181.78383 183.13887 184.67727 186.53823 188.65245 190.88011
-9999.0 180.43566 180.98799 182.27944 183.96794 186.59667 190.59134 195.87114 202.62001 211.46419 220.42582 230.52764 240.25532 247.03627 253.81093 254.29164 254.74485 255.76299 255.96353 255.96353 255.96353 256.56915 256.37319 255.96353 255.5298 255.96353 256.20073 255.46563 255.42552 255.67705 255.65069 256.67572 256.75937 256.86594 252.25535 240.25532 226.73581 211.75926 199.09346 190.30486 184.28937 181.19368 180.00021 180.00021 180.00021 180.00021 180.00021 180.00021 180.00021 180.00021 180.00021 180.00021 180.27924 181.02752 182.1299 183.74105 185.54702 187.53117 189.8505 191.91487
-9999.0 -89.99985 180.47176 181.08081 182.50289 184.39881 187.39423 191.41124 196.87611 203.96245 212.53505 223.02533 233.32539 242.52538 247.45682 248.55232 249.22784 249.55041 249.86382 250.16806 250.16806 250.16806 249.86382 249.55041 249.77501 249.10236 248.38502 248.19881 247.98853 247.75075 246.97439 247.38005 246.3705 246.80136 248.19881 242.35406 230.52764 215.83758 204.44374 194.53443 188.88048 184.51397 181.30197 180.00021 180.00021 180.00021 180.00021 180.00021 180.00021 180.00021 180.00021 180.00021 180.34742 180.95476 182.33731 184.06649 185.73552 187.29396 189.02544 190.33752
-9999.0 -89.99985 180.22538 180.51645 181.49162 182.79281 184.52486 187.85317 191.76819 197.77107 204.71761 214.21553 224.25604 234.72742 240.94516 241.99081 242.96942 242.98718 243.43523 243.86896 243.86896 243.00437 243.00437 242.56033 241.63099 241.14455 240.12411 238.4654 238.2408 237.33896 235.22188 233.13002 231.58188 231.07252 230.44055 228.17966 230.52764 223.02533 211.42981 203.1987 193.49566 189.78232 185.19465 181.50766 -89.99985 180.00021 180.00021 180.00021 180.00021 180.00021 180.00021 180.00021 180.00021 180.80694 181.79013 183.1108 184.0281 184.91905 185.99793 186.98858
-9999.0 -89.99985 -89.99985 180.24716 180.5703 181.65549 183.11481 185.06917 187.7403 192.09478 197.92806 205.30145 213.99666 224.14489 231.14644 232.65045 234.05763 235.37601 235.09755 235.71291 234.83342 233.97284 233.13002 232.49575 230.19418 228.71538 226.5072 224.23599 222.64661 220.10095 218.29041 217.11699 215.53792 214.87558 214.11469 213.69013 213.69013 214.99189 216.87005 212.00563 203.96245 198.43513 192.26495 188.4267 183.69121 181.59132 180.00021 180.00021 180.00021 180.00021 180.00021 180.00021 180.00021 180.00021 180.76912 181.29452 181.92764 182.62436 183.3417 184.27047
-9999.0 -89.99985 -89.99985 -89.99985 180.27294 180.9496 181.84743 183.05866 185.24163 188.21929 192.2002 197.57111 204.62365 213.34063 220.31409 222.27361 223.26425 224.14489 223.36338 223.40864 221.90577 220.48598 219.14412 217.07287 215.07382 213.14697 211.7988 209.14829 207.84768 206.1311 205.25333 203.85989 203.74931 202.62001 202.24931 203.02567 203.96245 204.30451 207.47468 210.964 213.69013 212.73501 208.07228 199.4401 194.74356 187.43147 182.1213 180.00021 180.00021 180.00021 180.00021 180.00021 180.00021 180.00021 180.00021 -89.99985 180.57603 180.98799 181.50193 182.0789
-9999.0 -89.99985 -89.99985 -89.99985 -89.99985 180.30331 181.06076 182.09036 183.48322 185.35565 188.63698 192.15494 197.103 204.34118 208.92656 209.42732 210.964 211.37309 211.15938 210.01862 208.44298 207.47468 206.1311 204.90497 202.96379 201.16126 200.26573 198.94678 197.92806 196.92768 196.1645 195.61102 195.03806 194.87591 195.819 196.22007 196.69907 197.65018 200.72581 203.42846 207.55261 214.50831 224.99974 228.01293 218.65997 206.56483 191.30983 183.17955 -89.99985 -89.99985 -89.99985 -89.99985 -89.99985 -89.99985 -89.99985 -89.99985 -89.99985 -89.99985 180.44597 180.77943
