data/aspect_4cell_modal.txt
ncols	401
nrows	401
xllcorner	0.0
yllcorner	0.0
cellsize	10.0
NODATA_value	-9999.0
[rows 0 to 25 of 401, columns 240 to 299 of 401]
-9999.0 -9999.0 -9999.0 -9999.0 -9999.0 -9999.0 -9999.0 -9999.0 -9999.0 -9999.0 -9999.0 -9999.0 -9999.0 -9999.0 -9999.0 -9999.0 -9999.0 -9999.0 -9999.0 -9999.0 -9999.0 -9999.0 -9999.0 -9999.0 -9999.0 -9999.0 -9999.0 -9999.0 -9999.0 -9999.0 -9999.0 -9999.0 -9999.0 -9999.0 -9999.0 -9999.0 -9999.0 -9999.0 -9999.0 -9999.0 -9999.0 -9999.0 -9999.0 -9999.0 -9999.0 -9999.0 -9999.0 -9999.0 -9999.0 -9999.0 -9999.0 -9999.0 -9999.0 -9999.0 -9999.0 -9999.0 -9999.0 -9999.0 -9999.0 -9999.0
269.99985 269.77239 269.78155 269.57873 269.38621 269.20401 269.02926 268.85794 268.68548 268.51703 268.15263 267.97444 267.78308 267.58311 267.17517 267.13735 266.88468 266.61023 266.5008 266.38391 266.25901 266.32318 266.39365 266.45496 266.53976 266.89843 267.28804 267.4267 267.92975 268.51188 268.78976 269.55924 269.99985 269.99985 269.99985 269.34897 268.53136 265.85565 262.40529 256.75937 248.42856 237.42605 224.02915 211.18516 199.88528 191.88851 185.87761 182.8988 181.259 180.00021 180.00021 180.43738 181.58043 183.26034 185.31439 187.35241 189.97541 193.01437 196.1135 199.3765
269.76895 269.77869 269.57586 269.38621 269.40512 269.22865 269.05791 268.88774 268.53594 268.36864 268.19904 268.01283 267.82547 267.6215 267.39748 267.166 267.09896 267.01875 266.91161 266.79644 266.65951 266.74258 266.80676 267.15053 267.24736 267.65072 267.7974 268.30561 268.53136 269.20401 269.56268 269.99985 269.99985 269.99985 269.34152 267.76875 265.73189 261.17974 255.42552 245.65888 234.46214 220.31409 208.21724 197.41813 190.95402 185.47711 182.66275 181.15759 180.00021 180.00021 180.40357 181.09456 182.31725 183.95591 185.62666 187.83541 190.02182 192.60299 195.3297 198.37153
269.77468 269.56899 269.37934 269.40111 269.22578 269.05791 268.89461 268.73476 268.56803 268.40416 268.23227 268.0495 267.85928 267.65187 267.43071 267.37169 267.30122 267.21699 267.10641 266.98724 267.07032 267.14938 267.23762 267.59171 267.72062 268.16237 268.34457 268.91925 269.2149 269.56899 269.99985 269.99985 269.99985 269.33407 267.73953 264.80541 261.02733 254.05443 243.99673 230.71041 218.4537 205.51402 196.50426 189.60528 185.19465 182.54472 181.09112 180.00021 180.00021 180.37951 181.02294 181.86748 183.13257 184.4796 186.0982 187.96948 190.05734 192.48553 194.90685 197.5883
269.56096 269.37017 269.19312 269.22063 269.05447 268.89461 268.73877 268.58121 268.42364 268.2592 268.08502 267.90454 267.88564 267.67364 267.62952 267.38029 267.30122 267.39748 267.29377 267.38773 267.48055 267.57395 267.67822 268.06325 268.20993 268.71241 268.94561 269.23094 269.57873 269.99985 269.99985 269.99985 269.33407 267.70916 264.72635 259.87511 253.41272 242.85024 229.8441 216.60706 203.96245 195.25521 188.48915 185.00041 182.43643 181.05102 180.00021 180.00021 180.36289 180.65453 181.48417 182.44216 183.74793 185.0898 186.69751 188.30122 190.30486 192.29531 194.6135 197.05545
269.13869 269.1788 269.01207 268.85794 268.70668 268.73877 268.58579 268.43281 268.27467 268.11367 267.93606 267.92345 267.72349 267.68796 267.62952 267.56707 267.48514 267.37914 267.47368 267.55848 267.65301 267.74927 268.12628 268.27295 268.75481 268.97712 269.25099 269.58789 269.99985 269.99985 269.99985 269.33407 267.70916 264.72635 259.6952 253.07238 242.24119 228.94513 214.43899 202.89045 194.03596 187.53919 184.23666 181.80847 180.52103 180.00021 180.00021 180.35373 180.63677 181.43948 182.36424 183.13945 184.46699 185.60718 187.19713 188.77391 190.5667 192.33427 194.45078 196.69907
268.94274 268.78976 268.64079 268.6895 268.54511 268.40416 268.2592 268.11367 268.12513 267.96069 267.95439 267.77104 267.73724 267.68796 267.62952 267.55962 267.45935 267.55447 267.64098 267.73667 267.83464 268.19389 268.3314 268.79377 269.01207 269.27506 269.59935 269.99985 269.99985 269.99985 269.34152 267.73953 264.72635 260.53745 252.7183 242.81873 229.08551 213.31083 201.12459 193.29856 187.65092 183.57661 181.80847 180.52103 180.00021 180.00021 180.35143 180.62588 181.41771 182.06401 183.0747 183.93013 185.0663 186.42364 187.65321 189.24202 190.84344 192.46319 194.42099 196.38165
268.54167 268.40875 268.28155 268.33713 268.20993 268.07357 268.10794 267.96069 267.81058 267.81058 267.7974 267.60718 267.56363 267.51035 267.6215 267.53499 267.63067 267.72578 267.81402 267.91314 268.01627 268.39385 268.54626 269.05046 269.30141 269.6131 269.99985 269.99985 269.99985 269.35642 267.76875 265.60125 261.57279 253.88656 243.43523 229.23619 213.69013 200.85473 192.75769 187.01665 183.66771 181.23207 180.52561 180.00021 180.00021 180.35143 180.94445 181.41771 182.05484 182.81573 183.88601 184.79701 185.96986 186.99545 188.24622 189.69237 191.16487 192.66659 194.49547 196.3381
267.94751 268.03861 267.92746 267.81115 267.87246 267.75099 267.78422 267.64213 267.65588 267.65588 267.46623 267.43644 267.56363 267.49488 267.59858 267.51035 267.59744 267.67536 267.98648 268.09075 268.20191 268.60298 268.78117 269.33006 269.628 269.99985 269.99985 269.99985 269.37704 268.53136 266.53174 262.74678 255.06857 244.7221 230.59926 214.11469 201.80126 192.17155 186.4414 183.05293 181.27275 180.54051 180.00021 180.00021 180.35831 180.95992 181.43203 182.33215 183.0621 183.90033 184.79701 185.58139 186.60871 187.6916 188.98075 190.16047 191.52927 193.09516 194.56652 196.35472
267.36081 267.47654 267.38029 267.47139 267.36539 267.42097 267.28976 267.32127 267.32929 267.32127 267.29778 267.25767 267.37341 267.47941 267.38888 267.46795 267.75042 267.83865 267.92173 268.26436 268.39385 268.83102 269.03442 269.28365 269.59935 269.99985 269.99985 269.99985 268.58579 266.63372 263.88467 257.47098 247.38005 233.13002 215.90977 202.06768 192.0117 185.80657 182.38601 180.66599 180.00021 180.00021 180.00021 180.73933 181.31687 181.76263 182.38601 183.12627 183.9605 184.86462 185.63582 186.49469 187.41027 188.52296 189.55829 190.81708 191.96414 193.44581 194.87591 196.47046
266.77524 266.72425 266.84056 266.94942 266.84915 266.91504 266.96088 266.98724 266.98724 266.97864 267.11214 267.06 267.16428 267.25653 267.34591 267.41524 267.69255 267.77162 268.09075 268.45172 268.5961 269.07624 269.31402 269.61539 269.99985 269.99985 269.99985 269.31803 267.54587 265.07299 258.92973 250.64075 235.84011 218.92754 202.37994 192.8041 186.22597 182.56362 180.70724 180.00021 180.00021 180.44425 180.77428 181.36385 182.13219 182.73952 183.46832 184.29453 184.96947 185.7487 186.59553 187.51742 188.3293 189.2191 190.34267 191.36254 192.59841 193.79532 195.2025 196.66583
265.78574 265.96909 266.11233 266.2338 266.33693 266.40225 266.44465 266.64346 266.64346 266.79186 266.7443 266.85889 266.94942 267.21184 267.29205 267.55447 267.63181 267.92975 268.26436 268.3864 268.81898 269.0178 269.63258 269.58503 269.99985 269.99985 269.34897 268.43052 266.18567 261.70285 253.85562 239.62105 222.39737 204.30451 192.68034 185.71031 182.77046 180.76396 180.00021 180.00021 180.46946 181.22749 181.79013 182.54472 183.41676 184.12207 184.68586 185.3694 186.12227 186.96623 187.69618 188.3568 189.26322 190.09917 191.01475 192.13145 193.21147 194.39062 195.63795 197.0182
264.98704 265.20477 265.37436 265.51875 265.80236 265.87742 266.09572 266.11863 266.2762 266.41313 266.53174 266.63372 266.89098 266.96718 267.21699 267.48285 267.54931 267.8524 268.18587 268.58235 269.06077 269.30141 269.60508 269.99985 269.99985 269.99985 269.25615 267.27372 263.28994 257.00517 244.98337 226.39719 209.05433 194.03596 186.33999 182.04567 180.83043 180.00021 180.00021 180.5027 181.30197 182.2909 183.03059 183.91409 184.60622 185.39404 186.04434 186.79377 187.43147 188.15512 188.80886 189.53881 190.23897 191.0073 191.88851 192.84994 193.79532 194.97045 196.10605 197.4972
263.97004 264.23188 264.62092 264.77276 265.07585 265.33655 265.54911 265.73189 265.89002 266.02524 266.30313 266.38964 266.64461 266.88468 267.13735 267.40722 267.68166 267.99908 268.36348 268.50042 269.00061 269.24641 269.56899 269.99985 269.99985 269.30141 268.29014 265.68376 259.21564 248.8388 232.30553 212.00563 196.18913 187.12494 182.24563 180.9095 180.00021 180.00021 181.09112 181.87779 182.86214 183.59896 184.47215 185.4542 186.1979 186.83331 187.5518 188.18663 188.70401 189.34916 189.9141 190.61941 191.2531 191.98821 192.84535 193.69505 194.63642 195.5818 196.76668 197.96301
262.75021 263.23379 263.66007 264.01932 264.3247 264.58425 264.80541 265.16466 265.30847 265.60125 265.86309 266.12436 266.36386 266.5982 267.04281 267.3058 267.58369 267.89824 268.27295 268.72674 269.28365 269.59362 269.99985 269.99985 269.99985 269.19312 266.98724 262.23455 253.14171 239.74367 218.65997 200.32302 187.90703 182.54472 181.02294 180.00021 180.69865 181.18108 182.53383 183.52161 184.63544 185.47253 186.4076 187.15932 187.74259 188.45191 189.04893 189.55829 190.17537 190.57816 191.24737 191.72522 192.35662 193.06709 193.81079 194.50235 195.4844 196.4441 197.45995 198.58181
261.46908 262.1996 262.66542 263.03383 263.54147 263.81534 264.20209 264.55159 264.86959 265.1469 265.58693 265.81955 266.05504 266.47559 266.92937 267.18433 267.46623 268.06325 268.46833 268.97712 269.22578 269.55581 269.99985 269.99985 269.24641 268.12227 265.23628 257.47098 245.22458 226.63668 204.62365 190.95402 182.86214 181.14555 180.00021 180.77428 181.30197 182.77906 183.8459 185.4605 186.2592 187.24755 188.25481 188.80657 189.50214 190.04645 190.54378 191.12304 191.5201 192.00081 192.49413 192.97198 193.54608 194.1368 194.75044 195.48268 196.36102 197.26572 198.20537 199.41374
260.16904 260.92534 261.60086 262.18471 262.71756 263.16446 263.56152 264.07547 264.37971 264.82203 265.07929 265.4964 265.91466 266.32948 266.79472 267.0388 267.59171 267.94408 268.36348 268.89118 269.57873 269.99985 269.99985 269.99985 269.13182 266.69789 261.25365 252.18086 233.61588 210.964 194.53443 184.899 181.30197 180.00021 180.85506 181.43203 183.04491 184.72024 185.9372 187.22406 188.53098 189.51418 190.02468 190.95402 191.44905 191.86617 192.26495 192.79608 193.08771 193.5478 193.99757 194.29436 194.88451 195.36637 195.98287 196.63604 197.33104 198.15495 199.1433 200.22505
258.77102 259.58806 260.50594 261.12531 261.81744 262.2844 262.8522 263.37588 263.84456 264.28918 264.71718 265.11825 265.73189 266.17077 266.63372 267.13735 267.44904 268.11195 268.59438 269.19885 269.53805 269.99985 269.99985 269.19312 267.95439 264.68567 257.2756 241.38977 219.47242 199.17883 185.71031 181.4687 180.00021 180.95476 181.59132 183.36634 185.19465 187.00118 188.31497 189.65169 190.64061 191.73095 192.34745 192.8041 193.4143 193.77354 194.23134 194.49375 194.77049 195.01858 195.48096 195.79666 196.23039 196.61656 197.15399 197.83295 198.47695 199.26534 200.23765 201.277
257.33519 258.41292 259.15147 259.96965 260.88008 261.52466 262.08272 262.80465 263.25671 263.89842 264.30981 264.92058 265.32852 265.9817 266.43949 266.95802 267.57624 268.30561 268.85451 269.12552 269.4882 269.99985 269.99985 269.06077 266.34782 260.27217 249.44384 228.81392 205.34615 188.74641 181.68471 180.00021 180.00021 181.79013 183.71527 185.71031 187.66696 189.54053 190.90131 192.32797 193.06938 193.891 194.63241 194.94753 195.43741 195.70842 196.13929 196.33581 196.56156 196.69907 196.98211 197.28807 197.66335 198.06041 198.48039 199.01611 199.70996 200.47543 201.39789 202.27738
255.80883 256.91292 258.05941 258.92114 259.83443 260.69616 261.45991 262.14689 262.80063 263.43375 264.0577 264.66504 265.3142 265.75423 266.49106 267.04912 267.70916 268.16409 268.74564 269.51455 269.99985 269.99985 269.13182 267.7974 264.14422 255.46563 238.57025 214.50831 192.8041 183.81382 180.00021 180.00021 181.9752 184.14441 186.33999 188.47139 190.3971 192.38068 193.7449 194.81633 195.67977 196.30716 196.90533 197.33906 197.56022 197.89196 197.92233 198.13203 198.37726 198.49013 198.6477 198.84594 199.082 199.55068 199.95748 200.40037 201.06902 201.77433 202.57589 203.61295
254.17361 255.55616 256.71239 257.77809 258.92572 259.78401 260.73569 261.43929 262.30961 262.92783 263.75805 264.38257 265.03001 265.74392 266.24354 267.13735 267.87876 268.39786 269.07624 269.45955 269.99985 269.99985 268.97712 266.0092 260.83768 246.80136 224.99974 200.22505 186.58178 180.00021 180.00021 181.12321 183.69121 187.02811 189.24603 191.42098 193.43836 194.98764 196.10491 197.33333 198.23574 198.8001 199.18971 199.60396 199.74663 199.87211 200.05316 200.09957 200.14197 200.30469 200.35339 200.61523 200.82494 201.02604 201.53712 201.94679 202.54839 203.25943 204.08736 205.11925
252.61917 254.02521 255.45016 256.72384 257.91961 258.97385 259.9559 260.85143 261.71603 262.56859 263.42688 264.04281 264.99621 265.73189 266.26875 267.25767 268.06497 268.67804 269.4882 269.99985 269.99985 269.99985 267.56363 263.48016 253.73988 233.74594 206.56483 190.30486 181.9752 180.00021 181.24525 184.0854 186.91123 189.46261 191.9206 194.16717 196.33581 197.90457 199.02585 200.04113 200.77222 201.22085 201.50905 201.84709 202.01611 202.16623 202.188 202.20748 202.19259 202.17883 202.30202 202.32265 202.56673 202.77643 203.1987 203.59118 204.19737 204.93705 205.74893 206.78885
250.98911 252.61917 254.3243 255.59741 257.00517 258.05597 259.24658 260.17248 261.2886 262.1383 263.02924 263.92191 264.90797 265.71871 266.63372 267.38029 268.30275 269.02066 269.42116 269.99985 269.99985 268.89805 265.60125 259.50842 243.43523 217.56848 194.74356 182.2909 180.00021 181.39708 183.43337 186.65454 189.59324 192.38068 194.89368 197.14024 198.8637 200.6032 201.53197 202.72143 203.31787 203.67769 203.98881 204.03751 204.17502 204.18762 204.19908 204.19049 204.18304 204.15783 204.21054 204.26154 204.53426 204.6374 205.04935 205.37136 206.00734 206.72525 207.53198 208.5232
249.41634 251.27444 252.99733 254.54775 255.96353 257.2756 258.46564 259.61098 260.7758 261.90567 262.80923 263.7844 264.80541 265.67746 266.69789 267.52811 268.57949 268.89805 269.99985 269.99985 269.99985 267.33674 262.64766 251.56493 227.48982 200.55622 185.19465 180.00021 180.00021 182.54472 186.33999 189.75253 192.77144 195.42194 198.08333 200.44163 201.72104 203.09671 204.35665 204.97773 205.63033 206.1924 206.21475 206.34424 206.56483 206.36372 206.27434 206.3769 206.29038 206.11735 206.12422 206.21647 206.39237 206.65077 206.9086 207.42656 208.03847 208.75066 209.57343 210.6185
247.88368 250.05748 251.78839 253.57086 254.99294 256.54107 257.78668 259.2271 260.41025 261.60258 262.55655 263.89556 264.71603 265.99201 266.7529 267.70916 268.9393 269.37704 269.99985 269.99985 268.78117 264.95782 255.96353 239.03606 209.74474 188.97273 182.20266 180.00021 181.39708 184.57413 188.67307 192.26495 195.37611 198.24605 200.92463 202.83373 204.34118 205.55986 206.71838 207.55261 207.88206 208.41262 208.54783 208.57075 208.59138 208.51861 208.557 208.31521 208.47392 208.25792 208.14562 208.23041 208.41262 208.69279 209.07495 209.56311 210.27186 211.00067 211.86583 213.1928
246.47134 248.65946 250.62815 252.42494 254.15699 255.78076 257.2756 258.79394 259.992 261.25365 262.56859 263.69617 264.93662 266.00003 267.29492 267.93606 268.79377 269.99985 269.99985 268.87685 266.98724 261.57279 246.03761 219.80531 196.38967 182.48971 180.00021 181.54834 183.81382 187.38621 191.48171 195.12401 198.2323 201.27986 203.45882 205.38797 206.74244 208.17885 208.9575 209.74474 210.21457 210.4936 210.78409 210.83451 210.79727 210.68096 210.68726 210.61449 210.46552 210.43172 210.31999 210.31999 210.54459 210.77206 211.23615 211.71285 212.45311 213.42485 214.50831 215.71324
