data/aspect_4cell_max.txt
ncols	401
nrows	401
xllcorner	0.0
yllcorner	0.0
cellsize	10.0
NODATA_value	-9999.0
[rows 26 to 51 of 401, columns 120 to 179 of 401]
269.99985 269.99985 262.40529 245.22458 224.99974 206.56483 194.93149 189.46261 187.12494 185.71031 186.18873 186.6047 187.52372 188.67307 190.18683 192.35146 194.22102 196.09059 198.01973 199.5925 200.58945 202.0482 203.65821 204.77491 205.87212 207.3939 209.94184 213.14697 217.56848 222.97892 228.51942 233.76485 238.69 243.14933 247.09987 250.37547 253.18182 255.60887 257.52713 259.2334 260.5174 261.57279 262.39727 263.04701 263.50251 263.79357 263.89441 263.79357 263.46183 263.00805 262.01053 260.68642 258.69024 255.74065 250.8665 244.2305 234.52459 221.53163 207.42885 199.20404
269.99985 269.99985 261.87015 248.74942 232.59487 215.53792 204.30451 196.82168 193.06938 190.3759 189.24603 189.18071 189.71299 190.59134 191.22904 192.73649 194.38145 196.12783 197.65018 198.8001 199.79877 200.67425 201.58181 202.6372 204.19908 206.38549 209.67083 213.85514 219.20714 224.86567 230.31164 235.5817 240.52404 244.84929 248.47726 251.70072 254.50535 256.75937 258.58997 260.25155 261.52351 262.54223 263.37588 264.01702 264.37799 264.6977 264.84323 264.80541 264.55962 264.20209 263.3587 262.24487 260.53745 257.92591 253.95589 247.95415 239.12774 226.78966 211.78734 203.96245
269.99985 268.36348 264.64441 254.57812 242.59241 228.65235 215.70694 206.56483 201.10511 196.47676 194.19123 192.05696 192.73993 192.86254 193.65036 194.03596 195.01858 196.24758 197.31901 198.52222 199.49739 200.04514 200.52929 200.96015 203.27891 206.38549 210.06846 215.23654 220.85554 226.47568 232.109 237.27536 242.02518 246.24502 249.91481 253.04316 255.63522 257.79585 259.60468 261.10411 262.3331 263.35354 264.18089 264.82776 265.20477 265.55141 265.73819 265.75824 265.58922 265.17898 264.63238 263.73112 262.25747 260.00918 256.90032 251.70072 244.14799 232.35251 217.74667 209.65937
269.99985 268.85451 265.03001 257.90528 247.69403 236.30993 224.99974 216.25412 208.88645 203.29438 199.61198 197.25885 195.49929 195.36637 195.52393 196.09059 196.48134 196.90247 197.5396 198.43513 199.23039 199.86122 200.13624 201.05297 202.85321 206.74645 211.44872 216.91015 222.51024 228.22435 233.67776 238.67797 243.43523 247.50037 251.09568 254.11288 256.65108 258.79165 260.53745 262.00881 263.23379 264.11042 264.93662 265.47979 265.9943 266.23781 266.46585 266.53174 266.42345 266.09572 265.67345 264.90167 263.90186 261.95094 259.29585 255.14993 248.58727 237.92624 223.36338 216.13551
269.99985 268.26436 265.3142 259.07698 252.21639 242.52538 233.32539 223.75471 216.08509 209.91377 205.76956 202.18399 200.02222 198.17787 197.61809 197.6794 198.03406 198.34174 198.78349 199.25331 199.75293 200.20213 200.7367 201.80126 204.10684 207.84424 212.67428 218.15748 223.74554 229.46079 234.88785 239.9952 244.47229 248.63597 252.03476 255.00497 257.63198 259.70666 261.30178 262.75365 263.96603 264.84896 265.55542 266.22635 266.63372 266.90588 267.16428 267.13735 267.2296 266.97864 266.65549 266.03326 265.19674 263.81477 261.58539 257.96258 252.21639 243.72572 230.09219 222.27361
269.37017 267.97845 264.93662 260.78898 254.60447 246.69536 239.17243 230.8697 223.05856 216.62138 211.53466 207.22888 204.58984 202.46703 200.93437 199.89846 199.50828 199.71225 199.98326 200.37631 200.81118 201.41737 202.16623 203.03483 204.91815 208.77472 213.74685 219.261 224.99974 230.58895 235.90027 240.99673 245.52825 249.51775 252.98529 255.92915 258.37053 260.43031 262.03058 263.46985 264.54243 265.43567 266.14614 266.71222 267.13162 267.42097 267.70916 267.71489 267.85641 267.66963 267.42269 266.90015 266.21718 265.03001 263.40568 260.67038 255.71888 248.07848 236.08247 229.48486
268.97712 267.27372 264.7527 260.73971 255.80883 249.9045 242.85024 235.95412 228.87122 222.19741 216.97261 212.65078 209.05433 206.56483 204.50275 203.07036 202.24931 201.64427 201.55374 202.03617 202.37994 202.89962 203.62956 204.86371 206.75104 209.71896 214.55129 220.06772 225.71078 231.34009 236.72533 241.75991 246.31263 250.24942 253.72155 256.62759 259.0936 260.99295 262.71698 264.0302 265.11481 266.0006 266.72597 267.18032 267.61921 267.93147 268.10909 268.28613 268.31535 268.33999 268.16982 267.7424 267.19579 266.45782 264.80541 262.87512 259.07698 252.5699 241.97534 235.86417
268.71757 266.81993 264.7189 261.36939 257.24237 251.73739 245.92474 239.50646 233.34373 227.14776 221.63362 217.1359 213.34979 210.44662 208.2774 206.42101 205.21723 204.42082 204.07017 203.85989 204.30451 204.80757 205.56845 206.66166 208.17197 211.10895 215.31848 220.5788 226.29864 231.86492 237.36818 242.46121 246.98242 250.89457 254.3518 257.13752 259.59494 261.52867 263.24468 264.56592 265.65855 266.43892 267.17459 267.64499 268.10336 268.30389 268.63907 268.70783 268.77143 268.66772 268.71872 268.36348 267.91314 267.3121 266.16447 264.55962 261.73264 256.72384 247.4425 241.97534
267.81115 266.5432 264.32986 261.44845 257.37415 253.034 248.11057 242.79581 237.09488 231.19628 225.92908 221.18614 217.25966 213.89124 211.42981 209.54822 208.03733 206.94355 206.3259 206.10933 206.23824 206.7751 207.27358 208.43496 209.74474 212.43822 216.35725 220.80798 226.46881 232.03624 237.49882 242.76946 247.31187 251.3008 254.81418 257.60162 260.06648 262.02485 263.63028 264.96871 265.95018 266.86864 267.49946 267.98132 268.45859 268.67689 268.89805 268.98228 269.07108 269.16219 269.08197 268.97712 268.60871 268.12628 267.46909 266.16046 263.7655 259.53076 252.5974 247.4425
267.46909 265.67746 263.69846 261.14192 258.01243 254.21945 249.73433 244.93237 239.68351 234.46214 229.57367 224.72587 220.80226 217.2906 214.42352 212.30357 210.81102 209.32706 208.48194 208.05738 208.21724 208.47793 208.9426 209.88454 211.00181 213.14353 217.08834 221.63362 226.5072 231.92451 237.59049 242.74998 247.42187 251.40164 254.97403 257.84054 260.36786 262.34914 263.99124 265.35717 266.3587 267.17631 267.83178 268.33426 268.69809 268.93186 269.16791 269.26933 269.37704 269.4945 269.44351 269.38163 269.06822 268.66142 268.10164 267.32815 265.27581 262.12626 256.3497 251.82219
266.66638 265.04262 263.25442 260.96029 258.09379 254.68297 250.76107 246.26393 241.75017 236.83361 232.38632 227.82385 223.75986 220.23617 217.45045 214.96668 212.87653 211.58909 210.54746 210.03351 209.80662 209.92522 210.35838 211.20063 212.3156 214.00067 217.40519 221.85478 226.54788 231.6747 237.11551 242.54658 247.32218 251.39476 255.05768 257.99524 260.46239 262.63849 264.19063 265.60125 266.65721 267.49889 268.17326 268.69236 269.07166 269.32089 269.43663 269.55695 269.68587 269.66123 269.628 269.58503 269.5306 269.18911 268.73419 268.10336 266.71623 264.58826 259.62416 255.96353
266.03785 264.54758 262.63906 260.53745 257.92591 254.82735 251.46237 247.63788 243.28111 238.91689 234.58304 230.32596 226.42011 222.93022 219.64431 217.05167 215.06351 213.45751 212.26346 211.59024 211.09406 211.30147 211.62347 212.38092 213.4323 214.57936 217.3731 221.76654 226.60002 231.44437 236.6686 241.95185 246.80136 251.09052 254.88522 257.96372 260.48474 262.62817 264.39231 265.73189 266.81249 267.68739 268.3864 268.92441 269.18338 269.44351 269.7128 269.84973 269.84057 269.82854 269.81249 269.79187 269.76436 269.45439 269.36329 268.85451 267.65301 265.82929 262.97138 259.33023
265.08846 263.68585 262.11309 260.15643 257.73511 255.14133 251.93965 248.36897 244.56396 240.4146 236.30993 232.09697 228.3928 224.5557 221.53163 218.89201 216.5807 214.85438 213.76576 212.95732 212.33279 212.29784 212.52817 213.08509 213.95484 215.2629 217.15251 220.9856 225.83053 230.72703 235.93407 241.09356 246.14361 250.62585 254.4154 257.81819 260.48187 262.71469 264.44273 265.97826 267.1087 267.87876 268.60298 269.0241 269.43663 269.71337 269.8526 269.84572 269.99985 269.99985 269.99985 269.99985 269.99985 269.72712 269.67785 269.23094 268.59152 267.04912 264.59628 261.75384
264.28918 262.95419 261.49143 259.61098 257.57812 254.83538 252.07945 248.8812 245.26583 241.55708 237.41173 233.74594 229.79998 226.29234 223.08377 220.40921 218.07669 216.02722 214.67791 213.76404 213.25411 212.90518 213.12978 213.6208 214.44472 215.79346 217.21153 219.99267 224.48064 229.63555 234.79388 240.02614 245.11687 249.7647 253.77999 257.38905 260.24181 262.4729 264.43586 266.07108 267.25939 268.06612 268.82815 269.27105 269.56039 269.70248 269.84687 269.99985 269.99985 269.99985 269.99985 269.99985 269.99985 269.99985 269.99985 269.6131 269.05332 268.20993 266.13468 264.12245
263.43261 262.14689 260.70647 259.11422 257.12491 254.74485 252.12127 248.98147 245.75972 242.04409 238.2408 234.42776 230.87714 227.52591 224.1638 221.48809 219.10802 216.98292 215.37692 214.36851 213.61622 213.17848 213.32917 213.8328 214.61431 215.95217 217.42925 219.05703 222.65176 227.70926 233.02975 238.48889 243.75265 248.49216 252.99217 256.65452 259.71239 262.2844 264.41065 265.97425 267.2508 268.1068 268.91639 269.38564 269.69217 269.844 269.99985 269.99985 269.99985 269.99985 269.99985 269.99985 269.99985 269.99985 269.99985 269.99985 269.51856 268.79377 267.67822 265.66772
262.48608 261.40606 260.00288 258.45303 256.52904 254.39191 251.78839 248.98032 245.74884 242.59241 238.84642 235.12448 231.56641 228.09945 224.99974 221.92239 219.51138 217.55129 215.63532 214.38054 213.69013 213.23979 213.31713 213.61622 214.42638 215.38322 217.08261 218.7843 221.03545 225.19054 230.67317 236.23717 241.83725 246.83345 251.49159 255.69539 259.05922 261.84208 264.13906 265.84992 267.21585 268.14175 268.84076 269.34496 269.67326 269.83484 269.99985 269.99985 269.99985 269.99985 269.99985 269.99985 269.99985 269.99985 269.99985 269.99985 269.99985 269.39022 268.43052 266.3673
261.4771 260.39765 259.1486 257.61479 255.8667 253.76509 251.42456 248.81015 245.86228 242.62622 238.99023 235.61952 231.82711 228.46213 224.99974 222.33205 219.47242 217.44587 215.67027 214.15996 213.22374 212.91893 212.76824 213.15155 213.76691 214.92371 216.0891 218.0469 220.20294 222.78985 227.41934 233.24346 239.08362 244.51354 249.62375 254.25497 257.96945 261.03879 263.59132 265.46546 266.9775 267.98705 268.92899 269.47273 269.64977 269.99985 269.99985 269.99985 269.99985 269.99985 269.99985 269.99985 269.99985 269.99985 269.99985 269.99985 269.99985 269.99985 269.19312 268.12227
260.4114 259.44998 258.19004 256.79031 255.22728 253.28151 250.89113 248.28246 245.45778 242.20681 238.99137 235.40752 231.90503 228.22435 224.99974 222.11719 219.20714 216.92849 215.30129 213.69013 212.64849 212.09673 211.85265 212.00563 212.64849 213.60934 214.99189 216.98865 219.03525 221.35688 224.35116 229.33245 235.55363 241.46025 247.35828 252.16253 256.27465 259.78172 262.64766 264.98303 266.67039 267.78995 268.83102 269.42517 269.8102 269.99985 269.99985 269.99985 269.99985 269.99985 269.99985 269.99985 269.99985 269.99985 269.99985 269.99985 269.99985 269.99985 269.99985 268.02486
259.38008 258.38829 257.26013 255.96353 254.32945 252.35848 250.3325 247.63158 244.98337 241.79829 238.51009 235.05172 231.46958 228.01293 224.59065 221.26864 218.52188 216.15843 214.01958 212.69949 211.47164 210.70788 210.70788 211.11755 211.94204 212.93497 214.03219 215.42848 217.31581 219.97089 222.91303 226.16915 231.08226 237.75321 243.85808 249.65584 254.29164 258.15337 261.46908 264.11901 266.04701 267.54931 268.48667 269.1576 269.58503 269.99985 269.99985 269.99985 269.99985 269.99985 269.99985 269.99985 269.99985 269.99985 269.99985 269.99985 269.99985 269.99985 269.99985 268.9393
258.24906 257.3266 256.30387 254.962 253.40183 251.50592 249.42035 246.85694 244.04142 240.96865 237.6455 234.24614 230.47722 227.01656 223.55245 220.37597 217.53181 214.86756 212.84502 211.06827 209.85876 209.44107 209.85876 210.69986 211.77244 213.15785 214.40862 215.88227 216.93651 218.65997 220.75413 224.49726 228.30686 233.41764 239.64168 246.03761 251.35809 255.88847 259.61614 262.73704 265.23628 266.97406 268.30103 269.05676 269.53805 269.77067 269.99985 269.99985 269.99985 269.99985 269.99985 269.99985 269.99985 269.99985 269.99985 269.99985 269.99985 269.99985 269.99985 269.99985
257.01548 256.13714 255.15623 253.90031 252.26852 250.40756 248.34376 245.86744 243.13558 239.9316 236.65944 233.0773 229.30839 225.81277 222.07479 218.80091 215.64449 213.08852 210.91014 209.23767 207.97946 208.25792 209.27091 210.79612 212.39467 214.15996 216.104 218.21707 219.62024 220.84064 222.60306 224.16953 228.39968 232.40694 236.42108 241.69917 247.78226 253.02827 257.36097 260.96029 263.89556 265.95534 267.51035 268.66772 269.47903 269.74316 269.99985 269.99985 269.99985 269.99985 269.99985 269.99985 269.99985 269.99985 269.99985 269.99985 269.99985 269.99985 269.99985 269.99985
255.61231 254.95226 253.85218 252.60829 251.19308 249.23357 247.15717 244.73241 241.74444 238.75073 235.25683 231.42375 227.57576 223.97358 220.11299 216.93135 213.86374 210.964 208.71285 206.85417 206.42101 207.00142 208.66414 210.72737 213.29364 216.13551 219.07536 221.98713 224.16151 226.71862 228.81392 230.68062 231.6747 234.46214 238.04198 241.24768 244.79887 249.58995 254.32716 258.69024 261.76931 264.5917 266.78441 268.15263 269.10489 269.70764 269.99985 269.99985 269.99985 269.99985 269.99985 269.99985 269.99985 269.99985 269.99985 269.99985 269.99985 269.99985 269.99985 269.99985
254.33805 253.54909 252.61975 251.27158 249.83231 247.90087 245.66748 243.15735 240.14474 236.90581 233.48639 229.77936 225.60307 221.85478 218.03659 214.47623 211.29287 208.45501 205.83029 204.49874 204.7984 206.10818 208.30089 211.21839 214.76901 218.72242 222.94397 226.78966 230.19418 233.74594 237.29141 239.64741 241.24768 242.22056 241.98221 244.29009 247.30614 249.44384 252.00668 255.64038 259.43222 262.77542 265.42593 267.10126 268.60298 269.32204 269.66696 269.99985 269.99985 269.99985 269.99985 269.99985 269.99985 269.99985 269.99985 269.99985 269.99985 269.99985 269.99985 269.99985
252.88789 252.07601 251.15699 249.76756 248.32142 246.38081 244.12336 241.38977 238.3044 234.96864 231.42088 227.33741 223.36338 219.22548 215.24743 211.46018 208.32266 205.37766 202.80107 202.17769 202.75122 204.80012 207.91701 212.34769 217.46478 222.51024 227.54482 232.12505 237.2089 241.57427 245.48012 248.28246 250.28552 251.28132 251.85428 251.41711 250.94213 252.37223 254.47613 255.83805 257.41712 260.38046 263.10258 265.63448 267.51035 268.79836 269.61024 269.99985 269.99985 269.99985 269.99985 269.99985 269.99985 269.99985 269.99985 269.99985 269.99985 269.99985 269.99985 269.99985
251.32658 250.67857 249.98013 248.88521 247.45682 245.45147 242.99749 239.83477 236.37353 232.68655 228.73944 224.60211 220.37597 216.00488 212.00563 208.32266 204.91585 201.86428 199.63089 199.95404 201.14006 204.19335 208.21724 213.69013 220.0448 226.36396 232.25339 238.78167 244.53646 249.77501 253.30099 256.17782 257.75345 259.11422 259.53993 259.73474 259.40872 258.31036 257.97748 258.58424 259.54853 260.35181 261.25365 263.66007 265.95018 267.57395 268.59152 269.54148 269.99985 269.99985 269.99985 269.99985 269.99985 269.99985 269.99985 269.99985 269.99985 269.99985 269.99985 269.99985
250.65049 250.37318 249.78246 248.77348 247.54735 245.54085 242.99406 239.77461 235.52784 230.94304 225.76407 221.53793 217.05167 212.64047 208.61029 204.77491 201.54915 198.54342 196.89846 197.33333 199.37822 203.46627 208.79077 215.9917 223.17602 230.59926 238.67109 245.55632 251.72307 256.75937 259.73474 261.92974 263.38677 264.32986 265.16982 265.50729 265.37608 265.16351 264.42783 263.49449 262.87512 263.01893 263.39536 263.79644 264.58826 266.42345 267.70916 268.88774 269.45439 269.99985 269.99985 269.99985 269.99985 269.99985 269.99985 269.99985 269.99985 269.99985 269.99985 269.99985
