data/aspect_4cell_max.txt
ncols	401
nrows	401
xllcorner	0.0
yllcorner	0.0
cellsize	10.0
NODATA_value	-9999.0
[rows 104 to 129 of 401, columns 180 to 239 of 401]
269.99985 269.99985 269.99985 269.99985 269.99985 269.99985 269.99985 269.99985 269.99985 269.99985 269.99985 269.99985 269.99985 269.99985 269.99985 269.99985 269.99985 269.99985 269.99985 269.99985 269.99985 269.99985 269.99985 269.99985 269.99985 269.99985 269.99985 269.99985 269.99985 269.99985 269.99985 269.99985 269.99985 269.99985 269.99985 269.99985 269.99985 269.99985 269.99985 269.99985 269.99985 269.99985 269.99985 269.99985 269.99985 269.99985 269.91505 269.73056 269.42918 269.08713 268.58407 267.88735 266.94713 266.08712 265.28383 264.9137 265.19789 265.76913 266.37475 266.81993
269.99985 269.99985 269.99985 269.99985 269.99985 269.99985 269.99985 269.99985 269.99985 269.99985 269.99985 269.99985 269.99985 269.99985 269.99985 269.99985 269.99985 269.99985 269.99985 269.99985 269.99985 269.99985 269.99985 269.99985 269.99985 269.99985 269.99985 269.99985 269.99985 269.99985 269.99985 269.99985 269.99985 269.99985 269.99985 269.99985 269.99985 269.99985 269.99985 269.99985 269.99985 269.99985 269.99985 269.99985 269.99985 269.92021 269.83255 269.64691 269.34496 269.00176 268.39671 267.69541 266.75061 265.58063 264.87016 264.17058 264.39747 265.10564 265.71069 266.14327
269.94599 269.99985 269.99985 269.99985 269.99985 269.99985 269.99985 269.99985 269.99985 269.99985 269.99985 269.99985 269.99985 269.99985 269.99985 269.99985 269.99985 269.99985 269.99985 269.99985 269.99985 269.99985 269.99985 269.99985 269.99985 269.99985 269.99985 269.99985 269.99985 269.99985 269.99985 269.99985 269.99985 269.99985 269.99985 269.99985 269.99985 269.99985 269.99985 269.99985 269.99985 269.99985 269.99985 269.99985 269.99985 269.92135 269.7529 269.56612 269.26417 268.82471 268.21337 267.51035 266.56153 265.33597 264.33158 263.41255 263.55579 264.09953 264.67421 265.26321
269.78499 269.99985 269.99985 269.99985 269.99985 269.99985 269.99985 269.99985 269.99985 269.99985 269.99985 269.99985 269.99985 269.99985 269.99985 269.99985 269.99985 269.99985 269.99985 269.99985 269.99985 269.99985 269.99985 269.99985 269.99985 269.99985 269.99985 269.99985 269.99985 269.99985 269.99985 269.99985 269.99985 269.99985 269.99985 269.99985 269.99985 269.99985 269.99985 269.99985 269.99985 269.99985 269.99985 269.99985 269.92536 269.84515 269.75692 269.4882 269.18682 268.74851 268.14232 267.33159 266.3862 265.14919 263.7844 262.78173 262.38467 263.03555 263.60564 264.15683
269.56899 269.89443 269.99985 269.99985 269.99985 269.99985 269.99985 269.99985 269.99985 269.99985 269.99985 269.99985 269.99985 269.99985 269.99985 269.99985 269.99985 269.99985 269.99985 269.99985 269.99985 269.99985 269.99985 269.99985 269.99985 269.99985 269.99985 269.99985 269.99985 269.99985 269.99985 269.99985 269.99985 269.99985 269.99985 269.99985 269.99985 269.99985 269.99985 269.99985 269.99985 269.99985 269.99985 269.99985 269.92651 269.84802 269.68128 269.41257 269.11291 268.67632 268.07758 267.27372 266.35011 265.13028 263.70591 262.50442 261.57909 261.56706 262.27237 262.81152
269.24068 269.68071 269.89443 269.99985 269.99985 269.99985 269.99985 269.99985 269.99985 269.99985 269.99985 269.99985 269.99985 269.99985 269.99985 269.99985 269.99985 269.99985 269.99985 269.99985 269.99985 269.99985 269.99985 269.99985 269.99985 269.99985 269.99985 269.99985 269.99985 269.99985 269.99985 269.99985 269.99985 269.99985 269.99985 269.99985 269.99985 269.99985 269.99985 269.99985 269.99985 269.99985 269.99985 269.99985 269.92766 269.77525 269.60795 269.34038 269.04072 268.60756 268.01799 267.33961 266.44522 265.40129 264.04739 262.58749 261.52237 260.69788 260.86977 261.30636
268.79148 269.35355 269.73285 269.94656 269.99985 269.99985 269.99985 269.99985 269.99985 269.99985 269.99985 269.99985 269.99985 269.99985 269.99985 269.99985 269.99985 269.99985 269.99985 269.99985 269.99985 269.99985 269.99985 269.99985 269.99985 269.99985 269.99985 269.99985 269.99985 269.99985 269.99985 269.99985 269.99985 269.99985 269.99985 269.99985 269.99985 269.99985 269.99985 269.99985 269.99985 269.99985 269.99985 269.93109 269.85776 269.77869 269.61425 269.35183 269.05791 268.6385 268.06497 267.51952 266.67268 265.69293 264.55962 263.15186 261.80713 260.97806 260.23493 260.19368
268.21165 268.90435 269.4034 269.72827 269.94485 269.99985 269.99985 269.99985 269.99985 269.99985 269.99985 269.99985 269.99985 269.99985 269.99985 269.99985 269.99985 269.99985 269.99985 269.99985 269.99985 269.99985 269.99985 269.99985 269.99985 269.99985 269.99985 269.99985 269.99985 269.99985 269.99985 269.99985 269.99985 269.99985 269.99985 269.99985 269.99985 269.99985 269.99985 269.99985 269.99985 269.99985 269.99985 269.93224 269.85947 269.70879 269.54435 269.36272 269.07853 268.67001 268.21623 267.69713 267.00958 266.09457 265.0409 263.71851 262.59322 261.43929 260.72424 259.71067
267.488 268.32166 269.00348 269.4458 269.72025 269.94255 269.99985 269.99985 269.99985 269.99985 269.99985 269.99985 269.99985 269.99985 269.99985 269.99985 269.99985 269.99985 269.99985 269.99985 269.99985 269.99985 269.99985 269.99985 269.99985 269.99985 269.99985 269.99985 269.99985 269.99985 269.99985 269.99985 269.99985 269.99985 269.99985 269.99985 269.99985 269.99985 269.99985 269.99985 269.99985 269.99985 269.99985 269.93281 269.86119 269.7128 269.55122 269.37533 269.09687 268.79377 268.45172 267.97502 267.33216 266.47845 265.61042 264.36596 263.33005 262.28039 261.20609 260.39994
266.59934 267.64958 268.41218 268.97884 269.42632 269.7065 269.87896 269.99985 269.99985 269.99985 269.99985 269.99985 269.99985 269.99985 269.99985 269.99985 269.99985 269.99985 269.99985 269.99985 269.99985 269.99985 269.99985 269.99985 269.99985 269.99985 269.99985 269.99985 269.99985 269.99985 269.99985 269.99985 269.99985 269.99985 269.99985 269.99985 269.99985 269.99985 269.99985 269.99985 269.99985 269.99985 269.99985 269.93339 269.86291 269.71624 269.63258 269.46356 269.20115 268.91123 268.59209 268.14347 267.63067 266.94312 266.02753 265.09418 264.01817 263.18452 262.22825 261.14421
265.53192 266.75118 267.66505 268.42479 268.9393 269.33751 269.62628 269.86979 269.93109 269.99985 269.99985 269.99985 269.99985 269.99985 269.99985 269.99985 269.99985 269.99985 269.99985 269.99985 269.99985 269.99985 269.99985 269.99985 269.99985 269.99985 269.99985 269.99985 269.99985 269.99985 269.99985 269.99985 269.99985 269.99985 269.99985 269.99985 269.99985 269.99985 269.99985 269.99985 269.99985 269.99985 269.93511 269.93396 269.86463 269.72082 269.63889 269.47559 269.2997 269.10718 268.80982 268.3864 267.91027 267.36997 266.63372 265.67287 264.77161 264.03937 263.33177 262.34456
264.25194 265.66657 266.80332 267.65187 268.29759 268.81956 269.22922 269.53002 269.71509 269.84744 269.99985 269.99985 269.99985 269.99985 269.99985 269.99985 269.99985 269.99985 269.99985 269.99985 269.99985 269.99985 269.99985 269.99985 269.99985 269.99985 269.99985 269.99985 269.99985 269.89385 269.99985 269.99985 269.99985 269.99985 269.99985 269.99985 269.99985 269.99985 269.99985 269.99985 269.99985 269.99985 269.93568 269.93453 269.86578 269.79358 269.71624 269.56096 269.39366 269.21318 269.01207 268.61558 268.2615 267.7636 267.09094 266.31917 265.48265 264.94292 264.18204 263.46813
262.79491 264.42783 265.68777 266.6956 267.54587 268.20019 268.67231 269.09744 269.33808 269.60508 269.74202 269.90474 269.89271 269.99985 269.99985 269.99985 269.99985 269.99985 269.99985 269.99985 269.99985 269.99985 269.99985 269.76723 269.79702 269.82338 269.84286 269.85947 269.87781 269.89213 269.99985 269.99985 269.99985 269.99985 269.99985 269.99985 269.99985 269.99985 269.99985 269.99985 269.99985 269.99985 269.93625 269.93511 269.8675 269.79588 269.72139 269.64175 269.55695 269.38793 269.12208 268.91123 268.49927 268.128 267.60603 266.90301 266.23895 265.64766 265.10851 264.48112
261.40262 262.94846 264.41179 265.59151 266.53747 267.33388 267.93491 268.41505 268.77945 269.09973 269.37533 269.50596 269.66696 269.74488 269.85031 269.82051 269.77697 269.71337 269.61539 269.49278 269.58789 269.31001 269.40913 269.48361 269.56268 269.43434 269.50195 269.56899 269.62743 269.89041 269.90187 269.99985 269.99985 269.99985 269.99985 269.99985 269.99985 269.99985 269.99985 269.99985 269.99985 269.99985 269.93625 269.93511 269.86864 269.86578 269.79473 269.71967 269.63946 269.47788 269.30141 269.10718 268.80466 268.46661 267.98877 267.54587 266.9414 266.41657 265.94961 265.53078
259.80865 261.52007 262.94216 264.32298 265.43968 266.31974 266.99125 267.60489 268.09591 268.46776 268.7021 268.97311 269.07624 269.20401 269.22177 269.2487 269.30141 269.10031 268.78117 268.2466 268.07471 268.41963 268.66027 268.5961 268.82586 268.99144 269.1238 269.2636 269.61883 269.7764 269.90015 269.99985 269.99985 269.99985 269.99985 269.99985 269.99985 269.99985 269.99985 269.99985 269.99985 269.99985 269.93625 269.93568 269.93453 269.8675 269.8652 269.79358 269.71795 269.56268 269.47101 269.28995 269.00634 268.77945 268.42937 268.03518 267.48285 267.01073 266.70935 266.36902
258.19004 259.97137 261.54987 262.79662 264.02791 265.07413 265.88773 266.56497 267.1087 267.51837 267.87532 268.18357 268.31192 268.47807 268.37265 268.43052 268.28671 267.78537 266.98724 265.64881 265.47119 266.33808 266.98724 267.55045 267.96356 268.48667 268.73476 268.9393 269.47903 269.77124 269.89786 269.9076 269.99985 269.99985 269.99985 269.99985 269.99985 269.99985 269.99985 269.99985 269.99985 269.99985 269.93625 269.93568 269.93511 269.93453 269.86692 269.79702 269.79244 269.71452 269.55638 269.38449 269.19542 268.98457 268.7508 268.39328 268.08732 267.65817 267.41295 267.13162
256.43966 258.3837 259.92725 261.32699 262.47921 263.63486 264.60774 265.35144 265.94503 266.48132 266.87608 267.09839 267.23189 267.39748 267.28174 267.12761 266.67841 266.0092 264.55962 262.05636 261.87015 263.60106 264.92058 265.96222 266.95802 267.69083 268.128 268.74794 269.32892 269.64805 269.79072 269.90531 269.99985 269.99985 269.99985 269.99985 269.99985 269.99985 269.99985 269.99985 269.99985 269.99985 269.99985 269.93568 269.93568 269.93511 269.93396 269.86635 269.7953 269.78957 269.63717 269.54836 269.44981 269.25902 269.04817 268.81211 268.54626 268.15263 267.94694 267.82376
254.48415 256.58232 258.28229 259.72271 260.93451 262.04949 263.12779 263.94197 264.67478 265.16409 265.57719 265.92268 266.05504 266.07566 265.91466 265.48609 264.90282 263.73627 261.46908 257.61938 256.3497 260.13409 262.40529 264.06859 265.50958 266.6194 267.46795 268.53537 269.16791 269.5157 269.78442 269.90245 269.91104 269.99985 269.99985 269.99985 269.99985 269.99985 269.99985 269.99985 269.99985 269.99985 269.99985 269.93568 269.93568 269.93511 269.93453 269.93396 269.86463 269.79187 269.78556 269.63029 269.53862 269.43778 269.24183 269.11291 268.87513 268.60985 268.4351 268.34744
253.2861 254.71677 256.50727 258.0405 259.21965 260.31915 261.41007 262.38753 263.09743 263.72653 264.15797 264.39804 264.50748 264.47768 264.04911 263.48647 262.42363 260.89555 258.11155 253.10161 248.02577 255.11383 258.89593 261.81228 264.0938 265.67917 267.13735 268.30561 268.98972 269.37303 269.66696 269.79989 269.90875 269.91505 269.99985 269.99985 269.99985 269.99985 269.99985 269.99985 269.99985 269.99985 269.99985 269.99985 269.99985 269.93511 269.93453 269.93396 269.93281 269.86234 269.78786 269.78098 269.69733 269.60623 269.50596 269.30886 269.18052 269.039 268.8906 268.83102
252.17341 253.41616 254.64974 256.24944 257.48072 258.58768 259.53478 260.61423 261.38142 262.04949 262.50442 262.73303 262.82183 262.58979 262.25231 261.34246 260.0596 257.87893 253.98453 248.45893 240.25532 248.05156 254.53858 259.13141 262.31305 264.36939 266.77238 268.0495 268.79721 269.34725 269.53862 269.79301 269.90531 269.91276 269.99985 269.99985 269.99985 269.99985 269.99985 269.99985 269.99985 269.99985 269.99985 269.99985 269.99985 269.99985 269.93453 269.93396 269.93281 269.93167 269.85947 269.85546 269.77582 269.68931 269.59534 269.57701 269.467 269.34553 269.21662 269.17708
253.82067 252.31894 253.28495 254.41482 255.68278 256.76452 257.67553 258.67075 259.50097 260.22863 260.71507 260.9305 260.85659 260.70647 260.10831 259.02312 257.2756 254.26815 249.92856 243.74979 234.11779 240.69019 249.29086 255.96353 260.29337 263.44006 266.14041 267.57509 268.57949 269.18167 269.51971 269.6767 269.8039 269.9099 269.91562 269.99985 269.99985 269.99985 269.99985 269.99985 269.99985 269.99985 269.99985 269.99985 269.99985 269.99985 269.99985 269.93339 269.93281 269.93167 269.92995 269.85604 269.85145 269.76952 269.76035 269.66753 269.65206 269.54378 269.52258 269.50023
255.96353 253.61498 252.27425 252.96238 253.82525 254.89611 255.81972 256.53591 257.58844 258.25994 258.76415 259.0151 258.90338 258.55043 257.62912 256.3285 254.30997 251.06474 245.9849 239.39359 229.70774 232.37371 244.07523 252.25535 257.90528 262.34456 265.39728 267.22673 268.33483 268.99717 269.37189 269.55065 269.79588 269.81249 269.91276 269.91792 269.92193 269.99985 269.99985 269.99985 269.99985 269.99985 269.99985 269.99985 269.99985 269.99985 269.99985 269.99985 269.93224 269.93109 269.92995 269.92823 269.92594 269.84744 269.84171 269.83541 269.82854 269.73171 269.7191 269.70707
258.39631 255.71028 253.2288 251.89782 252.37051 253.04374 253.82697 254.55634 255.38885 256.11021 256.69233 256.94042 256.82411 256.23167 255.38828 253.77082 251.26413 247.22478 242.04925 235.17547 224.99974 223.60287 237.17166 247.65163 255.23473 261.0789 264.54758 266.63372 267.88564 268.63965 269.2063 269.52831 269.68014 269.8039 269.90932 269.91448 269.91906 269.9225 269.92479 269.92651 269.92823 269.92938 269.92995 269.93109 269.99985 269.99985 269.99985 269.99985 269.99985 269.99985 269.92938 269.92766 269.92594 269.92365 269.92135 269.91849 269.91505 269.91161 269.90818 269.90417
260.81935 258.06342 255.31208 252.54068 251.38732 251.43602 252.04221 252.63235 253.24427 254.10657 254.57812 254.73167 254.62796 253.97594 252.89706 251.14667 248.49846 244.51927 238.86131 231.54636 221.34771 215.07382 230.30075 243.43523 252.89706 259.59952 263.56725 265.9307 267.3631 268.39557 268.87972 269.37876 269.5518 269.69217 269.80963 269.91104 269.91562 269.91906 269.92193 269.92422 269.92594 269.92708 269.92766 269.9288 269.92938 269.99985 269.99985 269.99985 269.99985 269.99985 269.99985 269.99985 269.99985 269.99985 269.92078 269.91849 269.91562 269.99985 269.99985 269.99985
262.93413 260.47614 257.57812 254.65146 251.56493 250.60466 250.3686 250.71008 251.21486 251.93678 252.36822 252.59053 252.49198 251.8749 250.55996 248.74942 245.77233 241.45395 236.16956 228.63287 218.65997 207.89753 223.78106 238.21272 249.62375 257.47098 262.38524 265.11481 266.76436 267.94236 268.65741 269.07624 269.40684 269.56669 269.69962 269.81249 269.82338 269.91562 269.91849 269.92135 269.92307 269.92422 269.92536 269.92651 269.92708 269.92766 269.99985 269.99985 269.99985 269.99985 269.99985 269.99985 269.99985 269.99985 269.99985 269.99985 269.99985 269.99985 269.99985 269.99985
264.59686 262.59036 259.92782 256.87453 253.69061 250.31875 249.46963 249.05881 249.41405 249.76183 250.31646 250.45339 250.27463 249.65584 248.41366 246.3705 243.28741 239.10539 233.13002 225.88153 216.7142 204.44374 216.87005 231.80133 245.69555 254.93163 260.70074 263.89384 266.06993 267.41409 268.24488 268.87399 269.24297 269.42575 269.57643 269.70363 269.81421 269.82281 269.82968 269.91734 269.91964 269.92078 269.9225 269.92307 269.92422 269.92479 269.92536 269.99985 269.99985 269.99985 269.99985 269.99985 269.99985 269.99985 269.99985 269.99985 269.99985 269.99985 269.99985 269.99985
