data/aspect_4cell_modal.txt
ncols	401
nrows	401
xllcorner	0.0
yllcorner	0.0
cellsize	10.0
NODATA_value	-9999.0
[rows 286 to 311 of 401, columns 60 to 119 of 401]
180.07183 180.23111 180.49868 180.90377 181.48417 182.29491 183.28784 184.65034 186.5113 188.88048 192.1091 196.26992 201.90324 208.53523 217.15538 226.93691 237.21578 246.3705 254.21945 260.102 264.61061 267.3058 269.0453 269.99985 269.99985 269.45439 268.69236 267.73953 266.6194 265.33311 264.10927 262.73876 261.38428 260.0894 259.01338 257.89096 256.74791 255.76872 254.69156 253.69118 252.60886 251.6314 250.60809 249.44384 248.24178 246.83345 245.17072 243.31148 241.29409 238.478 235.41784 231.46385 227.19073 221.51043 215.21764 207.646 200.09499 192.52908 186.49927 182.23131
180.24773 180.62187 181.15529 181.89498 182.89709 184.25041 185.92574 188.36138 191.23706 195.12401 200.29781 206.6903 214.3943 223.51865 233.42681 242.92817 251.09568 257.78095 262.87512 266.16447 268.48438 269.42403 269.99985 269.73858 269.24641 268.30848 266.9626 265.70496 264.28918 262.95419 261.42783 259.9685 258.7292 257.53515 256.24714 254.98148 254.05443 253.02426 252.05596 251.0699 250.05118 249.10924 248.23777 247.14514 245.9912 244.61954 243.20605 241.47686 239.44401 237.03071 234.1304 230.34716 226.25911 220.76387 214.62405 207.40765 200.15744 192.60872 186.17039 182.41924
180.76912 181.35182 182.26339 183.615 185.2571 187.43147 190.14901 193.94085 198.50618 204.50734 211.9449 220.53296 230.02172 239.39359 247.75075 255.15451 260.74658 264.55962 267.42326 268.90894 269.74087 269.99985 269.52258 268.84477 267.76302 266.31573 264.93891 263.41026 261.95495 260.34436 258.76529 257.38905 256.05406 254.66406 253.42418 252.31837 251.33288 250.3961 249.44384 248.44518 247.69403 246.82772 245.82848 244.97019 243.8386 242.58439 241.16689 239.64512 237.71139 235.40752 232.69629 229.26771 225.32003 220.26654 213.85113 207.14982 200.04514 192.69982 185.9647 181.79013
181.59418 182.60259 184.21145 186.15836 188.88564 192.26495 196.69907 202.4189 209.18382 217.33701 226.54788 236.04121 244.73012 252.15966 258.21926 262.87512 266.22177 268.20191 269.51054 269.99985 269.77468 269.34668 268.30905 267.1173 265.78574 264.30866 262.70896 260.96889 259.44826 257.76605 256.26777 254.76032 253.45226 252.06226 250.95702 249.7922 248.72192 247.90087 246.99101 246.07485 245.38386 244.48604 243.70739 242.86514 241.72954 240.66842 239.34145 237.76123 236.30993 233.92413 231.51256 228.22893 224.00681 219.32689 213.69013 206.87823 199.91622 192.15494 185.61749 181.00518
182.88964 184.67612 187.14557 190.37075 194.53443 199.88528 206.33794 214.30778 223.31525 232.63784 241.36514 249.47879 255.82487 260.98493 264.59628 267.32013 268.84018 269.77869 269.99985 269.79473 269.00519 268.06497 266.78899 265.19044 263.64002 261.97042 260.33634 258.52064 256.91579 255.30807 253.733 252.24904 250.88254 249.67704 248.5082 247.41901 246.39972 245.59872 244.69574 243.8386 243.1012 242.4847 241.63099 240.78072 239.92128 238.83095 237.66727 236.30993 234.78243 232.72207 230.09735 227.12083 223.26425 218.57116 213.3263 206.56483 199.2493 191.68912 185.38945 181.16905
184.9477 187.89156 191.63355 196.69907 203.06635 210.6334 219.39278 228.87122 237.99443 246.33669 253.51528 259.10448 263.27562 266.24812 268.23056 269.36788 269.99985 269.99985 269.43835 268.72674 267.69541 266.34782 264.88276 263.28994 261.54299 259.84073 257.99524 256.31189 254.57812 253.01337 251.41596 249.92284 248.66748 247.40469 246.29716 245.2475 244.24597 243.43523 242.58668 241.84356 241.1245 240.42205 239.72877 238.85329 238.06662 237.11895 236.01887 234.79618 233.32024 231.50568 229.22588 226.28718 222.41399 218.08873 212.30758 205.82113 198.74109 191.30983 185.07948 180.00021
188.46681 193.17251 199.09346 206.4382 215.11565 224.77858 234.49824 243.16594 250.93754 256.9261 261.59112 264.93032 267.2021 268.78117 269.61425 269.99985 269.82281 269.31402 268.49698 267.39003 266.00519 264.49258 262.85564 261.24219 259.4918 257.74772 255.96353 254.19767 252.50401 250.81493 249.30461 247.92092 246.60369 245.34204 244.2643 243.22381 242.2114 241.44249 240.61456 239.88347 239.32025 238.60692 237.88728 237.14817 236.50187 235.61952 234.65179 233.42681 232.00931 230.24173 227.98142 225.34295 221.77571 217.40519 211.92084 205.30145 197.35396 189.24603 183.01282 180.00021
194.17232 201.2346 209.90574 219.76234 230.23772 239.69726 248.14266 254.89038 259.83099 263.71106 266.32948 268.19102 269.24355 269.82109 269.99985 269.67269 269.05046 268.15263 267.14537 265.72558 264.33272 262.67974 261.02733 259.24199 257.45608 255.7607 253.90145 252.27139 250.63731 249.03303 247.48891 246.1247 244.72955 243.56701 242.49329 241.43848 240.60769 239.70814 238.89111 238.31185 237.64206 236.90294 236.30993 235.639 234.93025 234.16249 233.41248 232.31699 230.95736 229.1852 226.93061 224.6256 221.00909 216.41626 210.65059 204.07533 196.31404 188.12991 181.90931 180.00021
203.58716 213.7967 224.72873 235.69916 244.94211 252.7183 258.20952 262.60067 265.53307 267.53728 268.86196 269.64519 269.99985 269.84057 269.54148 268.82185 267.85756 266.78899 265.48609 264.07547 262.54567 260.88352 259.20361 257.51338 255.77388 254.00058 252.31035 250.56741 248.96256 247.32848 245.85885 244.48317 243.24673 241.96101 241.00246 239.91785 238.95585 238.20126 237.43808 236.75283 236.15466 235.43044 234.90447 234.35672 233.57406 233.0223 232.17719 230.87371 229.76389 228.33092 226.05456 223.33989 219.98694 215.83758 209.87595 203.02567 195.25521 186.11539 180.00021 180.00021
217.91684 230.42508 241.42243 250.20129 256.72384 261.44215 264.89365 266.9414 268.61272 269.45439 269.99985 269.99985 269.69905 269.28193 268.48151 267.59744 266.48876 265.27868 263.97806 262.42993 260.90013 259.33539 257.61651 255.87529 254.18851 252.41921 250.82123 249.15106 247.51641 246.02443 244.54792 243.13672 241.96789 240.673 239.60788 238.5989 237.77957 236.9419 236.16784 235.46367 234.88327 234.27249 233.69896 233.22455 232.51007 231.87466 231.04388 230.05724 228.73772 227.34429 225.38993 223.12216 219.80531 214.82459 209.42732 202.10951 192.99489 185.44045 180.00021 184.76378
236.30993 246.98528 255.01815 260.37473 264.06458 266.56153 268.26436 269.22063 269.82281 269.99985 269.84744 269.42575 268.90894 268.16925 267.22559 266.20229 264.97845 263.77638 262.34399 260.91446 259.33825 257.73053 256.18469 254.49447 252.80424 251.16042 249.55442 247.93238 246.3218 244.87794 243.37794 242.03493 240.85406 239.65371 238.54332 237.59794 236.70069 235.855 235.10729 234.41974 233.79923 233.08762 232.62696 232.08093 231.59678 230.81756 230.10652 229.14452 228.17966 226.48772 224.5557 222.27361 218.81123 214.38054 207.29936 199.79877 188.97273 180.00021 180.00021 203.1987
253.30099 259.89058 263.93509 266.738 268.22597 269.33866 269.80447 269.99985 269.83885 269.55352 269.16562 268.55485 267.74927 266.88009 265.82356 264.6828 263.57413 262.25461 260.92649 259.46545 257.95742 256.40471 254.89554 253.31131 251.73797 250.05462 248.49216 246.93715 245.43887 243.97553 242.60043 241.25685 239.99176 238.79943 237.70508 236.68579 235.82635 235.00817 234.33838 233.6239 232.96672 232.37715 231.8294 231.38135 230.83475 230.15235 229.23619 228.36644 227.14776 225.85517 223.95811 221.09962 218.29041 212.8284 206.56483 195.52393 188.74641 180.00021 189.46261 239.03606
264.39059 266.81993 268.39098 269.46184 269.77067 269.99985 269.82166 269.51742 269.11406 268.63277 267.94981 267.21012 266.30141 265.43911 264.38601 263.26588 262.13257 260.80502 259.54165 258.15796 256.79432 255.27713 253.85848 252.28285 250.76909 249.26909 247.73242 246.18486 244.71923 243.32866 241.95643 240.64894 239.4675 238.22934 237.19515 236.09794 235.23334 234.40255 233.60786 232.85328 232.14395 231.6323 231.01867 230.67031 229.98963 229.35938 228.53948 227.75911 226.63668 225.49822 223.75471 220.97185 217.47624 211.32897 205.20119 194.03596 180.00021 180.00021 236.30993 262.87512
269.07624 269.63946 269.99985 269.99985 269.78957 269.44752 269.01494 268.51188 267.8186 267.21356 266.4309 265.71355 264.82489 263.86634 262.92497 261.80025 260.76033 259.59207 258.29776 257.02694 255.70856 254.37243 252.95493 251.53342 250.09472 248.62108 247.23337 245.78207 244.3428 242.91155 241.58401 240.25532 239.15008 237.93541 236.7597 235.78969 234.92624 233.98601 233.32253 232.54617 231.76638 231.37906 230.69093 230.075 229.51408 229.00415 228.01293 227.38611 226.44417 224.99974 222.70963 220.91455 216.46898 210.46552 199.98326 188.12991 180.00021 206.56483 269.99985 269.99985
269.57873 269.33751 269.18911 268.86768 268.4414 267.94236 267.39748 266.81249 266.17765 265.49239 264.87589 264.06859 263.30197 262.35373 261.5069 260.46125 259.48206 258.36881 257.30425 256.05176 254.83308 253.58461 252.2479 250.95874 249.54755 248.21714 246.82886 245.50247 244.13367 242.81071 241.47686 240.23928 239.03606 237.889 236.72934 235.77364 234.82368 233.87658 233.04923 232.37715 231.56871 230.95908 230.38956 229.88536 229.48486 228.59677 228.09429 227.32767 226.16915 224.25604 223.02533 219.55951 214.50831 208.61029 198.43513 180.00021 224.99974 269.99985 269.99985 266.63372
267.27372 266.92249 266.72253 266.39709 265.9794 265.66256 265.26034 264.78192 264.24162 263.74602 263.05732 262.39212 261.73436 260.9792 260.12263 259.22824 258.38141 257.39592 256.32163 255.26509 254.1272 252.94977 251.73797 250.50324 249.2307 247.99655 246.69365 245.38845 244.0821 242.75742 241.5164 240.36762 239.20108 238.0099 237.00206 235.98392 235.05229 234.11779 233.2595 232.60576 231.75377 231.10805 230.4967 229.94609 229.15369 228.76408 228.20544 227.24574 226.43214 224.99974 222.27361 219.09369 214.99189 206.56483 180.00021 180.00021 269.99985 269.99985 265.60125 262.56859
261.97271 262.7674 262.90434 263.22061 263.10946 263.02523 262.80808 262.58463 262.25518 261.82489 261.29146 260.84971 260.19253 259.60811 258.89306 258.14191 257.30712 256.5107 255.53782 254.63369 253.62013 252.50057 251.45263 250.32161 249.14533 247.94441 246.76125 245.52939 244.28264 243.0674 241.93466 240.71426 239.59183 238.36284 237.39168 236.40791 235.51123 234.43808 233.59583 232.9226 232.02306 231.54636 230.9247 230.30705 229.45564 229.05342 228.88784 227.12083 225.93939 224.99974 223.02533 218.65997 206.56483 206.56483 180.00021 269.99985 269.99985 259.6952 258.11155 254.57812
255.30807 257.26701 258.60315 259.24199 259.86938 260.04184 260.17821 260.20972 260.11117 259.83959 259.55025 259.20704 258.82717 258.29031 257.71392 257.13408 256.41617 255.68908 254.95856 254.11116 253.25287 252.2393 251.31627 250.30958 249.17054 248.18047 247.02825 245.87489 244.74502 243.5418 242.41308 241.24883 240.23698 239.06299 238.15772 237.08572 236.08247 235.17547 234.34469 233.70011 232.80629 232.15771 231.47589 230.85595 230.75453 229.89911 229.1852 228.69131 227.60269 224.99974 224.99974 218.65997 206.56483 629.99985 269.99985 255.96353 251.56493 252.6461 250.20129 249.27425
247.73815 251.0888 253.4809 255.05711 256.11364 256.89287 257.4578 257.76376 257.85429 257.96602 257.8795 257.72767 257.39764 257.07908 256.68603 256.21391 255.65757 255.08404 254.40337 253.67857 252.93946 252.14992 251.23663 250.34625 249.44384 248.45205 247.41958 246.43238 245.32886 244.25342 243.14245 242.17587 241.12278 240.02957 238.97418 238.07922 237.29141 236.24175 235.53472 234.72112 234.07998 233.21596 232.92719 232.39376 231.4587 231.18883 231.34009 229.96958 228.81392 228.01293 224.99974 224.99974 629.99985 269.99985 251.56493 246.80136 246.80136 245.55632 245.55632 245.46236
239.90581 244.68715 248.01603 250.39151 252.3115 253.64019 254.55806 255.229 255.7206 256.05463 256.15833 256.25287 256.14287 256.02197 255.73549 255.41807 255.08347 254.55463 254.08709 253.49866 252.87357 252.11898 251.40164 250.65909 249.76126 248.92703 248.02577 247.07581 246.10866 245.11973 244.22248 243.23814 242.21884 241.31987 240.23125 239.29447 238.58171 237.82139 236.74137 236.21081 235.49175 234.92624 234.46214 234.02784 233.13002 233.13002 232.43158 234.16249 233.97284 231.34009 224.99974 629.99985 629.99985 243.43523 243.43523 239.74367 241.18924 239.62105 240.70853 241.38977
232.16916 238.04026 242.52538 245.87489 248.30366 250.16806 251.63712 252.7584 253.59951 254.16788 254.53171 254.85428 254.94939 255.01299 254.88007 254.70474 254.50421 254.18106 253.84187 253.36115 252.86784 252.32811 251.64687 251.02406 250.37146 249.54869 248.72765 247.96848 247.10216 246.28856 245.39246 244.53646 243.58592 242.76487 241.85387 240.92281 240.35387 239.5036 238.73641 237.90734 237.52861 236.80267 236.5139 236.30993 235.61952 235.84011 235.61952 236.30993 236.30993 243.43523 629.99985 629.99985 243.43523 231.34009 231.34009 236.30993 236.30993 236.65944 237.38079 238.39263
225.1596 231.86492 237.07769 241.18236 244.34452 246.8174 248.75515 250.305 251.50477 252.3304 252.96639 253.50439 253.86994 254.08652 254.1696 254.14783 254.07563 253.87682 253.64076 253.3835 252.99847 252.57105 252.03304 251.56493 250.95874 250.34625 249.68448 249.03704 248.24521 247.49464 246.74292 246.05422 245.28761 244.51068 243.8386 242.86228 242.25494 241.60693 241.29409 240.66842 240.32694 239.89894 239.34947 239.65658 240.46101 241.18924 241.69917 246.80136 251.56493 269.99985 629.99985 206.56483 224.99974 228.36644 230.90637 231.6323 233.393 234.92624 235.00817 236.65944
219.16188 226.02305 231.89758 236.67204 240.40085 243.48795 245.90583 247.82696 249.34529 250.55996 251.48529 252.23071 252.78189 253.24198 253.46085 253.64019 253.69118 253.70951 253.59721 253.44481 253.19156 252.92857 252.59855 252.20951 251.78151 251.23605 250.68372 250.16061 249.55041 248.96256 248.40163 247.68544 247.05404 246.54468 245.86228 245.2051 244.90372 244.47057 243.84547 243.93543 243.43523 243.43523 243.43523 244.88539 245.55632 246.80136 249.44384 251.56493 269.99985 629.99985 206.56483 218.65997 221.63362 224.99974 227.72645 229.8441 230.85595 232.48085 233.7809 234.52459
213.64028 220.655 226.82691 232.16114 236.55401 240.08343 243.00781 245.37642 247.2878 248.8176 250.00248 251.02979 251.81302 252.41635 252.88617 253.19213 253.43908 253.58002 253.66769 253.59263 253.55424 253.41616 253.18869 252.94633 252.61574 252.31264 251.92991 251.56493 251.13407 250.61783 250.1016 249.63865 249.20091 248.72478 248.39934 248.08192 247.57944 247.38005 247.50381 247.32848 247.24884 248.4045 248.19881 249.44384 252.6461 257.47098 255.96353 269.99985 180.00021 206.56483 210.964 217.87501 220.91455 224.99974 226.97473 228.01293 230.30075 231.65465 232.46538 233.59583
208.94489 215.89258 222.27361 227.8949 232.78853 236.8107 240.20318 242.95338 245.16671 247.07695 248.64972 249.85122 250.89228 251.66291 252.34014 252.84664 253.24198 253.58404 253.74905 253.86364 253.99657 253.93354 253.9026 253.75936 253.66883 253.39668 253.16234 252.88789 252.6547 252.31551 252.06742 251.87834 251.49389 251.31971 251.09167 251.00859 250.76909 250.75821 251.36554 251.31283 251.8961 253.85562 255.46563 257.47098 258.69024 269.99985 269.99985 180.00021 180.00021 198.43513 210.964 218.65997 222.13782 222.95486 226.54788 228.01293 229.39891 230.63077 231.78872 232.88307
204.93763 211.6166 218.05148 223.92602 229.02592 233.57348 237.34584 240.55727 243.18714 245.32313 247.2116 248.6692 249.97612 250.99484 251.88464 252.5487 253.15088 253.57487 253.95417 254.23835 254.44806 254.57812 254.64458 254.66521 254.70703 254.61249 254.59015 254.5277 254.34607 254.28648 254.13236 253.99599 253.88656 253.89859 253.87223 253.94557 254.45035 254.53858 255.5997 256.20073 258.17858 258.69024 261.46908 265.23628 269.99985 269.99985 180.00021 180.00021 195.94563 204.44374 212.00563 217.69396 220.76387 223.40864 224.99974 227.00968 228.75835 230.25778 231.34009 232.31928
