data/aspect_4cell_min.txt
ncols	401
nrows	401
xllcorner	0.0
yllcorner	0.0
cellsize	10.0
NODATA_value	-9999.0
[rows 0 to 25 of 401, columns 120 to 179 of 401]
-9999.0 -9999.0 -9999.0 -9999.0 -9999.0 -9999.0 -9999.0 -9999.0 -9999.0 -9999.0 -9999.0 -9999.0 -9999.0 -9999.0 -9999.0 -9999.0 -9999.0 -9999.0 -9999.0 -9999.0 -9999.0 -9999.0 -9999.0 -9999.0 -9999.0 -9999.0 -9999.0 -9999.0 -9999.0 -9999.0 -9999.0 -9999.0 -9999.0 -9999.0 -9999.0 -9999.0 -9999.0 -9999.0 -9999.0 -9999.0 -9999.0 -9999.0 -9999.0 -9999.0 -9999.0 -9999.0 -9999.0 -9999.0 -9999.0 -9999.0 -9999.0 -9999.0 -9999.0 -9999.0 -9999.0 -9999.0 -9999.0 -9999.0 -9999.0 -9999.0
268.95363 268.60298 268.16237 266.91504 264.94636 261.93318 257.24237 250.38808 239.42052 225.60307 209.74474 196.29399 187.80046 182.09552 -89.99985 -89.99985 -89.99985 -89.99985 -89.99985 -89.99985 -89.99985 -89.99985 -89.99985 -89.99985 -89.99985 -89.99985 -89.99985 180.47749 182.42611 184.88525 188.89595 193.43836 197.52584 201.0375 201.25064 201.06615 200.68743 200.01363 199.08085 198.12172 197.22046 196.0734 194.85242 193.7426 192.49585 190.95402 189.46261 188.30352 186.85508 185.71031 184.54778 183.70209 183.17955 182.61977 182.01645 181.76263 181.4561 181.09112 181.259 180.71641
268.90894 268.61616 268.17211 266.91504 264.91198 261.80598 257.00517 249.14533 238.78167 223.83091 208.47392 195.39559 187.21432 181.95228 -89.99985 -89.99985 -89.99985 -89.99985 -89.99985 -89.99985 -89.99985 -89.99985 -89.99985 -89.99985 -89.99985 -89.99985 -89.99985 180.88142 182.66275 185.79912 189.98171 194.58313 199.56386 203.6542 205.48079 205.03961 204.32571 203.51211 202.16623 201.0375 200.08811 198.72103 197.49548 195.82416 194.25024 192.40188 190.67384 189.2191 187.49565 186.37379 185.30752 184.20056 183.72386 182.88047 182.70801 182.10526 181.87779 181.57642 181.80847 181.39708
268.82471 268.60298 268.17211 266.91504 264.87703 261.2187 255.69997 247.83383 236.30993 221.49668 207.29936 194.58886 186.11539 181.80847 -89.99985 -89.99985 -89.99985 -89.99985 -89.99985 -89.99985 -89.99985 -89.99985 -89.99985 -89.99985 -89.99985 -89.99985 -89.99985 181.19368 183.67803 186.56631 190.82281 195.54628 200.65248 205.30776 208.61029 208.32495 207.63167 206.56483 205.5845 204.11658 202.73346 201.37039 199.61542 197.98364 195.82817 193.76094 191.69886 189.6958 188.29148 186.98113 185.65129 184.94312 183.90033 183.44713 182.97386 182.43643 182.23704 182.00957 181.7357 181.34781
268.72674 268.4924 267.86787 266.89671 264.80541 260.61423 254.74485 245.50132 233.13002 218.5299 204.04439 192.45001 185.77448 181.70132 -89.99985 -89.99985 -89.99985 -89.99985 -89.99985 -89.99985 -89.99985 -89.99985 -89.99985 -89.99985 -89.99985 180.00021 180.35143 181.4412 184.0854 187.64519 191.53442 196.26018 201.44774 206.73213 210.77779 212.00563 210.74283 209.59234 208.30089 206.69432 205.42693 203.56539 201.85282 199.30316 196.96148 194.30009 192.26495 190.30486 188.70516 187.1937 185.9647 185.00786 184.32776 183.61729 183.17955 182.70801 182.56362 182.40606 182.20266 181.27275
268.26436 268.36348 267.80943 266.85889 264.73208 260.38046 253.19156 243.43523 229.89911 214.13589 200.37631 190.49164 184.25901 181.07107 -89.99985 -89.99985 -89.99985 -89.99985 -89.99985 -89.99985 -89.99985 -89.99985 -89.99985 180.00021 180.00021 180.00021 180.32164 181.64575 184.39881 188.03193 192.56747 197.31156 202.45672 207.49932 212.47145 214.3943 213.60648 212.31446 210.86659 209.40269 207.53198 205.48652 202.989 200.27719 197.27603 194.66449 192.36235 190.55696 188.78537 187.35241 186.22081 185.32127 184.42115 183.77257 183.38639 182.95438 182.45419 182.2909 182.10182 181.14555
267.70916 268.20993 267.61405 266.44579 264.61863 260.13409 252.68105 241.27977 226.63668 211.0975 197.52584 188.31039 183.39957 180.5027 -89.99985 -89.99985 -89.99985 -89.99985 -89.99985 -89.99985 -89.99985 180.00021 180.00021 180.00021 180.00021 180.00021 180.59666 182.13219 184.68586 188.3568 193.24069 198.22485 203.32819 208.30089 213.2501 216.27016 215.90175 214.60801 213.16988 211.36736 209.2308 206.44966 203.46799 200.34938 197.33906 194.80544 192.45001 190.45612 188.82032 187.49565 186.42536 185.33903 184.48475 183.87341 183.53651 183.16065 182.70801 182.62264 182.38601 181.02294
267.0537 267.63067 267.38029 266.37876 264.49945 259.87511 251.56493 239.28129 223.36338 207.58183 195.19505 187.12494 182.60259 180.46202 -89.99985 -89.99985 -89.99985 -89.99985 -89.99985 -89.99985 180.00021 180.00021 180.00021 180.00021 180.00021 180.00021 180.83444 182.56362 185.24736 188.97273 193.8148 199.21722 204.4953 209.29153 214.18631 217.77589 217.78105 216.50564 214.88818 212.8559 210.0232 206.67541 203.29438 199.94258 197.03425 194.42729 192.2065 190.36616 188.81631 187.32949 186.33999 185.30867 184.52085 183.96451 183.34858 182.99506 182.56935 182.40262 181.72252 180.45858
266.21718 266.9414 267.51035 266.02753 263.90014 259.50842 250.1778 236.91497 220.60115 204.26154 193.09172 185.59915 181.4687 -89.99985 -89.99985 -89.99985 -89.99985 180.00021 180.00021 180.00021 180.00021 180.00021 180.00021 180.00021 180.00021 180.25919 181.314 183.20935 186.00882 189.82988 194.4525 199.80965 205.52605 210.27702 215.24456 218.91149 219.4495 218.00508 216.04499 213.15499 209.77454 206.25027 202.56673 199.42749 196.48879 194.03596 191.98878 190.03328 188.56307 187.18052 185.98476 185.28116 184.28307 183.76053 183.17955 182.81573 182.35793 182.18834 181.16102 180.00021
265.10106 266.08827 266.27849 265.56745 263.66007 259.01109 249.29086 234.63747 217.80626 202.06768 191.30983 184.27562 181.3862 180.00021 180.00021 180.00021 180.00021 180.00021 180.00021 180.00021 180.00021 180.00021 180.00021 180.00021 180.00021 180.49181 181.74315 183.7972 186.73991 190.63603 195.2787 200.58773 206.56483 211.66071 216.18307 219.93652 220.75756 218.84331 216.2163 212.79116 209.01021 205.1777 201.6414 198.70213 195.94563 193.44008 191.51036 189.66429 188.10069 186.78403 185.88391 184.98953 184.0516 183.56057 182.9561 182.5768 182.15511 181.65549 180.70323 180.00021
263.72883 264.95782 265.32279 265.52505 263.1765 258.57908 248.32543 233.28586 215.44567 199.55813 189.65971 183.57661 180.88142 180.00021 180.00021 180.00021 180.00021 180.00021 180.00021 180.00021 180.00021 180.00021 180.00021 180.00021 180.00021 180.70438 182.14766 184.60278 187.67613 191.65532 196.3318 201.70557 207.37384 212.90518 217.32326 220.88992 221.12139 218.73044 215.25029 211.60743 207.61907 203.85646 200.55622 197.6158 195.03233 192.67576 190.85662 189.11311 187.65951 186.40645 185.36195 184.51397 183.82929 183.28383 182.72634 182.10182 181.69273 181.21259 180.31992 180.00021
261.97271 262.87512 264.05312 264.34533 262.3331 257.86346 246.99101 230.71041 211.92084 197.77107 188.21299 182.96068 180.42134 180.00021 180.00021 180.00021 180.00021 180.00021 180.00021 180.00021 180.00021 180.00021 180.00021 180.00021 180.00021 180.87798 182.46049 184.82051 188.06345 192.39787 197.4273 202.80966 208.76785 214.02932 218.54767 221.25088 220.9369 217.70198 213.69013 209.64161 205.93228 202.42291 199.34441 196.53749 193.99127 191.9544 190.06078 188.44045 187.05619 185.861 184.87666 184.01435 183.31764 182.81916 182.05369 181.4561 181.03669 180.83444 180.00021 180.00021
260.39478 260.90987 261.77332 262.23455 261.25365 256.42934 246.19403 228.57615 209.84616 195.37611 186.91123 182.38601 180.4093 180.00021 180.00021 180.00021 180.00021 180.00021 180.00021 180.00021 180.00021 180.00021 180.00021 180.00021 180.20476 181.03383 182.7464 185.19465 188.47598 192.65284 197.84269 203.47945 209.62786 215.37463 219.62884 220.50604 219.12463 215.78085 211.66071 207.88721 204.17559 200.83811 197.97848 195.41048 192.98172 190.9374 189.15149 187.61769 186.47521 185.30637 184.32948 183.51875 182.68968 182.0027 181.47443 181.1192 180.71927 180.51129 180.00021 180.00021
256.46429 258.15796 259.4792 260.29337 259.95074 254.74485 244.53646 225.62942 207.29936 193.8698 185.65416 181.8629 180.00021 180.00021 180.00021 180.00021 180.00021 180.00021 180.00021 180.00021 180.00021 180.00021 180.00021 180.00021 180.39097 181.38276 183.21336 185.54702 188.87418 193.09172 198.01458 203.55221 209.80089 215.92868 218.69377 218.82211 215.65538 212.2755 208.85207 205.49511 202.23384 199.15018 196.55239 193.95574 191.88851 189.9141 188.24393 186.76627 185.67822 184.59992 183.51359 182.75098 181.96259 181.48761 180.97768 180.62302 180.44425 180.23684 180.00021 180.00021
252.34988 253.61039 255.50001 257.00517 256.56915 253.37949 242.65028 223.02533 203.96245 191.71261 184.99354 181.37474 180.00021 180.00021 180.00021 180.00021 180.00021 180.00021 180.00021 180.00021 180.00021 180.00021 180.00021 180.00021 180.75365 181.8967 183.67287 186.31822 189.5285 193.58447 198.50159 203.87536 209.85189 214.80167 216.87005 215.12195 211.78275 208.62518 205.53236 202.56673 199.6985 197.103 194.68741 192.46147 190.41372 188.76933 187.19943 185.84438 184.67612 183.67172 182.8077 182.0852 181.49449 181.03841 180.54739 180.38581 180.20705 180.00021 180.00021 180.00021
242.74482 246.97439 249.04449 251.24121 252.47422 250.66539 238.70719 220.17945 201.64427 190.24412 183.85049 180.90205 180.00021 180.00021 180.00021 180.00021 180.00021 180.00021 180.00021 180.00021 180.00021 180.00021 180.00021 180.18298 181.098 182.39346 184.31229 186.88831 190.39195 194.52011 199.33811 204.71761 209.84616 213.41511 213.79785 211.3496 208.33756 205.24702 202.45271 199.70824 197.103 194.69715 192.49699 190.60165 188.85413 187.33464 185.89194 184.76378 183.66428 182.86214 182.03994 181.49964 180.93184 180.64765 180.34112 180.18069 180.00021 180.00021 180.00021 180.00021
230.44055 235.40752 239.03606 241.78282 244.91633 243.43523 232.69629 216.25412 199.2493 188.12991 183.27065 180.44769 180.00021 180.00021 180.00021 180.00021 180.00021 180.00021 180.00021 180.00021 180.00021 180.00021 180.00021 180.53707 181.43203 183.05981 185.12818 187.84057 191.30983 195.54513 200.37115 205.32724 209.81579 211.38455 210.52167 207.91586 205.11983 202.40687 199.67501 197.19181 194.7808 192.72904 190.71338 188.97273 187.35642 186.07815 184.86176 183.81382 182.91542 182.14594 181.50766 180.98513 180.58291 180.30388 180.16007 180.00021 180.00021 180.00021 180.00021 180.00021
215.53792 221.00909 226.16915 229.08551 232.35251 232.12505 225.85517 210.78409 196.53463 186.78919 182.16084 180.44425 180.00021 180.00021 180.00021 180.00021 180.00021 180.00021 180.00021 180.00021 180.00021 180.00021 180.17783 180.88142 182.11443 183.73131 185.94293 188.9819 192.58924 196.8085 201.40935 205.72888 208.78676 209.08985 207.26956 204.76345 202.18857 199.74663 197.22218 194.96816 192.90207 190.89042 189.14175 187.55237 186.16008 184.98036 183.83903 182.97386 182.24563 181.52084 181.0344 180.66484 180.41331 180.14345 180.00021 180.00021 180.00021 180.00021 180.00021 180.00021
201.37039 206.56483 211.26365 214.99189 217.99877 220.31409 215.83758 204.62365 193.19085 185.37685 181.60621 180.00021 180.00021 180.00021 180.00021 180.00021 180.00021 180.00021 180.00021 180.00021 180.00021 180.17955 180.52905 181.39708 182.79281 184.74889 187.12494 190.17537 193.94715 198.25751 202.31061 206.08583 206.96303 206.56483 204.55432 202.09576 199.63318 197.37974 195.0839 193.02469 191.10643 189.37953 187.78155 186.40703 185.1087 184.00175 183.04949 182.34705 181.65663 181.08081 180.73474 180.37779 180.13027 180.00021 180.00021 180.00021 180.00021 180.00021 180.00021 180.00021
188.74641 193.57072 197.35396 200.37631 203.38548 205.97468 204.34118 197.103 189.32338 183.36634 181.07107 180.00021 180.00021 180.00021 180.00021 180.00021 180.00021 180.00021 180.00021 180.00021 180.00021 180.35831 181.05445 182.08864 183.65224 185.78021 188.35565 191.5562 195.31938 199.28998 203.33736 205.08029 205.48537 203.97907 201.88949 199.67386 197.38833 195.33944 193.20288 191.41009 189.66486 188.04568 186.55943 185.27715 184.18223 183.24201 182.45075 181.78669 181.2378 180.79891 180.4666 180.23971 180.00021 180.00021 180.00021 180.00021 180.00021 180.00021 180.00021 180.00021
181.9752 185.19465 187.90703 189.92613 191.82148 194.93149 193.76094 189.95077 185.55275 181.95228 180.53077 180.00021 180.00021 180.00021 180.00021 180.00021 180.00021 180.00021 180.00021 180.00021 180.1847 180.71813 181.76263 182.96699 184.70591 187.01665 189.78232 193.20975 196.85319 200.53559 203.17578 203.89312 203.61066 201.74281 199.67386 197.4823 195.53138 193.49566 191.6811 189.88144 188.26341 186.86998 185.57738 184.38219 183.44884 182.56362 181.91618 181.2802 180.86137 180.43738 180.22309 180.1148 180.00021 180.00021 180.00021 180.00021 180.00021 180.00021 180.00021 180.00021
-89.99985 181.54834 182.79281 183.81382 184.66695 186.45859 186.88201 184.39881 182.20266 180.60296 180.00021 180.00021 180.00021 180.00021 180.00021 180.00021 180.00021 180.00021 180.00021 180.19273 180.74391 181.44578 182.48169 184.03555 185.97215 188.30466 191.27487 194.81633 198.26954 201.35664 202.62001 202.84977 201.44774 199.63318 197.70633 195.7004 193.75063 191.99852 190.17537 188.63984 187.22292 185.80886 184.7105 183.67459 182.7951 182.05255 181.43203 180.92382 180.51702 180.20991 180.10735 180.00021 180.00021 180.00021 180.00021 180.00021 180.00021 180.00021 180.00021 180.00021
-89.99985 -89.99985 -89.99985 181.10144 181.02294 181.90931 182.52638 181.50766 180.67401 180.00021 180.00021 180.00021 180.00021 180.00021 180.00021 180.00021 180.00021 180.00021 180.20476 180.58463 181.31057 182.18834 183.57661 185.14652 187.27849 189.81269 192.99489 196.37936 199.63089 201.39102 201.92559 201.17559 199.69506 197.7006 195.94563 194.10013 192.29703 190.55295 188.96643 187.52773 186.19618 184.96489 183.92383 183.03918 182.19865 181.58559 181.08654 180.59494 180.2993 180.10162 180.00021 180.00021 180.00021 180.00021 180.00021 180.00021 180.00021 180.00021 180.00021 180.00021
-89.99985 -89.99985 180.00021 180.00021 180.00021 180.00021 180.00021 180.00021 180.00021 180.00021 180.00021 180.00021 180.00021 180.00021 180.00021 180.00021 180.00021 180.21965 180.62072 181.18108 182.08578 183.13887 184.71852 186.47922 188.81402 191.5562 194.77049 197.99567 200.21645 201.14636 200.95557 199.51745 197.8742 196.17596 194.42442 192.70842 191.02335 189.501 188.00271 186.62761 185.36539 184.29682 183.30159 182.45534 181.74429 181.15358 180.76626 180.38467 180.19387 180.00021 180.00021 180.00021 180.00021 180.00021 180.00021 180.00021 180.00021 180.00021 180.00021 180.00021
-89.99985 -89.99985 180.00021 180.00021 180.00021 180.00021 180.00021 180.00021 180.00021 180.00021 180.00021 180.00021 180.00021 180.00021 180.00021 180.25804 180.47749 180.8883 181.4687 182.19521 183.08387 184.31229 186.07643 188.05256 190.41888 193.41774 196.57989 199.25732 200.31729 200.53674 199.53693 198.10109 196.53463 194.82664 193.18855 191.55161 189.98744 188.41868 187.11176 185.81573 184.71279 183.68834 182.73093 182.01129 181.41771 180.93757 180.46832 180.28153 180.09475 180.00021 180.00021 180.00021 180.00021 180.00021 180.00021 180.00021 180.00021 180.00021 180.00021 180.00021
-89.99985 -89.99985 180.00021 180.00021 180.00021 180.00021 180.00021 180.00021 180.00021 180.00021 180.00021 180.00021 180.00021 180.00021 180.27409 180.509 180.95476 181.57871 182.34189 183.24716 184.30885 185.72979 187.52028 189.67518 192.28844 195.36751 198.21053 199.64235 200.31729 199.56615 198.23918 196.81137 195.21854 193.65036 192.07702 190.55295 189.04492 187.67498 186.3165 185.17574 184.11405 183.1257 182.29433 181.69044 181.11232 180.64364 180.36748 180.09188 180.00021 180.00021 180.00021 180.00021 180.00021 180.00021 180.00021 180.00021 180.00021 180.00021 180.00021 180.00021
