data/fuzzy_surface_min.txt
ncols 401
nrows 401
xllcorner 0
yllcorner 0
cellsize 10
nodata_value -9999
[rows 200 to 219 of 401, columns 0 to 45 of 401]
151.493188270924 151.817042348551 152.161610625876 152.526755314725 152.912253785524 153.317795675784 153.742980276686 154.187314230144 154.65020957 155.130982142027 155.628850438242 156.14293488157 156.672257597094 157.215742705921 157.772217177051 158.340412271474 158.874180505174 159.415221858485 159.966140378126 160.525544569395 161.09194902397 161.663777401755 162.239366225242 162.81696952803 163.394764392954 163.970857407882 164.543292058558 165.110057067971 165.669095680779 166.218315879241 166.755601504229 167.278824241257 167.785856417256 168.27458453934 168.742923492171 169.188831296059 169.610324313873 170.005492781429 170.372516523553 170.70968070678 171.015391469867 171.28819126523 171.501583136913 171.679056054683 171.813266688502 171.912054494636
151.2890648406 151.623221409342 151.978685256988 152.355283481355 152.752754620835 153.170745908395 153.60881083075 154.066407024196 154.542894539541 155.037534509419 155.549488251852 156.076854983787 156.61956405562 157.176512178969 157.746444630313 158.328009493683 158.904838561707 159.458740473921 160.022200218988 160.593761540788 161.171875717368 161.754904924679 162.341126396299 162.928737417876 163.515861189112 164.100553579016 164.680810791798 165.254577951217 165.819758600598 166.374225104007 166.915829921556 167.442417718523 167.951838254089 168.441959981361 168.910684275983 169.355960196473 169.775799665591 170.168292948847 170.531624294018 170.864087584406 171.164101848928 171.430226464151 171.637319619169 171.808165712708 171.937717387085 172.02872482049
151.091592393863 151.436365941469 151.803032047671 152.190171406425 152.597906384606 153.026779446279 153.476294243831 153.945853187231 154.434756004746 154.942198765585 155.467273396492 156.008967723845 156.566166072071 157.13765044802 157.722102339414 158.316197895948 158.919318520671 159.513055924156 160.089166343461 160.672967402222 161.262847170638 161.857106642999 162.453964259223 163.051561239586 163.647967762926 164.241190011775 164.829178099914 165.40983488863 165.98102568773 166.540588826025 167.08634706385 167.616119807255 168.12773607 168.619048115635 169.08794569794 169.53237080407 169.95033279119 170.339923794409 170.699334271711 171.026868540644 171.320960151952 171.580186937414 171.781215333558 171.945284496509 172.070090839655 172.153190413352
150.895021143769 151.247965506625 151.623546539488 152.021523003413 152.441555493478 152.883203959209 153.345925617436 153.829073288468 154.331894186479 154.852915388738 155.389199166753 155.942360263125 156.511209677312 157.094453235856 157.690694042724 158.298435611784 158.916085697955 159.539408799768 160.156827055401 160.761802904207 161.363549699858 161.969117917718 162.576667611449 163.18428451968 163.789986553649 164.391731123588 164.987423317553 165.574924937595 166.152064388267 166.716647401626 167.266468571032 167.799323653557 168.313022587642 168.80540315917 169.274345235358 169.717785472315 170.133732388702 170.520281685237 170.875631677798 171.198098701097 171.48613233037 171.738330260703 171.933636587292 172.090862238908 172.209787556412 172.286056771063
150.69699147329 151.060823801062 151.447885474203 151.857898430581 152.290482780896 152.74328808066 153.215477684355 153.708630237961 154.22193785268 154.754481304267 155.305230242966 155.873044010874 156.456673091776 157.054181923589 157.662178095793 158.281636694564 158.910897799255 159.548210252848 160.191737497583 160.832427605088 161.472213732796 162.089611700141 162.707960399361 163.325685605645 163.940753606339 164.551073833755 165.154507285917 165.7488757717 166.331971974502 166.901570318113 167.455438607063 167.991350401589 168.507098074576 169.000506484704 169.469447186594 169.911853085438 170.3257334305 170.709189029279 171.060427552426 171.377778788702 171.659709699946 171.9048391181 172.094863144645 172.24526138944 172.356404418494 172.427838010184
150.50190078124 150.876869162889 151.273011364942 151.690453574224 152.131159633877 152.594608962651 153.080169017704 153.587094051643 154.114524415773 154.661486437968 155.2254585143 155.804843166706 156.400222309391 157.010176023792 157.633178710195 158.26760307848 158.911724868656 159.563728305885 160.221712290193 160.883697316145 161.545318891113 162.19923982606 162.846510438552 163.474484798951 164.099045098952 164.718053467269 165.329327617285 165.930650291327 166.51977948829 167.094459457944 167.652432434328 168.191451068854 168.709291511408 169.203767074898 169.672742405642 170.114148068933 170.52599544626 170.906391828307 171.253555576235 171.56583121314 171.841704298233 172.079815928462 172.265081566656 172.40874965921 172.512213244301 172.575208103135
150.303829355791 150.684530002306 151.089819488783 151.519359672829 151.972700790288 152.449279365828 152.948416635571 153.468484678526 154.006618318221 154.564658980472 155.141464663367 155.735777800256 156.346227428441 156.971332064868 157.609503302737 158.259050139342 158.918184041539 159.585024750991 160.25760682677 160.933886918011 161.611751754077 162.289026834215 162.956496673931 163.617470298468 164.26358423453 164.891450024911 165.510724326566 166.119151601602 166.714456051783 167.294352730074 167.856559354813 168.39880878784 168.918862125905 169.414522342248 169.883648402485 170.324169766197 170.734101172957 171.111557599427 171.45476926264 171.762096534088 172.032044619941 172.26327785489 172.444379162838 172.581493292576 172.677460080616 172.73204351601
150.099342204185 150.491144521996 150.908148974155 151.34998117455 151.81615147177 152.30395912634 152.812867811252 153.344034306991 153.896500439508 154.469187501623 155.060897328451 155.670314061209 156.296006617524 156.936431883214 157.589938637106 158.254772216755 158.929079928933 159.610917204465 160.298254492364 160.988984883361 161.680932447697 162.371861266623 163.059485131314 163.739413516661 164.405461388062 165.062113229133 165.697485798028 166.31322833044 166.914913522916 167.500228050487 168.066866004807 168.612541405482 169.135001289281 169.632039315697 170.101509814926 170.541342191841 170.949555587181 171.324273685201 171.663739545699 171.966330327926 172.230571764594 172.455152236416 172.632738601067 172.763551016836 172.852280579852 172.898719301524
149.894871413773 150.297942863433 150.726832281727 151.179560695409 151.654297894867 152.153359463375 152.675983585978 153.221284626964 153.788253121174 154.375756431125 154.982540091777 155.607229861975 156.248334498547 156.904249265793 157.573260189537 158.253549061134 158.943199192746 159.640201920855 160.342463850366 161.047814826751 161.75401661856 162.458772287183 163.159736215159 163.854524758473 164.540727482303 165.210864377449 165.865989832529 166.506184399537 167.12001147138 167.711007652511 168.282339988582 168.83170443081 169.356834769952 169.855516194173 170.325599257059 170.765014171716 171.171785334755 171.544045972232 171.88005278836 172.178200487535 172.437036030937 172.655272481153 172.830033218051 172.954868717179 173.036694042564 173.075328917715
149.689338242429 150.103819456375 150.540817885187 151.002915518303 151.490533610988 152.002991348708 152.5394814539 153.099069743009 153.680695348203 154.283171626537 154.905187776605 155.545311179697 156.201990479327 156.873559409528 157.558241378711 158.254154811946 158.959319250418 159.671662202408 160.389026735523 161.10917979503 161.82982122801 162.548593487751 163.263091987234 163.970876064853 164.669480519671 165.356427667525 166.028648997653 166.678552757585 167.310296683117 167.921464328603 168.501913835064 169.055294319829 169.583425338863 170.084084266196 170.555118548606 170.994459878948 171.400138571962 171.770298037533 172.103209235307 172.397284984324 172.651093992108 172.863374459788 173.033047113479 173.155274879814 173.230598258178 173.261840203236
149.481715161482 149.902759611131 150.35062212265 150.825160714487 151.325781157772 151.851760389306 152.402245614899 152.976254076419 153.572673506476 154.190263291889 154.827656364096 155.483361831525 156.155768365576 156.8431483483 157.543662786119 158.255366989917 158.976217017668 159.704076871322 160.436726435044 161.171870137045 161.90714631217 162.640137237163 163.368379805059 164.089376799607 164.800608724842 165.499546139188 166.183662437582 166.850447019279 167.494646214664 168.114145750503 168.709813333878 169.279306429267 169.813775718988 170.316810193355 170.789200328036 171.228879774032 171.633885231522 172.002370740869 172.332621933663 172.623070120713 172.872306084709 173.079093437349 173.242381394311 173.361316816784 173.433765186726 173.458090496471
149.266437506853 149.698442205633 150.158230284561 150.645299642505 151.159017282031 151.69861793814 152.263203369578 152.851742338033 153.463071297664 154.095895814419 154.748792731436 155.420213093452 156.108485839669 156.811822270808 157.528321292201 158.25597543075 158.992677619261 159.736228737291 160.484345892937 161.234671425218 161.984782601659 162.732201980517 163.474408401751 164.20884856536 164.932949150156 165.644129420393 166.339814261985 167.017447584448 167.674506019082 168.308512838524 168.912596158905 169.488988142136 170.036015055249 170.551481114149 171.026910050771 171.467401955461 171.872217724968 172.23952227983 172.567616143301 172.85494929978 173.100134743365 173.301961579664 173.459407537441 173.571650741921 173.63808059861 173.658307635757
149.047629302688 149.490967778769 149.962735658864 150.462395804504 150.98927660318 151.542570761475 152.121334785996 152.724489176127 153.350819349551 153.998977318284 154.667484129571 155.35473308251 156.058993727585 156.778416652453 157.511039053381 158.254791087561 159.007502997241 159.766912992137 160.530675871953 161.296372366049 162.061519162326 162.823579592328 163.579974934309 164.328096290673 165.065316990813 165.789005464849 166.496538528322 167.185315012457 167.852769669213 168.496387275171 169.113716853287 169.700605304768 170.254017135211 170.774938513484 171.261266513691 171.709083925376 172.11425209104 172.480928722337 172.807429256522 173.092222336786 173.33394311034 173.531406068808 173.683617290797 173.789785941594 173.849334881799 173.861910235693
148.824845269884 149.279533286451 149.763302828548 150.275581981835 150.815660799157 151.3826902592 151.975681937953 152.593508415704 153.234904438975 153.898468853387 154.58266731987 155.285835822966 156.00618497613 156.741805124997 157.49067224549 158.25065462946 159.019520346146 159.794945463314 160.574523007265 161.355772636169 162.136150996271 162.913062725544 163.683872064207 164.445915026354 165.196512081675 165.932981290928 166.652651833572 167.352877860681 168.031052601144 168.68462264415 169.311102316191 169.908088066294 170.473260106855 171.00009309209 171.491404428137 171.945206147214 172.359029597353 172.725685028914 173.051211244382 173.334095334722 173.572994347116 173.766747859126 173.914389947636 174.015160410703 174.068515097097 174.07413519709
148.597398189612 149.063417190464 149.559176164584 150.084068807957 150.637347245514 151.218121155714 151.825357632742 152.457881807685 153.114378246557 153.793393139376 154.493337290771 155.212489918705 155.949003263963 156.700908008952 157.466119500199 158.242444764652 159.027590305477 159.819170658564 160.614717686331 161.411690580703 162.207486542333 162.999452098191 163.78489501469 164.561096758435 165.325325451563 166.074849263571 166.806950176374 167.518938054335 168.208164946056 168.872039539958 169.508041691108 170.11373693251 170.686790880129 171.224983437461 171.722603589739 172.180967356784 172.599048926898 172.972806574117 173.298025643958 173.579681142957 173.816451571681 174.007201102065 174.15099126944 174.247091913468 174.294991225808 174.294404760794
148.364691464576 148.841987189394 149.349687662513 149.887152699195 150.453597028206 151.048089582041 151.669553549316 152.316767209341 152.98836556515 153.682842787438 154.398555477883 155.133726756309 155.886451172048 156.654700435642 157.436329962771 158.229086217938 159.030614841002 159.838469535155 160.650121690342 161.462970711429 162.274355015729 163.081563659621 163.881848549177 164.672437184753 165.450545884593 166.213393427537 166.958215050027 167.682276727766 168.382889667683 169.057424931281 169.703328106141 170.318133938288 170.899480834453 171.445125139964 171.952955095275 172.417156298343 172.839431604696 173.218821694034 173.546851097452 173.828000414496 174.063378441521 174.25187326419 174.392573149879 174.484777205874 174.528005143504 174.522006007278
148.126225979414 148.614707205924 149.134264047567 149.684223067979 150.263762254635 150.871910473745 151.507547711598 152.169406120985 152.856071887433 153.565987925868 154.297457414221 155.048648166302 155.817597841983 156.602219988453 157.400310901923 158.209557294751 159.0275447485 159.851766928907 160.67963553419 161.508490943488 162.335613527558 163.158235579147 163.973553815704 164.778742402325 165.57096643806 166.347395843941 167.105219586406 167.841660165132 168.553988289831 169.239537666209 169.895719807173 170.520038781589 171.110105809367 171.663653608642 172.178550398212 172.652553639134 173.079599053438 173.462868533967 173.796583450234 174.077983273388 174.312740398143 174.499765958333 174.638174043797 174.727292075299 174.766670284694 174.756090162193
147.881606137973 148.381143560852 148.912433078263 149.474768748198 150.067292592332 150.688994213942 151.338711226236 152.015130508383 152.716790302374 153.442083159526 154.189259741191 154.956433473828 155.741586054219 156.542573796177 157.357134805666 158.182896966733 159.017386716219 159.858038580623 160.702205444023 161.547169511317 162.390153926516 163.228335001166 164.058855003399 164.87883545344 165.685390866846 166.475642882145 167.246734705039 167.995845796946 168.720206731323 169.417114137166 170.083945645133 170.718174748204 171.317385485474 171.879286854889 172.401726858315 172.882706080547 173.318277536535 173.706034713009 174.046038410775 174.328471599414 174.563406584321 174.749776502953 174.886720179969 174.973592219639 175.009972202842 174.995672853318
147.630545014327 148.140970270107 148.683828984192 149.258383567953 149.863740970269 150.498852456161 151.162514219471 151.853368845524 152.569907635296 153.310473798133 154.073266515598 154.856345874472 155.657638662432 156.474945015383 157.305945900862 158.148211417459 158.999209885604 159.856317700606 160.716829914274 161.577971506964 162.436909307359 163.290764512808 164.136625758551 164.971562679684 165.792639905281 166.596931419712 167.381535221884 168.143588208914 168.880281206686 169.58887406587 170.266710738282 170.911234245139 171.520001445669 172.090697511955 172.621150013673 173.109342514796 173.553427583284 173.946983243778 174.292830931749 174.578221932557 174.81415244028 175.000700219506 175.137027570855 175.222514982304 175.256770045101 175.239635341071
147.372868561113 147.893973407624 148.448196980305 149.034771011507 149.65276838414 150.301103068071 150.978530913852 151.683651318329 152.414909772083 153.170601293972 153.94887475339 154.747738076156 155.565064325322 156.398598643493 157.245966038686 158.104679991129 158.972151853882 159.845701015619 160.722565789427 161.599914987039 162.474860133462 163.34446827259 164.205775310013 165.055799834935 165.891557358821 166.710074904219 167.508405873071 168.283645119842 169.032944150943 169.753526368247 170.442702271077 171.097884527862 171.716602825866 172.29651840492 172.835438179169 173.331328349351 173.782327407316 174.184309017011 174.535041851821 174.825908994792 175.0636629798 175.25123347203 175.387804826578 175.472781953194 175.505798954501 175.486726737651
