data/fuzzy_surface_modal.txt
ncols 401
nrows 401
xllcorner 0
yllcorner 0
cellsize 10
nodata_value -9999
[rows 240 to 259 of 401, columns 0 to 45 of 401]
141.306693936496 141.924992263791 142.590767586499 143.302791336753 144.059605035528 144.859525504643 145.700651494882 146.58087165952 147.497873791178 148.449155230013 149.432034343084 150.443662968332 151.481039712045 152.541023986021 153.620350669786 154.715645284241 155.823439565741 156.940187333895 158.062280551991 159.186065485789 160.307858874264 161.423964034391 162.530686831076 163.62435145255 164.701315940647 165.757987434175 166.790837091765 167.796414667936 168.77136272239 169.71243044765 170.616487103812 171.480535051401 172.301722374002 173.077355081393 173.804908881504 174.482040505603 175.106598565882 175.676633918192 176.190409495315 176.646409568031 177.043348382687 177.38017811528 177.656096073466 177.870551069878 178.023248882835 178.114156714422
140.999784725816 141.614399112165 142.276798653022 142.985763628176 143.739843394892 144.537361578541 145.376422686216 146.254920072543 147.170545175422 148.120797929461 149.102998256613 150.114298527048 151.151696878665 152.212051280925 153.2920942278 154.388447945573 155.497640003874 156.61611922255 157.740271772615 158.866437376358 159.990925519527 161.110031597059 162.220052922885 163.317304543579 164.398134804793 165.458940628292 166.496182465628 167.506398901948 168.486220889794 169.432385597924 170.341749863969 171.211303242025 172.038180637056 172.819674517159 173.553246692372 174.236539644907 174.867387390513 175.443825844294 175.964102657019 176.426686479847 176.830275606877 177.173805936212 177.456458181662 177.677664259121 177.837112764323 177.934753452536
140.711821439353 141.321712482011 141.979619604996 142.684334286044 143.434416455198 144.228199649976 145.063797597428 145.939112152391 146.851842509675 147.799495597905 148.779397554452 149.788706174326 150.824424221265 151.883413486468 152.962409479489 154.058036636736 155.166823935631 156.285220806662 157.409613241231 158.536339999989 159.66170883422 160.782012641381 161.89354548499 162.992618418314 164.075575060542 165.138806882992 166.178768171236 167.191990636476 168.175097655986 169.124818127621 170.037999927271 170.911622960488 171.742811800356 172.528847902902 173.26718138907 173.95544237852 174.591451855368 175.173232039716 175.699016231494 176.167258085091 176.576640264769 176.926082422085 177.214748428033 177.442052784464 177.607666132002 177.711519765459
140.444620387044 141.048745934002 141.701036957668 142.400298362005 143.145103279451 143.93379817751 144.764509393162 145.635151024567 146.543434098016 147.486876918028 148.462816500141 149.468420979421 150.500702882988 151.556533152084 152.632655798228 153.725703078912 154.832211080869 155.948635603133 157.07136823771 158.196752552496 159.32110028892 160.440707495334 161.55187052626 162.650901846854 163.734145591212 164.797992832009 165.838896527322 166.853386117969 167.838081755201 168.789708143813 169.705107989647 170.581255042877 171.415266729301 172.204416361205 172.946144917071 173.638072375699 174.278008585249 174.863963641393 175.394157741539 175.867030474047 176.281249492838 176.635718519119 176.929584603337 177.162244572365 177.333350579519 177.442814668758
140.199891972693 140.797210966061 141.442759312436 142.135357436387 142.873594182077 143.655831859324 144.480212715284 145.344666761615 146.24692087542 147.184509082239 148.154783921011 149.154928784389 150.181971123077 151.232796400046 152.30416267952 153.392715736492 154.495004575101 155.607497248359 156.726596877299 157.848657774416 158.970001584072 160.08693336109 161.195757517802 162.292793579071 163.374391694058 164.436947862351 165.47691884043 166.49083670196 167.47532303184 168.427102739249 169.343017478815 170.220038671448 171.055280117289 171.846010192515 172.589663619544 173.283852796453 173.926378666399 174.515241101536 175.048648768727 175.525028436281 175.943033672479 176.301552877935 176.599716585265 176.836903951341 177.012748360065 177.127142047227
139.979224649351 140.568701000022 141.206381410798 141.891103776248 142.621475028638 143.395876112685 144.21246838062 145.06920133792 145.963821658508 146.893883378244 147.856759167233 148.849652574924 149.869611137288 150.913540232552 151.978217571015 153.060308205311 154.15637995005 155.262919103906 156.376346372778 157.493032899423 158.609316312724 159.721516718273 160.82595256097 161.918956299548 162.996889842133 164.056159700814 165.093231831474 166.104646132646 167.087030583583 168.037115007018 168.951744445948 169.827892146213 170.662672137529 171.453351404919 172.197361640308 172.892310560318 173.535992771266 174.126400156121 174.661731750936 175.140403070247 175.561054832456 175.922561027491 176.224036260436 176.464842296666 176.644593726579 176.763162661674
139.784070011046 140.36467648839 140.993369289774 141.669005573997 142.390212592919 143.155392585426 143.962729083258 144.810194559626 145.695559340093 146.616401685296 147.570118946782 148.553939690796 149.564936680165 150.60004060165 151.656054425189 152.729668282302 153.81747475349 154.915984458575 156.021641849452 157.130841111484 158.23994208746 159.345286146559 160.443211929662 161.530070911599 162.602242729977 163.656150239111 164.688274255776 165.695167970965 166.673471008216 167.619923114335 168.531377472127 169.404813627193 170.237350021683 171.026256127176 171.768964166661 172.463080411846 173.106396036991 173.696897504208 174.232776447914 174.712439018127 175.134514633776 175.497864088502 175.801586942793 176.045028128134 176.22778368137 176.349705521135
139.615729192131 140.186451312784 140.805046710378 141.47039343776 142.181141141884 142.935715868905 143.732326269492 144.568971135997 145.443448191743 146.35336404291 147.296145195272 148.269050031668 149.269181641447 150.29350139042 151.3388431189 152.401927856297 153.479378943277 154.5677374566 155.663477837272 156.763023629305 157.862763244117 158.959065673968 160.048296086743 161.126831243523 162.191074689401 163.237471676777 164.262523788512 165.262803235704 166.234966811165 167.175769484853 168.082077631297 168.950881881371 169.779309591605 170.564636923474 171.304300522817 171.995908785828 172.637252692968 173.226316185893 173.761286055223 174.240561298955 174.662761902832 175.026736985217 175.331572240437 175.576596606328 175.761388074256 175.885778553457
139.475340731351 140.035180631559 140.642583016736 141.296448290893 141.995450405377 142.73804156844 143.522458340224 144.34672904557 145.20868242585 146.105957441325 147.036014127457 147.996145402279 148.983489717431 149.99504444273 151.027679873327 152.078153749349 153.143126180503 154.219174872205 155.302810555295 156.390492528029 157.478644226683 158.563668749467 159.641964267227 160.709939263489 161.764027555331 162.800703055243 163.816494242188 164.807998317377 165.771895026482 166.70496013513 167.604078548169 168.466257065513 169.288636768079 170.068505026542 170.803307123313 171.49065747437 172.128350432437 172.714370646768 173.246902947428 173.724341714006 174.145299680112 174.508616116282 174.813364325299 175.058858375673 175.244658991569 175.370578510984
139.363870041349 139.911850317786 140.506982567201 141.148190821914 141.834175071454 142.563415871473 143.33418032011 144.144529335069 144.992326153635 145.875245968306 146.790786602781 147.736280126861 148.708905304361 149.705700765563 150.723578794904 151.759339625504 152.809686134753 153.871238839231 154.940551092712 156.014124397611 157.088423747809 158.159892929057 159.224969711912 160.280100881073 161.321757053871 162.346447249194 163.350733176088 164.331243218465 165.284686098446 166.207864205867 167.097686585062 167.951181572212 168.765509077199 169.537972503047 170.266030293613 170.947307096382 171.579604522056 172.160911476274 172.689414031512 173.163504799129 173.581791752971 173.943106447199 174.246511562345 174.491307705334 174.677039381722 174.803500051889
139.282100605785 139.817268110287 140.399075860458 141.026472607851 141.698185930125 142.412726735738 143.168395114999 143.963287471657 144.795304858359 145.662162429958 146.56139992086 147.490393046563 148.446365725232 149.42640301263 150.427464643023 151.446399069588 152.479957900544 153.524810631223 154.577559577817 155.634754925066 156.692909807672 157.748515353424 158.798055624671 159.838022403598 160.864929775501 161.875328472715 162.865819949626 163.833070166302 164.773823064225 165.684913722493 166.563281186319 167.405980961734 168.210197170931 168.973254361754 169.692628962316 170.365960367878 170.991061641858 171.565929806487 172.088755691229 172.557933299048 172.972068641943 173.329987988462 173.630745457177 173.873629881844 174.058170866436 174.184143941699
139.230627005911 139.752056580092 140.319512459319 140.931969013877 141.588182768315 142.286696799965 143.025846459654 143.803766349736 144.618398483969 145.467501544592 146.348661144399 147.259300995688 148.196694883846 149.157979340888 150.140166913667 151.140159922489 152.154764608498 153.180705572327 154.214640411917 155.253174473939 156.292875640717 157.330289082652 158.361951914697 159.384407704162 160.394220785723 161.38799034783 162.362364262369 163.314052636359 164.239841070318 165.136603612618 166.001315402545 166.831064996652 167.6230663735 168.374670610736 169.08337722595 169.746845168722 170.362903446002 170.929561356518 171.44501830248 171.907673138725 172.316133010833 172.669221624907 172.965986883032 173.2057078101 173.387900690128 173.512324323635
139.209849856506 139.716647992822 140.268755793137 140.86517395039 141.504689097257 142.185878098204 142.907113636546 143.666571032612 144.462236218798 145.291914788322 146.153242027175 147.043693833024 147.96059842087 148.901148712974 149.862415310046 150.841359941815 151.834849297761 152.839669142955 153.852538629322 154.870124719185 155.889056645308 156.905940339694 157.917372771854 158.919956145835 159.910311913802 160.885094572099 161.841005213277 162.774804814282 163.683327246768 164.563491999967 165.412316609827 166.226928789892 167.004578259676 167.742648265162 168.438666783282 169.090317398257 169.695449832214 170.25209010603 170.758450298873 171.212937866707 171.614164471383 171.960954263093 172.252351550197 172.487627782127 172.666287763439 172.788075010514
139.219972707934 139.711281124322 140.247079896624 140.826396545655 141.44804877064 142.110648636171 142.812608024046 143.552145287086 144.32729303198 145.135906949512 145.975675603433 146.844131083735 147.738660426289 148.656517698714 149.594836651926 150.550643838031 151.520872097977 152.50237432654 153.49193742763 154.486296379361 155.482148335689 156.476166699341 157.465015109106 158.445361293054 159.413890747562 160.367320210036 161.302410900618 162.215981514708 163.104920953705 163.966200785743 164.796887431254 165.594154069808 166.355292264879 167.077723301825 167.759009231606 168.396863608551 168.989161905038 169.53395157935 170.029461765422 170.474112544962 170.866523753712 171.205523264738 171.490154682825 171.719684375731 171.893607760341 172.011654755197
139.261000947017 139.736000062843 140.254568118856 140.815759768224 141.418424528066 142.061210864379 142.742571508884 143.460769945871 144.213887997379 144.999834426646 145.816354472933 146.661040225554 147.531341741358 148.424578808008 149.337953255091 150.268561716457 151.213408749994 152.169420225235 153.133456894642 154.102328070817 155.072805339216 156.041636243767 157.005557891058 157.961310427095 158.905650348839 159.835363620562 160.747278572296 161.638278564028 162.505314404694 163.345416519217 164.155706859713 164.933410558484 165.67586732041 166.380542550899 167.045038212635 167.667103400041 168.244644614845 168.775735719412 169.258627536931 169.691757059203 170.073756214044 170.403460135349 170.679914870069 170.902384447897 171.070357231805 171.183551460865
139.332742704835 139.790655006403 140.291113811658 140.833201008809 141.415798473918 142.037592058564 142.697076773727 143.392563108939 144.122184416314 144.883905280999 145.675530793035 146.494716630594 147.338979861229 148.205710366029 149.092182791461 149.995568935153 150.912950474751 151.841331953283 152.777653939849 153.718806290929 154.661641444811 155.602987689445 156.539662352141 157.468484867791 158.386289690301 159.289939019665 160.176335324093 161.042433642889 161.88525366094 162.701891549699 163.489531572287 164.245457451611 164.967063500263 165.651865509375 166.297511390491 166.901791560173 167.462649051309 167.97818932837 168.446689776128 168.866608823014 169.236594651416 169.555493438269 169.822357060393 170.036450190565 170.197256702575 170.304485296769
139.43481175474 139.874905039218 140.356422981789 140.87847460658 141.439974477172 142.039646593465 142.676029446452 143.347482170876 144.052191726636 144.788181032101 145.553317966206 146.3453251515 147.161790427219 148.000177919904 148.857839619218 149.732027368141 150.619905179796 151.518561797451 152.425023419703 153.336266519314 154.249230691304 155.160831473686 156.067973092227 156.96756108872 157.856514800216 158.73177966411 159.590339330934 160.429227572697 161.24553997967 162.036445442319 162.799197417652 163.53114498037 164.229743658885 164.892566054543 165.517312239139 166.101819921324 166.644074366662 167.142218049252 167.594560005039 167.999584848484 168.355961405373 168.662550905479 168.918414669886 169.122821219218 169.275252721256 169.375410689573
139.566632359367 139.988222846438 140.450018866729 140.951156280302 141.49058245321 142.067060071704 142.679172073571 143.325327637427 144.003769162079 144.712580160663 145.449693988366 146.21290331809 146.999870275614 147.808137144486 148.63513755119 149.478208042852 150.334599972909 151.20149161454 152.076000427211 152.95519540806 153.836109467068 154.715751772579 155.591120021707 156.459212598139 157.317040587625 158.161639628816 158.990081583836 159.799486018803 160.587031489405 161.349966630248 162.085621049055 162.791416027792 163.46487503225 164.103634029772 164.705451611399 165.268218910091 165.789969300729 166.268887860656 166.703320561619 167.091783155456 167.432969706893 167.725760717704 167.969230777479 168.162655667669 168.305518837693 168.397517165011
139.727446001345 140.129901302412 140.571248369865 141.050649400766 141.567084464832 142.119355245779 142.706089856695 143.325748671068 143.976631102706 144.656883260833 145.364506401023 146.097366088559 146.853201988231 147.629638193579 148.424194009057 149.234295100524 150.057284932746 150.890436417081 151.730963698096 152.576034014315 153.422779575415 154.268309405841 155.109721112654 155.944112543279 156.768593306527 157.58029613743 158.376388093005 159.154081571751 159.910645154344 160.64341426645 161.349801666787 162.027307764312 162.673530767789 163.286176668916 163.863069056696 164.402158755915 164.901533276602 165.35942605421 165.774225452323 166.144483491061 166.468924255309 166.746451927692 166.976158382171 167.157330265457 167.289455485488 167.372229019242
139.916319909443 140.299061844615 140.719290267764 141.176193017892 141.668782556657 142.195899648276 142.756218068209 143.348250282918 143.970354035037 144.620739761698 145.297478768529 145.998512078064 146.72165986908 147.464631422594 148.225035490997 149.000391008876 149.788138067559 150.585649079974 151.390240068075 152.199182011582 153.009712203879 153.819045568547 154.624385897749 155.422936981495 156.211913604342 156.98855239314 157.750122505872 158.493936157102 159.217358980092 159.917820228897 160.592822825778 161.239953259866 161.856891342211 162.441419820113 162.991433850015 163.504950323261 163.980117032908 164.415221662571 164.808700570206 165.159147331025 165.46532099462 165.726154002081 165.940759699752 166.108439377531 166.228688751575 166.301203804191
