data/fuzzy_surface_min.txt
ncols 401
nrows 401
xllcorner 0
yllcorner 0
cellsize 10
nodata_value -9999
[rows 60 to 79 of 401, columns 184 to 229 of 401]
134.325363448584 134.320513978849 134.333990535707 134.36551400016 134.414683787504 134.480984977948 134.56379637705 134.662399391061 134.775987597365 134.903676886984 135.044516054632 135.197497711877 135.361569400722 135.535644788016 135.718614825681 135.909358767435 136.106754939517 136.30969117061 136.517074794607 136.727842148808 136.940967499527 137.155471336567 137.37042798762 137.584972512996 137.798306850219 138.009705186654 138.218518546437 138.424178585435 138.626200594648 138.824185718407 139.017822398833 139.20571503252 139.387752430538 139.565193500317 139.738100977861 139.9066155018 140.070952542384 140.231398888022 140.388308718881 140.542099292833 140.693246264688 140.842278655487 140.989434226938 141.135784113221 141.282195596589 141.429270624752
134.205849593146 134.19180263227 134.196273648409 134.219060886626 134.25983851834 134.318163309337 134.393482251709 134.485141048673 134.592393335849 134.7144105188 134.850292104603 134.999076404707 135.159751487424 135.331266260938 135.512541571592 135.702481207313 135.899982702259 136.103947845835 136.313292807158 136.526957794465 136.743916177881 136.96318301307 137.183822912484 137.404957220088 137.62577045428 137.845515992299 138.063520977427 138.279190437796 138.492010612402 138.701551486053 138.907468540317 139.109503732178 139.307485715935 139.501329327042 139.690734458793 139.874914807072 140.055390679677 140.232409511963 140.406286680747 140.577401259661 140.746191367897 140.913149130869 141.078815268208 141.243773321883 141.408643535295 141.574076393058
134.089464313582 134.066078420801 134.061424501836 134.075378832592 134.107690914439 134.157989673256 134.225790656724 134.310504122755 134.411443906079 134.527836945712 134.65883335343 134.803516902246 134.960915814371 135.130013730045 135.30976074183 135.49908438349 135.696900468103 135.902123676601 136.113677805249 136.330505588513 136.551578022179 136.77590312031 137.002534048483 137.230576584571 137.459195867046 137.687622399155 137.915157285328 138.141176683669 138.365135465298 138.586570077589 138.805100613971 139.020432097872 139.232354992622 139.440744952723 139.64556183486 139.846847989446 140.044725855421 140.239394882612 140.43112780718 140.620266306779 140.807216063028 140.992441259914 141.176458547854 141.359830504508 141.543158625065 141.727075876723
133.975570109687 133.942706411116 133.928810603427 133.933837518859 133.95761242502 133.999836749484 134.060094837129 134.137861637106 134.232511209952 134.343325940588 134.469506339691 134.610181314299 134.764418788275 134.93123655459 135.109613243915 135.298499297923 135.496827840584 135.703525346729 135.917522013845 136.137761750549 136.363211703069 136.592871249416 136.825780399384 137.0610275471 137.297756531306 137.535172966812 137.772549818499 138.009232196768 138.24464136032 138.478277918633 138.709724232333 138.938646014895 139.164793143715 139.387999692608 139.608183201236 139.825343199871 140.039559010447 140.250986846886 140.459856239602 140.666465810682 140.871178427815 141.07441576661 141.276652312567 141.478115351378 141.679549894593 141.881672620954
133.86359134572 133.821112650361 133.797859461565 133.793865554545 133.809032264554 133.843133732439 133.895823217564 133.966640379049 134.055019419405 134.160297979339 134.281726668697 134.418479116245 134.569662420186 134.734327881933 134.911481907628 135.100096965073 135.299122488105 135.507495625733 135.724151739548 135.948034559844 136.178105918298 136.413354982979 136.652806929583 136.895530991033 137.140647835886 137.38733623404 137.63483897617 137.882468020787 138.129608849947 138.375724021243 138.620355909804 138.863128639543 139.103749207889 139.342007812651 139.577777393593 139.811012404706 140.041746836226 140.270091508071 140.495758784838 140.719048923038 140.940174747843 141.159911500285 141.378988021327 141.597855320753 141.817000808852 142.036940860386
133.753022838756 133.700792812133 133.668067288453 133.654959236916 133.661446230391 133.687375208207 133.73246834106 133.796329903064 133.878454048665 133.978233386253 134.094968235969 134.227876456319 134.376103722767 134.538734141479 134.714801082705 134.903298120833 135.103189971862 135.313423323747 135.532937460707 135.76067458892 135.995589778041 136.236660440415 136.48289527764 136.733342632106 136.98709818916 137.243311983521 137.501194671372 137.760023037055 138.01914471052 138.27798207842 138.536035378069 138.792884969308 139.04819278466 139.301702962985 139.553241676234 139.802716162818 140.049595284659 140.293227111303 140.533832266367 140.772897140937 141.010151893368 141.246666954551 141.482792310866 141.718919720219 141.955475881196 142.192915147575
133.643437699396 133.58132010542 133.539006976895 133.516690596368 133.514424817034 133.532129339934 133.569595128083 133.626490866705 133.702370370928 133.796680835927 133.90877181954 134.037904843931 134.183263500791 134.343963943951 134.519065653914 134.707582360737 134.908493014803 135.120752699075 135.343303381533 135.575084412277 135.815042676312 136.062142320036 136.315373976876 136.573763425188 136.836379619332 137.10234204266 137.370827338869 137.641075185693 137.912393382197 138.184162127813 138.455837477846 138.726953966257 138.997126392229 139.26605077227 139.53350446442 139.798686994957 140.060220689568 140.31881357013 140.575022583026 140.829992600529 141.084166729436 141.337801316172 141.591200962598 141.84471229973 142.098717240976 142.353625767384
133.534494327678 133.462352348513 133.410335252184 133.378714626955 133.367620526671 133.377045260394 133.406848353843 133.45676259598 133.526401075776 133.615265107285 133.722752935662 133.848169112668 133.990734427516 134.14959627765 134.323839364034 134.512496596837 134.714560099824 134.928992205285 135.154736335808 135.390727674482 135.635903531165 135.889213319019 136.149628062583 136.416149365994 136.687817777599 136.963720494778 137.242998360527 137.524852110805 137.80854783903 138.09342165114 138.378883491434 138.664420125759 138.949597274663 139.234060894788 139.517537612005 139.797822233501 140.073904360329 140.347806022699 140.620172330252 140.891809049029 141.162871647536 141.433569657204 141.704161141843 141.974946582171 142.246262224915 142.518472950248
133.425942475722 133.343638118497 133.281798908785 133.240775611265 133.220774283862 133.221859578735 133.243959249953 133.286869785398 133.350263071618 133.43369399296 133.536608860203 133.658354559254 133.798188307163 133.955287900768 134.128762342686 134.317662729972 134.520993292618 134.737722471949 134.966793932894 135.207137408843 135.45767928339 135.717352819369 135.985107952311 136.259920572502 136.540801227171 136.826803181833 137.117029787372 137.410641106985 137.70685976447 138.004975982601 138.304351787249 138.604424359625 138.904708525351 139.204798375111 139.503764007364 139.798999057347 140.091041593281 140.380320026143 140.66906730219 140.957331587848 141.245220111777 141.532894419603 141.820564981882 142.108485201039 142.396944867718 142.686263121516
133.317628298472 133.225021896647 133.153240051147 133.102712457959 133.07372087171 133.066401917749 133.080751145818 133.116628247002 133.173763346449 133.251764276338 133.350124726973 133.468233168572 133.605382432435 133.760779837558 133.933557747557 134.122784442708 134.327475193152 134.546603421591 134.779111847149 135.023923506291 135.279952551778 135.546114736326 135.821337493995 136.104569539078 136.394789909364 136.69101638802 136.992313245778 137.297798252644 137.606648915804 137.918107907738 138.231487655746 138.546174071 138.861629401969 139.177394203434 139.492019025524 139.802736321564 140.110361512112 140.41569707868 140.720776071404 141.02559705675 141.330217852167 141.634750947311 141.939358261741 142.244245285409 142.549654653248 142.855859209937
133.209498324742 133.106448140861 133.024600268674 132.964462980959 132.926393317433 132.910599408508 132.91714407549 132.945949633101 132.996803810532 133.069366698709 133.163178624271 133.277668844895 133.412164956044 133.565902896041 133.73803743443 133.92765302801 134.133774929446 134.35538043511 134.591410161556 134.840779243727 135.102388352598 135.375134435238 135.657921086237 135.949668465906 136.249322687534 136.555864603176 136.868317924811 137.185756625249 137.507311570624 137.832176343861 138.15961222581 138.488952307985 138.819604717856 139.151054944401 139.481658175281 139.808294326887 140.131766501232 140.453098031775 140.774427734947 141.09570342187 141.416932430585 141.738177224431 142.059550310178 142.381208522743 142.703346728579 143.026191004812
133.101602292571 132.987964227957 132.895923686543 132.826067060809 132.778826166733 132.754480080616 132.753158287123 132.774845068634 132.819385055793 132.886489850157 132.97574562208 133.086621580497 133.218479206142 133.370582135879 133.542106583315 133.732152179586 133.939753118175 134.163889488739 134.403498687111 134.657486791839 134.924739801719 135.20413463366 135.49454978581 135.794875577019 136.104023880394 136.420937275688 136.744597552581 137.074033504391 137.40832795933 137.746624004027 138.088130361596 138.432125893997 138.777963205771 139.125071333365 139.471955521941 139.814943921634 140.154517316544 140.491751950075 140.829220282861 141.166818321091 141.504501957569 141.842282757344 142.18022304646 142.518430351092 142.857051239844 143.196264627201
132.994094805429 132.869722221169 132.767358846513 132.687668641162 132.631157598696 132.598175098629 132.588916604364 132.603427641322 132.641608978829 132.703222929847 132.787900674312 132.895150504804 133.024366887501 133.174840226925 133.345767219823 133.536261681644 133.745365728418 133.972061197377 134.215281191289 134.473921634154 134.746852729529 135.032930217213 135.331006329255 135.639940352095 135.958608708088 136.285914476507 136.620796281327 136.962236480573 137.309268599632 137.660983958659 138.016537451974 138.375152445039 138.736124762254 139.098825746312 139.462271725029 139.822035249531 140.177949438058 140.530963381993 140.88442804314 141.238186678173 141.592142869804 141.946256509189 142.300539064931 142.655048186329 143.009881694225 143.365171018299
132.887235778994 132.751979431313 132.63915938492 132.549516526354 132.483630345973 132.441919808152 132.424645601938 132.431913710596 132.463680227292 132.519757334184 132.599820353295 132.703415769921 132.829970122982 132.978799651615 133.149120583572 133.340059948437 133.550666797465 133.77992371175 134.026758481552 134.29005584174 134.568669151493 134.861431910413 135.167169008112 135.484707609873 135.812887587178 136.150571408632 136.496653413866 136.850068400522 137.20979946205 137.57488502193 137.94442501784 138.31758619729 138.693606494115 139.07179846315 139.451551758091 139.828748069107 140.200716209648 140.570118639447 140.939408126984 141.309137307956 141.679156689191 142.049373806197 142.41974868152 142.790288601266 143.161042263688 143.532093359402
132.781389661835 132.635097753701 132.511683488707 132.411963959635 132.336591398518 132.286053568598 132.260675571159 132.260623009759 132.285906442779 132.336387044692 132.411783387018 132.511679241757 132.635532303122 132.782683717685 132.95236830871 133.14372537727 133.355809960934 133.587604430175 133.838030303163 134.105960161304 134.390229550544 134.6896487571 135.003014350812 135.329120394574 135.666769224261 136.01478171014 136.372006917738 136.737331093629 137.109685909269 137.488055904026 137.871485076643 138.259082582575 138.650027502847 139.04357265833 139.439047451386 139.833282945815 140.222621888474 140.608691023693 140.993605809841 141.379088446772 141.76493569628 142.151002147348 142.537195872376 142.923473385635 143.309833958285 143.696313350196
132.6770234273 132.519541776801 132.38539212418 132.275466975483 132.190490483043 132.131018363504 132.097439264938 132.089977529651 132.108697287223 132.152604396141 132.221746862762 132.31716021336 132.438284743727 132.584434248035 132.754806965053 132.947536492451 133.161048773252 133.395330499535 133.649296024459 133.921804888349 134.211673941464 134.517689379087 134.838618578301 135.173221630841 135.520262472134 135.878519513038 136.246795687725 136.62392783858 137.008795366738 137.400328085012 137.797513218183 138.199401504126 138.605112357707 139.013838067936 139.424847007357 139.836299241914 140.243350125826 140.646244946552 141.046558796238 141.447552154735 141.848967463474 142.250605861522 142.652323047639 143.054024428789 143.455659609824 143.857216285121
132.574703347922 132.405875672722 132.260846047314 132.140581533527 132.045877324429 131.977356193338 131.935469425952 131.919271732509 131.927970673505 131.964586275757 132.028884370113 132.120478137954 132.238837290812 132.383298170623 132.553074644269 132.74726966255 132.964887351743 133.203428094293 133.460854096991 133.737859511369 134.033241701782 134.345761996092 134.674157814982 135.017154527273 135.373476927089 135.741860235025 136.121060532283 136.509864544145 136.907098696989 137.311637381237 137.722410361078 138.138409280481 138.558693223787 138.98239329804 139.408716213064 139.836946844117 140.262263497252 140.681602881365 141.097900329353 141.514137549692 141.930838206622 142.347749569664 142.764674616781 143.181467380563 143.598027620313 144.01429488132
132.475090577714 132.294758893622 132.138701618443 132.007959455681 131.903397709416 131.825705269855 131.772027084264 131.744984355025 131.746831427849 131.777542912219 131.836926311306 131.924629930898 132.040151889529 132.182850109343 132.351953161507 132.546571835736 132.765711300763 133.008283721324 133.273100292413 133.554491127589 133.855270168314 134.174173204683 134.509907051312 134.861161723503 135.226622260868 135.604980096263 135.994943874589 136.395249633456 136.804670265533 137.222024190725 137.646183174955 138.076079241176 138.510710627343 138.949146755204 139.390532183009 139.834089524432 140.27679199482 140.714170650629 141.147361119758 141.578552846175 142.010234927312 142.442100423249 142.873899315845 143.305434059662 143.736554443733 144.167151825863
132.378935581452 132.186940711967 132.019705458067 131.878343201959 131.763788386825 131.671912710668 131.607442525455 131.57256195755 131.567472287854 131.592194996271 131.646578175844 131.730304218111 131.842898658087 131.983740059298 132.152070812779 132.347008718994 132.567559218229 132.812628133044 133.081034785935 133.371525356267 133.678192013139 134.003325528752 134.346237869251 134.705583190707 135.080006295879 135.468154368473 135.86868817422 136.280292636462 136.701686701792 137.13163241974 137.568943169261 138.012490973904 138.461212856831 138.914116196374 139.370283052338 139.828873442849 140.289006918892 140.744635244322 141.194521889683 141.640606186533 142.086946332104 142.533429104435 142.979751281122 143.425663593338 143.87096578409 144.315501024503
132.287071463511 132.083253656039 131.904687993989 131.752559534044 131.62216175881 131.518913168353 131.445659796146 131.402845100777 131.390722068846 131.409357927695 131.458640285346 131.538284597731 131.647842853167 131.786713355282 131.954151478401 132.149281263745 132.37110772067 132.618529694586 132.89035316213 133.185304814465 133.502045791373 133.833713768649 134.183614956531 134.550852910334 134.934031847266 135.331754378783 135.742633090729 136.165301510702 136.598424374048 137.040707108378 137.490904465481 137.947828238805 138.410354014237 138.877426911727 139.348066285171 139.821369357893 140.296513781016 140.769942300656 141.237364603962 141.700205265344 142.160862529059 142.621609587476 143.082089868138 143.542002286557 144.001096507319 144.459167548927
