data/fuzzy_surface_min.txt
ncols 401
nrows 401
xllcorner 0
yllcorner 0
cellsize 10
nodata_value -9999
[rows 60 to 79 of 401, columns 92 to 137 of 401]
157.22828755608 156.633480852557 156.025384328494 155.405679282669 154.776155787116 154.138700446807 153.495283002623 152.847941906571 152.198769010194 151.549893517471 150.903465362234 150.261638177013 149.626552025284 148.939913918442 148.247211903628 147.56870065749 146.907036561586 146.26475633005 145.644254756387 145.047763775804 144.477333053864 143.93481229539 143.421835448884 142.939806961433 142.489890217369 142.072998271156 141.689786961191 141.340650466832 141.025719346132 140.744861066772 140.497683017743 140.283537964733 140.101531888034 139.950534118457 139.829189664331 139.735933601408 139.66900737758 139.626476865907 139.60625198272 139.606107672628 139.623706049312 139.656619470038 139.702354313111 139.758375220964 139.822129567411 139.877649722749
156.525478369063 155.918115451102 155.298350225994 154.667878946112 154.028504956749 153.382126441321 152.730723017857 152.07634131509 151.42107966831 150.76707208544 150.116471642403 149.471433473707 148.802142455067 148.098300358302 147.406884927157 146.730639895418 146.07221137253 145.434124581689 144.818761682369 144.228340900923 143.664897178264 143.13026452698 142.626060271786 142.153671327178 141.714242644738 141.308667939999 140.937582785367 140.601360131499 140.300108295067 140.033671426161 139.801632444012 139.603318405386 139.437808246233 139.303942814091 139.200337086609 139.125394450547 139.077322895889 139.054152961457 139.053757251813 139.073871330387 139.112115780823 139.166019217626 139.23304201836 139.310600543041 139.39609160203 139.460427543434
155.818471964286 155.198290439674 154.566646107648 153.92525123857 153.27592316653 152.620572019824 151.961187313508 151.299823531595 150.638584838201 149.97960906711 149.32505114775 148.671028878195 147.957330407288 147.254279417103 146.564681940514 145.891268916395 145.236672199424 144.603401415357 143.993821895402 143.410133911058 142.854353416301 142.328294487537 141.833553633554 141.371496127924 140.943244495164 140.549669259808 140.191382044402 139.868731078743 139.581799158566 139.330404067559 139.114101452408 138.932190116583 138.783719675146 138.667500490134 138.582115784198 138.525935809466 138.497133929089 138.4937044509 138.513482036147 138.554162491518 138.613324739801 138.68845375359 138.776964227591 138.876224758354 138.978570556781 139.05328802613
155.110855126604 154.477585042772 153.833839569565 153.181348143592 152.521942893309 151.857546354287 151.1901580601 150.521840135589 149.85470203085 149.190884544308 148.532543291649 147.82681698897 147.113263465367 146.411433953052 145.724119803187 145.05403550268 144.403794838895 143.775887907439 143.172659193917 142.596286948352 142.048764056696 141.53188059759 141.047208254601 140.596086734661 140.17961232265 139.798628680194 139.453719974053 139.145206396107 138.873142113258 138.637315661668 138.437252775902 138.27222162004 138.141240364695 138.043087031541 137.976311505408 137.939249593592 137.930038992764 137.946637006092 137.986839836855 138.048303270251 138.128564542267 138.225065183602 138.335174617697 138.4438453793 138.556244886453 138.653426483994
154.40617759603 153.759542642411 153.103463492037 152.439687977957 151.770063917526 151.096526811709 150.421086436286 149.74581245085 149.07281916287 148.395094411893 147.690894087807 146.979318691779 146.273528992753 145.573288161785 144.888656365231 144.222328156792 143.576895623816 142.954825582306 142.358437840895 141.789884749495 141.251132234223 140.743942504188 140.26985859804 139.830190919003 139.426005886675 139.058116812376 138.727077082532 138.433175711634 138.176435303053 137.956612432504 137.773200445597 137.625434637741 137.512299762048 137.432539788868 137.38466981946 137.366990036165 137.377601552554 137.414424009412 137.475214746381 137.557589364571 137.659043482768 137.77011568629 137.886347626983 138.013334645192 138.144960406523 138.262835513325
153.707926047274 153.047644925589 152.378990383094 151.703729958683 151.023728140185 150.340934046681 149.657368021722 148.975107262395 148.270745291841 147.560098222014 146.842521261154 146.129089041125 145.427034872327 144.739039071494 144.061665996201 143.399452217638 142.759208144905 142.143373756295 141.554240545787 140.993931279781 140.464381228732 139.967321056359 139.504261531719 139.076480210576 138.685010212417 138.330631198408 138.013862633636 137.734959394585 137.493909759894 137.290435799516 137.123996154413 136.993791176311 136.898770374786 136.837642097385 136.808885347771 136.810763627083 136.841340665126 136.898497890703 136.979953474532 137.07595167918 137.18494468761 137.310093522449 137.448791780621 137.598385946275 137.747352328521 137.887550296248
153.019498590507 152.345286556647 151.663807250012 150.976849300371 150.286294931849 149.594107626939 148.893792388053 148.170963084155 147.450196991248 146.729370985384 146.004286420744 145.289084430142 144.586469671397 143.899109966181 143.229613475754 142.580506207679 141.953861090506 141.344587989106 140.763047540208 140.21132944445 139.691334822154 139.204759316481 138.753078001361 138.33753223806 137.959118604595 137.618580001504 137.316399016075 137.052793605134 136.827715134143 136.640848787883 136.491616345559 136.379181290995 136.302456206836 136.260112380576 136.250591529892 136.272119535413 136.318961881874 136.385728967081 136.476332833723 136.588394657198 136.719420044463 136.866820701713 137.027936831528 137.200060047949 137.366437295617 137.528887208118
152.344180001996 151.655750581553 150.961191203917 150.262313045962 149.557996551206 148.833152742331 148.100648633596 147.369698901239 146.642769617844 145.907749733983 145.179681014956 144.462747369162 143.759641875605 143.073017881029 142.405466355294 141.759493582443 141.137499410215 140.541756274957 139.974389210935 139.43735704289 138.932434948661 138.458884759126 138.018855861094 137.615814194842 137.250716750488 136.924266747581 136.636907123605 136.388816312154 136.179906348069 136.009823314898 135.877950128123 135.782984988394 135.718987562699 135.688877817024 135.691096559854 135.723877482854 135.785262241335 135.87311718781 135.985151600894 136.118937238026 136.271929028451 136.441486712588 136.624897225549 136.819397616124 137.003233285274 137.187795123489
151.685117886664 150.982184764328 150.271551759346 149.546563398624 148.806714404108 148.064932502854 147.323570676674 146.585045675901 145.843954459158 145.103145684919 144.372054172687 143.653380188695 142.949803679143 142.263961710797 141.598426030424 140.955680965943 140.338101888741 139.747934450846 139.18727480281 138.658050988225 138.162005698883 137.700680561012 137.275402107655 136.88726957556 136.537144646913 136.225643237103 135.953129409741 135.719711479435 135.525240341683 135.369310047764 135.251260621064 135.170183089846 135.1249266905 135.114108174806 135.13612313497 135.189159241349 135.271211269986 135.380097780526 135.513479289886 135.66887777342 135.843697313244 136.03524570313 136.240756810884 136.457413492574 136.658735883477 136.865204727377
151.04059715701 150.311379575084 149.569229892966 148.820620016283 148.069102540145 147.31694969388 146.566519102096 145.817591477826 145.064014484388 144.31878361071 143.584589892948 142.864122689987 142.160047431448 141.474983275023 140.811480893593 140.172000611394 139.55889110505 138.97436887965 138.420498722291 137.899175325753 137.41210626333 136.960796482438 136.546534469665 136.170380223485 135.833155153242 135.535434004257 135.277538889346 135.05953548676 134.88123144385 134.742177004706 134.641667859008 134.57875018832 134.552227865463 134.560671742475 134.602430943232 134.675646058254 134.778264121678 134.908055234036 135.062630679453 135.239462372322 135.435903456525 135.649209869969 135.876562678668 136.111002499712 136.333912513156 136.562023160938
150.390537669559 149.638395988449 148.880363613927 148.118523211973 147.355068944114 146.592291763889 145.832563438397 145.066985623992 144.307493312722 143.557698942829 142.820285780907 142.097931324902 141.393285273769 140.708947422795 140.04744570118 139.411214567265 138.802573973319 138.223709106247 137.676651102956 137.163258929509 136.685202601812 136.243947912442 135.840742813581 135.476605589952 135.152314938399 134.868402052454 134.625144791071 134.422563990905 134.260421961238 134.1382231801 134.055217189515 134.010403667289 134.002539632529 134.030148722391 134.091532458428 134.184783402722 134.307800086687 134.458303579315 134.633855546814 134.831877642106 135.04967205077 135.284443009674 135.533319105982 135.785344973437 136.029696642059 136.27912859555
149.759619316022 148.991400102794 148.218547690623 147.443174495921 146.667499534247 145.893833702315 145.11685846455 144.342849569573 143.577248152935 142.822717800135 142.081933487019 141.357560057577 140.652230433865 139.968523769703 139.308943760613 138.675897321226 138.071673837903 137.498425198856 136.958146796512 136.452659687502 135.983594084439 135.552374340862 135.160205576365 134.808062073262 134.496677559286 134.226537472942 133.997873289446 133.810658965846 133.664609544115 133.559181930947 133.493577852832 133.466748964929 133.47740407249 133.524018404255 133.604844858569 133.717927125033 133.861114567562 134.032078738835 134.228331381454 134.447243757837 134.686067139004 134.941954272133 135.211981638125 135.481537234081 135.746982007818 136.017364770231
149.159046478995 148.374423882897 147.586436507925 146.797228405149 146.009045034659 145.218464771492 144.429564213597 143.647833542732 142.875905171616 142.116438882775 141.372100988598 140.645543043122 139.939380309989 139.256170193999 138.598390844345 137.968420136347 137.368515234989 136.800792938205 136.267210990419 135.769550547678 135.309399964767 134.888140062165 134.506931016723 134.166701004655 133.868136708982 133.61167578619 133.397501368593 133.225538660106 133.095453663788 133.006654059961 132.958292234083 132.949270433923 132.97824801633 133.043650724966 133.143681922073 133.276335679819 133.439411620091 133.630531375982 133.847156533771 134.086607901038 134.34608593476 134.622692152992 134.913451345047 135.20047338828 135.486616897931 135.77753552785
148.591195774694 147.78985503425 146.986424957872 146.183083155582 145.376592898459 144.572324341713 143.774041526614 142.984336421963 142.205843025636 141.441217356886 140.693116835128 139.96417924065 139.257001457494 138.574118201383 137.917980936224 137.290937181278 136.695210407658 136.132880717469 135.605866491618 135.115907183355 134.664547423897 134.253122594266 133.882746003874 133.55429780145 133.268415727975 133.025487804269 132.825647028235 132.668768138352 132.5544664813 132.482099002503 132.450767359261 132.459323137068 132.506375130871 132.590298634582 132.709246664292 132.861163023435 133.043797101839 133.25472028523 133.491343837541 133.750938105349 134.030652882095 134.327538759504 134.638569284894 134.942990690954 135.249398522112 135.56039938593
148.0581620453 147.239802483378 146.41847684827 145.595905756059 144.775715597287 143.960377528712 143.152436087565 142.354491078229 141.569178520618 140.799150836706 140.047056460048 139.315519059545 138.607116573164 137.924360249811 137.269673898015 136.645373538606 136.053647655119 135.496538230363 134.975922750501 134.493497349134 134.05076125351 133.649002683053 133.28928633714 132.972442594615 132.699058531958 132.469470850591 132.283760786578 132.141751058196 132.04300488859 131.986827122233 131.972267435316 131.998125621613 132.062958917061 132.165091308296 132.302624752957 132.473452222768 132.675272464418 132.905606358204 133.161814740382 133.441117542339 133.740614088095 134.057304381497 134.388111205641 134.709863901014 135.036067514128 135.366664178117
147.556034689558 146.718921451655 145.880853620049 145.044139922916 144.211188794292 143.384492636543 142.566610876156 141.760151964517 140.967754486774 140.192067551628 139.435730642812 138.701353119102 137.99149355387 137.308639107442 136.655185125838 136.033415157916 135.445481579496 134.893387007813 134.378966682678 133.903871982113 133.469555230084 133.077255942392 132.727988643881 132.422532376114 132.161421999573 131.944941378508 131.773118519858 131.645722720443 131.562263758915 131.521993151031 131.523907468755 131.566753705676 131.649036653406 131.769028236146 131.924778733601 132.114129806025 132.334729219573 132.584047155328 132.859393971643 133.157939276732 133.476732157013 133.81272239651 134.16278251387 134.501799863092 134.847302599734 135.196981802502
147.089799993589 146.235583028161 145.381728892336 144.53058236472 143.684581232426 142.846240564216 142.018135831834 141.202885028446 140.403129943995 139.621516766526 138.860676186012 138.123203182917 137.41163668759 136.728439298609 136.07597724836 135.456500802483 134.872125276371 134.32481284677 133.816355329661 133.348358087251 132.922225217 132.539146164401 132.200083888729 131.905764697396 131.656669849955 131.453029017363 131.294815666002 131.181744419235 131.113270432198 131.088590798146 131.106647987196 131.166135300851 131.265504308381 131.402974214183 131.576543088677 131.784000879332 132.022944103153 132.290792107495 132.58480477255 132.902101516366 133.23968145192 133.594444535634 133.962211679202 134.319432351226 134.683715466773 135.051943112991
146.663843201079 145.792253920559 144.922339376228 144.056482359883 143.197151725902 142.346886673049 141.508279931888 140.683960003897 139.876572608682 139.088761504366 138.323148853318 137.582315310643 136.868780016442 136.18498067459 135.533253900821 134.915816021153 134.334744498242 133.791960158163 133.289210383447 132.828053430012 132.409844016037 132.03572031999 131.706592512867 131.42313293665 131.185768026826 130.994672061975 130.849762807839 130.750699107163 130.696880450127 130.687448543374 130.721290878769 130.797046286116 130.913112437341 131.067655253148 131.258620147115 131.483745026656 131.740574955358 132.026478367101 132.338664709068 132.674203378492 133.030043806728 133.403036534204 133.787658367744 134.163317209151 134.545845872786 134.932072989835
146.27903483158 145.389827028779 144.503597522592 143.622769078217 142.74984334493 141.887385144221 141.038005723427 140.204345118026 139.389053775404 138.594773601122 137.824118595257 137.079655251288 136.36388289322 135.679214128187 135.027955591584 134.412289159967 133.834253803522 133.295728244846 132.798414584306 132.343823044245 131.933257975045 131.567805255514 131.248321208422 130.975423139321 130.749481593246 130.570614409502 130.438682639802 130.353288379463 130.313774545502 130.319226619285 130.368476355088 130.460107439644 130.592463071541 130.763655413422 130.971576854332 131.213913004491 131.48815733023 131.791627323056 132.121482083775 132.474741190537 132.848304708556 133.238974189238 133.640362144511 134.033927820497 134.434157024735 134.837825625199
145.935909744739 145.028863403851 144.126087989297 143.2300481818 142.343280151518 141.46837584992 140.6079663294 139.764704230729 138.94124558748 138.140231104241 137.364267071452 136.615906084212 135.897627735296 135.211819453867 134.560757661055 133.946589411651 133.371314687703 132.836769504868 132.344609985987 131.896297548642 131.493085344454 131.136006077743 130.825861319923 130.56321242383 130.348373129124 130.181403936141 130.062108311148 129.990030771084 129.964456880556 129.984415178339 130.048681034944 130.155782427109 130.30400759946 130.49141456819 130.715842406531 130.974924237124 131.266101842318 131.586641789921 131.933652959214 132.304105340163 132.69484996775 133.102639843458 133.520715281154 133.931650940812 134.349031264558 134.769580059344
