data/fuzzy_surface_max.txt
ncols 401
nrows 401
xllcorner 0
yllcorner 0
cellsize 10
nodata_value -9999
[rows 260 to 279 of 401, columns 184 to 229 of 401]
141.807511717265 143.04424767848 144.326729019553 145.626157277411 146.931272506054 148.237544045707 149.540449109104 150.835500183271 152.118272415902 153.384430761886 154.629756664577 155.853981671008 157.051026851603 158.215998176018 159.34526001792 160.435411257209 161.483306126727 162.48607311832 163.441131786348 164.346207305875 165.199342663085 165.998908376717 166.743609671248 167.432491045042 168.064938199424 168.640677317517 169.159771704462 169.622615823223 170.02992678231 170.382733353419 170.682362617915 170.930424361274 171.128793353877 171.279589674797 171.385157252349 171.448040811127 171.4709614298 171.456790927127 171.40852530525 171.332529583573 171.237002552693 171.117148696789 170.976050930952 170.816771964094 170.642328964007 170.457687655546
141.542918685988 142.793687283747 144.077279865044 145.372448222021 146.674612318043 147.979161773423 149.281484373043 150.576994820745 151.861163495962 153.129544966482 154.377806012321 155.601752919398 156.797357808028 157.960783769941 159.088408598569 160.176846910415 161.222970470348 162.22392655037 163.177154169564 164.080398082353 164.931720402632 165.729509772547 166.472488006453 167.159714162761 167.790586018609 168.364838944569 168.882542198666 169.344092680597 169.750206208296 170.101906399438 170.400511260348 170.647617603634 170.845083433903 170.995008457821 171.099712890596 171.161714745564 171.183705806852 171.168526497019 171.119139861996 171.041146380707 170.943707380198 170.821680537089 170.678124288066 170.51607905707 170.338542489719 170.154412617684
141.292379165795 142.557595408434 143.839032736123 145.132011357397 146.431928815843 147.734156788051 149.034069685119 150.327073419625 151.608634094577 152.874306370423 154.119761268454 155.340813173803 156.533445808563 157.693836955265 158.818381722814 159.903714160898 160.946727044499 161.944589667432 162.894763502349 163.795015604348 164.643429655837 165.438414571487 166.178710603674 166.863392910585 167.491872570976 168.063895051152 168.579536151015 169.039195476836 169.443587508539 169.793730348743 170.090932259397 170.336776109542 170.533101874376 170.681987341467 170.785727194366 170.846810657208 170.867897895847 170.851795381772 170.801430434333 170.722406511334 170.62323740961 170.499266138283 170.353523447118 170.189024157238 170.008742983449 169.826079649225
141.068006306259 142.329575779103 143.60721914296 144.896365835612 146.192395592965 147.490666795725 148.786545140259 150.075432393268 151.352794988014 152.614192220614 153.855303808295 155.071956577525 156.260150058261 157.416080771261 158.536165008126 159.617059918388 160.655682734291 161.649227981614 162.595182543866 163.491338467072 164.335803412964 165.127008689532 165.863714809202 166.545014546354 167.170333487164 167.739428085695 168.252381260652 168.709595587127 169.11178415675 169.459959198049 169.75541856618 169.999730227642 170.194714880965 170.342426868619 170.445133548567 170.505293305794 170.525532394888 170.508620814165 170.45744741997 170.378341295933 170.277650915053 170.151990049344 170.004358562719 169.837742356857 169.656504305649 169.474787527192
140.853597048563 142.109841489066 143.38213482092 144.66588883396 145.95647003777 147.24922813471 148.539524734997 149.822762073702 151.094411488846 152.350041421745 153.585344705305 154.796164913061 155.978521551145 157.128633886999 158.24294322225 159.318133432524 160.351149613958 161.339214694353 162.279843886259 163.170856879353 164.010387690184 164.796892108352 165.529152699309 166.206281345017 166.827719324419 167.39323495598 167.902918844247 168.357176791326 168.756720452309 169.102555830874 169.395969727512 169.638514267975 169.831989653623 169.9784252883 170.080059448169 170.139317671553 170.158790055261 170.141207652093 170.089418171132 170.011142240383 169.909161825209 169.782087770073 169.632885885429 169.464509860538 169.287364934033 169.102757567929
140.649275295929 141.898737520065 143.16421311903 144.441100707368 145.724758103175 147.010530902181 148.293781211383 149.56991630256 150.83441694652 152.082865192083 153.310971359511 154.514600026276 155.689794793482 156.832801633799 157.940090636232 159.00837597913 160.034633980401 161.016119092602 161.950377730198 162.835259836618 163.66892811941 164.449864902752 165.176876567409 165.849095568862 166.465980044536 167.027311040646 167.533187408084 167.984018434761 168.380514298959 168.723674444268 169.014773991739 169.255348318754 169.447175946893 169.592259892689 169.692807645651 169.751209947212 169.770018552411 169.751923163122 169.699727727369 169.623142673293 169.520121350786 169.391927393886 169.241489444719 169.072268251557 168.899430712649 168.712316564078
140.455420468174 141.696738083629 142.95402158172 144.222660811532 145.498009373254 146.775413267433 148.050239621036 149.31790525133 150.573904830314 151.813838416807 153.033438130094 154.228593748354 155.395377026456 156.530064541249 157.629158887688 158.68940806597 159.70782291798 160.681692490514 161.608597222667 162.486419875296 163.313354141151 164.08791089511 164.808922064473 165.475542119553 166.087247204359 166.643831946137 167.145404000546 167.592376406373 167.985457839702 168.325640872439 168.614188353856 168.852618046483 169.042685659122 169.186366430056 169.285835422674 169.343446703713 169.361711581183 169.343276084807 169.292514160009 169.2167979471 169.112998221305 168.983989905862 168.832661433436 168.669879671123 168.495102559441 168.308147568316
140.27253186071 141.504441599946 142.752256152157 144.011360934115 145.277109726776 146.544853373347 147.80996847126 149.067885819975 150.314118389484 151.544288579888 152.754154550422 153.939635406601 155.09683504661 156.22206448242 157.311862467183 158.363014277956 159.372568521496 160.337851850442 161.256481497474 162.126375555618 162.945760953636 163.713179096059 164.427489157726 165.087869042441 165.693814034429 166.245133189471 166.741943529806 167.184662123048 167.573996140355 167.910931002907 168.196716738332 168.432852680105 168.621070653095 168.763316797422 168.861732190595 168.918632434581 168.936486380081 168.917894164795 168.870937323356 168.794664386317 168.69035771265 168.56084831522 168.412304984113 168.253196549498 168.078645023989 167.901186251347
140.101222107445 141.322563371174 142.559733060736 143.808116404286 145.063071674795 146.319958910154 147.574168544233 148.821149711971 150.056437995713 151.275682386705 152.474671244748 153.649357050374 154.795879757339 155.910588568467 156.990061974715 158.031125915513 159.030869937641 159.986661249896 160.896156591349 161.757311851669 162.568389402771 163.327963121481 164.034921102876 164.6884660833 165.288113610492 165.833688015754 166.325316259441 166.76341973628 167.148704140934 167.482147506939 167.764986543487 167.998701404685 168.184999034754 168.325795240313 168.423195647384 168.47947570616 168.497059910909 168.481881883162 168.435973945537 168.359377183046 168.25483966311 168.125205044496 167.98495737546 167.82630475749 167.66226981442 167.493265725247
139.951006487807 141.151926042512 142.377378498575 143.613954987075 144.857022485426 146.101954481338 147.34415951589 148.579109319129 149.802366308007 151.009610224275 152.196663700207 153.3595165524 154.494348618259 155.59755096593 156.665745325974 157.695801611963 158.684853416827 159.630311392246 160.529874439051 161.381538657506 162.183604026967 162.934678804707 163.633681653359 164.279841525212 164.872695349512 165.412083585611 165.89814372035 166.331301802298 166.712262118333 167.041995129631 167.321723794256 167.552908412469 167.73723013838 167.876573308 167.973006738887 168.028764160736 168.049526881665 168.036493628531 167.990313171852 167.913627454647 167.80913568999 167.689047790565 167.54970544533 167.402846200956 167.247739631788 167.076711785238
139.829764701683 141.000157704423 142.206216210974 143.430003703921 144.660190243664 145.892166916015 147.12136453526 148.343281583441 149.553511433676 150.747768639101 151.921914080359 153.071978777942 154.194186191004 155.284972841237 156.341007118697 157.359206145915 158.336750596834 159.271097387847 160.159990179195 161.001467645869 161.793869497796 162.53584024912 163.226330755702 163.864597558298 164.4502000861 164.98299579133 165.46313330022 165.891043678998 166.267429925305 166.593254805886 166.869727170392 167.098286878692 167.280588485473 167.418483830887 167.514539473825 167.574338817944 167.596334083774 167.582942897797 167.536680431666 167.460138691012 167.364483037911 167.247721584275 167.121668632029 166.983146729573 166.826317927429 166.653563948404
139.726649493187 140.885279594877 142.057138218007 143.257473753987 144.47388802696 145.692008714639 146.907292957265 148.115270034969 149.311568290389 150.491941043523 151.65229129698 152.788695044189 153.897423009354 154.974960665701 156.018026397603 157.02358769217 157.988875266586 158.911395058511 159.788938028055 160.619587740774 161.401725721644 162.134034589814 162.815499002844 163.445404456977 164.023334006565 164.549162981052 165.02305179164 165.445436932134 165.817020289155 166.138756886246 166.411841194142 166.637692145855 166.818705679913 166.958916142282 167.057361746957 167.116163323352 167.137576346584 167.123971223347 167.077813310126 167.010670762273 166.919567155003 166.817828341717 166.698468901341 166.558480592079 166.400240014865 166.226101854424
139.64206175508 140.78816307025 141.947426667404 143.115664867317 144.299496407743 145.502959844997 146.70352145158 147.896745234002 149.078298403047 150.243976889678 151.389729584427 152.511681119263 153.606153028024 154.669683140076 155.699043081552 156.691253779096 157.643598882162 158.553636041266 159.41920600092 160.238439486951 161.009761888305 161.73189575302 162.40386113656 163.024973858007 163.594841735586 164.113358887411 164.580698196309 164.997302048856 165.363871468497 165.681584088997 165.95435111193 166.180629161889 166.361995186401 166.500211498629 166.597208204267 166.65506493636 166.675992055468 166.664631033081 166.627441373797 166.566231052156 166.490767620718 166.392959263441 166.272289080877 166.131108750432 165.971764018764 165.796580143068
139.576399557334 140.709304304859 141.855275448538 143.010143494047 144.169745276799 145.329947652912 146.511673736814 147.689423871825 148.85550839474 150.005769575136 151.136205845298 152.24299403404 153.322509927562 154.371347020195 155.386333338275 156.364546241468 157.30332512737 158.200281986892 159.053309779321 159.86058861699 160.62058976972 161.332077518478 161.994108905824 162.606031447485 163.167478884673 163.67836507044 164.141015257916 164.554457837186 164.918685362495 165.23461306601 165.503382597202 165.726347567896 165.905058029462 166.041244026781 166.136798377367 166.193758826678 166.220970256464 166.215418504644 166.187788144078 166.140264257495 166.066175891661 165.967104547751 165.845358454489 165.703255512812 165.543108514071 165.367211015917
139.530048798711 140.649187435942 141.781265150971 142.922133610217 144.067653379214 145.213717495236 146.356274561974 147.495046806953 148.645027453032 149.779233365653 150.893716056794 151.984707999983 153.048642572142 154.082172143808 155.082184209912 156.045815474864 156.970463827625 157.85379816429 158.693766037273 159.488599131149 160.236816585279 160.937362000192 161.591639117849 162.196656839832 162.752049619374 163.257724275522 163.713852577889 164.120862211146 164.479426229977 164.790451124069 165.055063620342 165.274596356033 165.450572561322 165.584689894181 165.684542888554 165.74732188888 165.777366962551 165.785716604759 165.76645203745 165.71800741966 165.642590391086 165.542448679821 165.419854764494 165.277090987022 165.116435218911 164.940147177001
139.503373531892 140.608274238561 141.7259535419 142.852287088056 143.983162114366 145.114500884726 146.242283606083 147.362570665234 148.471524032408 149.566279637794 150.664251043887 151.738889742155 152.786689932257 153.80436597326 154.788867806352 155.737394310714 156.647404538022 157.518427122262 158.34719408003 159.131580732747 159.870136170918 160.561689279639 161.205348197373 161.800497875758 162.346795810022 162.844166022465 163.292791393174 163.693104442605 164.045776679858 164.351706638349 164.612006727226 164.830784986097 165.009307489738 165.146861064773 165.246795039867 165.317392290278 165.360043652909 165.369832122242 165.348689902228 165.298734367636 165.22213732053 165.121109750353 164.997886945233 164.854714058016 164.693832224101 164.517465321221
139.496706115882 140.586993644911 141.689864469599 142.801220872756 143.916979548123 145.03309488 146.145581663072 147.250537103593 148.344161950986 149.422780618113 150.482860158779 151.521027982401 152.544829446023 153.544477720181 154.514718850466 155.449838327194 156.347052899879 157.204143285297 158.019157138282 158.790413870527 159.516507478798 160.19630741517 160.828957547424 161.413873272185 161.95073685676 162.439491097786 162.880331395697 163.275628888704 163.625815228901 163.930401089009 164.190439827669 164.407176316863 164.583824690684 164.726552512208 164.836745785575 164.911229139603 164.95127503187 164.958814541156 164.935861903613 164.884499305309 164.806861824043 164.705122629184 164.581478543146 164.438136062281 164.277297928549 164.101150336335
139.510337353425 140.585731270046 141.673476795031 142.76950533865 143.869765673848 144.970247042153 146.067001658856 147.156166460766 148.233983948267 149.296821983125 150.341192414297 151.363768415765 152.361400433101 153.331130648749 154.275237220263 155.191271177254 156.0712733182 156.912151657401 157.712020493449 158.469255220532 159.182494898438 159.850642978434 160.472866229807 161.048591925261 161.577503355908 162.059533758014 162.494858744077 162.883887340008 163.227251738248 163.526545048791 163.785382965654 164.006293725877 164.189573573543 164.333886365834 164.440801461211 164.512013166696 164.549326083181 164.554640285689 164.529936454082 164.477261066495 164.398711763705 164.296422987936 164.172551994248 164.029265326663 163.868725844725 163.693080379194
139.544506772788 140.604819107427 141.677213518925 142.757652866664 143.842120460101 144.926642973518 146.007312719178 147.080309124431 148.141919267303 149.188557335295 150.216782883435 151.22331777977 152.205061739557 153.15910636301 154.082747605602 154.973496624399 155.82908895849 156.649848966031 157.43260422323 158.174859160849 158.874451150226 159.530125799137 160.140583506742 160.705282352197 161.224553360899 161.698288679367 162.12689151414 162.512661934688 162.855224562846 163.156145121698 163.414964409918 163.632784449824 163.810869584725 163.950633208973 164.053624020486 164.121511913313 164.156073626641 164.159178264476 164.132772797359 164.078867653771 163.99952250455 163.896832338618 163.77291392276 163.629892732103 163.469890431378 163.2950129801
139.59939321252 140.644525556673 141.701431270328 142.766106812515 143.834572318301 144.902894305552 145.967207699325 147.023737021781 148.068816605059 149.098909695257 150.110626327363 151.100739863631 152.066202101235 153.004156868966 153.911952047099 154.787149959194 155.627536099287 156.431126172625 157.19617144255 157.921162390256 158.604830707785 159.246149657641 159.844332844713 160.398831457723 160.909330047945 161.375740922621 161.798197239068 162.177044892987 162.51283330095 162.806305182342 163.058385450289 163.270169324208 163.442909778728 163.578004444725 163.676982078319 163.741488712728 163.773273606177 163.774175096403 163.746106468969 163.69104194255 163.61100286964 163.508044245882 163.384241615456 163.241678453731 163.082434101764 162.908572320322
