data/fuzzy_surface_max.txt
ncols 401
nrows 401
xllcorner 0
yllcorner 0
cellsize 10
nodata_value -9999
[rows 60 to 79 of 401, columns 138 to 183 of 401]
139.965512302326 140.034519284627 140.104184262798 140.169402042626 140.228012368543 140.277995199217 140.317488556822 140.344804629172 140.358443969543 140.357107658998 140.339707317631 140.305372873978 140.253458025886 140.183543350895 140.095437049669 139.989173331727 139.865008478499 139.723414644246 139.565071480327 139.390855692367 139.201828662788 138.999222292633 138.784423236307 138.558955720574 138.324463154597 138.08268875079 137.835455386548 137.584644944397 137.332177372616 137.079989709859 136.830015315647 136.584163543919 136.344300089014 136.112228222731 135.889671127528 135.678255514704 135.47949669773 135.294785270052 135.125375514011 134.972375643216 134.836739955313 134.719262945809 134.621833206459 134.552740872203 134.500970413439 134.466748838586
139.580507437242 139.674346965443 139.765995373657 139.853110670558 139.933470012236 140.004989349842 140.065741538667 140.1139727345 140.148116920898 140.166808430523 140.168892344706 140.15343267778 140.119718276191 140.067266386766 139.995823873455 139.905366087251 139.796093419335 139.668425592748 139.522993772541 139.360630598249 139.182358265352 138.989374803757 138.783038721115 138.564852196578 138.336443026286 138.099545535083 137.855980679672 137.607635576299 137.356442691103 137.104358933298 136.853344890415 136.605344440758 136.362264971275 136.125958419034 135.898203341798 135.680688207772 135.474996076797 135.282590825283 135.104805045267 134.942829724548 134.797705790135 134.670317571717 134.561388215796 134.471477055063 134.400978911728 134.356741828781
139.212014664736 139.327894274897 139.441527461854 139.550512638232 139.652565793906 139.745540350951 139.827445515899 139.89646295469 139.950961632929 139.989510683026 140.010890180269 140.014099731711 139.998364804682 139.963140745601 139.908114464252 139.833203783592 139.738554480183 139.624535065171 139.4917293802 139.340927106295 139.173112306403 138.98945014368 138.791271937322 138.580058735709 138.35742360246 138.125092824523 137.884886262463 137.63869707145 137.38847102702 137.136185692298 136.883829663084 136.633382123879 136.386792941712 136.145963515445 135.912728586386 135.688839201464 135.475947003297 135.275590002363 135.089179965427 134.917991531737 134.763153144572 134.625639860892 134.506268076433 134.40569217805 134.324403109762 134.262728814232
138.857922317 138.995791910229 139.131330991469 139.262079791497 139.385694619591 139.499967908682 139.60284679451 139.692450053826 139.767083243405 139.825251899978 139.865672681119 139.887282348369 139.889244516269 139.870954114293 139.832039532681 139.772362447602 139.69201534569 139.591316792516 139.470804513653 139.331226380502 139.173529415502 138.998846952681 138.80848410927 138.603901742127 138.386699078762 138.158595226561 137.921409775185 137.677042715935 137.427453907933 137.174642324238 136.920625311333 136.667418092897 136.41701374326 136.171363847674 135.932360055441 135.701816718315 135.481454790523 135.272887148491 135.077605468183 134.896968776143 134.73219376716 134.584346957383 134.454338716957 134.342919201255 134.25067617494 134.17803469873
138.518939678575 138.678670881229 138.835960258532 138.988291327404 139.133262253645 139.268606070671 139.392209469671 139.502129986102 139.596611423524 139.674097373557 139.733242710064 139.772922956296 139.792241445583 139.790534218904 139.767372626148 139.722563621854 139.656147770389 139.568394999656 139.45979816625 139.33106451822 139.183105163902 139.017022676571 138.834096984369 138.635769713181 138.423627166272 138.199382138632 137.964854775714 137.721952695491 137.472650599378 137.218969601419 136.962956506147 136.706663263738 136.45212682636 136.201349622184 135.956280853292 135.71879881101 135.490694386968 135.27365594085 135.069255666497 134.878937576991 134.70400720703 134.545623107498 134.40479018305 134.28235489912 134.179002360383 134.095255238747
138.195770066559 138.377160342819 138.555971817693 138.729632803707 138.895684899647 139.051803366743 139.195816114424 139.325721120567 139.439702126597 139.536142465005 139.613636895524 139.671001346233 139.707280477111 139.721753005713 139.713934757638 139.683579427848 139.630677062715 139.555450296351 139.458348398317 139.340039212766 139.201399091273 139.043500942716 138.867600543376 138.675121268657 138.467637424207 138.246856368585 138.014599631774 137.772783243483 137.523397492381 137.268486341849 137.010126729546 136.75040797703 136.491411531787 136.235191257376 135.983754478141 135.739043973003 135.502921098639 135.277150205857 135.06338449453 134.863153432336 134.677851840957 134.508730730759 134.356889941541 134.223272623129 134.108661565676 134.01367736597
137.889107945593 138.091885261842 138.291922690573 138.486594878509 138.67338846098 138.849922580018 139.013968050858 139.163465001876 139.296538827828 139.411514312822 139.506927797462 139.581537284037 139.634330394233 139.664530115421 139.67159829398 139.655236857053 139.615386767398 139.552224739357 139.466157767121 139.357815539184 139.228040834909 139.07787802013 138.90855977853 138.721492233855 138.518238634581 138.300501787319 138.070105437715 137.828974807763 137.579116506162 137.322598033404 137.061527105713 136.798031021639 136.534236292016 136.272248748283 136.014134335663 135.7619007868 135.51748035808 135.282713795276 135.059335677638 134.848961270227 134.653074993557 134.473020597661 134.309993105003 134.165032563347 134.03901962635 133.932672956419
137.599635944589 137.823463927023 138.044368359614 138.259671778685 138.466807474601 138.663340136888 138.846985187216 139.015626625518 139.167333228729 139.300372957485 139.413225443545 139.504592449421 139.573406211685 139.618835600397 139.640290048905 139.637421230698 139.610122482766 139.558525997864 139.482997830895 139.384130787078 139.262735281391 139.119828279707 138.956620451842 138.774501685137 138.57502512395 138.359889915368 138.130922854307 137.890059131794 137.639322398463 137.380804361017 137.116644132524 136.849007557856 136.580066733341 136.3119799348 136.04687216058 135.786816486195 135.533816414708 135.289789392365 135.056551642317 134.835804450832 134.62912202043 134.437940983239 134.263551645766 134.107091013616 133.969537621807 133.851708173478
137.328021788209 137.57250531067 137.813860551517 138.049359496788 138.27638371335 138.492445106859 138.695205407616 138.882494209966 139.052325404389 139.20291185669 139.332678205346 139.440271666206 139.524570753004 139.584691842519 139.619993534446 139.630078777876 139.614794758619 139.574230564091 139.508712664953 139.418798274867 139.30526667137 139.169108581695 139.011513757154 138.833856878193 138.637681949176 138.424685357169 138.196697782215 137.955665157717 137.703628888308 137.442705538961 137.175066212929 136.902915837276 136.628472573417 136.353947565979 136.081525236716 135.813344321059 135.55147983339 135.297926133387 135.054581250014 134.823232602164 134.605544235793 134.403045677004 134.217122479087 134.049008519479 133.899780080161 133.770351722612
137.074915154801 137.339606290199 137.600944814776 137.856153717353 138.102564454132 138.337637806061 138.558983504667 138.764378452449 138.951783376788 139.119357770828 139.26547299083 139.388723396853 139.487935442289 139.562174637462 139.610750333127 139.633218291013 139.629381030342 139.599285961344 139.543221338871 139.461710091119 139.355501599902 139.225561529644 139.073059822045 138.899356991957 138.705988877123 138.494650009968 138.267175793202 138.025523672611 137.771753509737 137.508007364157 137.236488899631 136.959442630346 136.679133222961 136.397825066944 136.117762320009 135.841149627253 135.570133702005 135.306785943593 135.053086252373 134.810908185614 134.582005579535 134.368000743081 134.170374308312 133.990456800768 133.829421971244 133.68828190835
136.840944471397 137.125348737303 137.406157896359 137.680547474914 137.945800411561 138.199328001273 138.438689649057 138.661611259755 138.866002102805 139.049970004582 139.211834736229 139.350139481595 139.463660287817 139.551413420187 139.612660562865 139.646911827813 139.653926555549 139.633711912992 139.586519315372 139.512838720803 139.413390867345 139.28911754302 139.141169998999 138.970895634878 138.779823102251 138.569645988626 138.342205257684 138.099470633965 137.84352113 137.576524921514 137.300718781649 137.018387287883 136.731842015644 136.443400930285 136.155368184327 135.870014519573 135.589558464072 135.316148502012 135.051846380647 134.798611702492 134.558287933515 134.332589939088 134.123093139424 133.931224355276 133.758254393224 133.605292398223
136.62671365529 136.930296482424 137.230024923342 137.523028547664 137.80654333911 138.077932714611 138.334707394402 138.574543950355 138.795301871278 138.99503899701 139.172025187679 139.324754110506 139.451953043742 139.552590615748 139.625882416557 139.671294439451 139.6885443308 139.677600447664 139.638678743925 139.572237527125 139.47897014915 139.359795714479 139.215847909443 139.048462074735 138.859160660917 138.64963722277 138.421739122716 138.1774491261 137.918866081608 137.648184888412 137.367675957619 137.079664379202 136.786509006672 136.49058167039 136.194246726499 135.89984114216 135.609655309011 135.325914765846 135.050762998398 134.786245469127 134.534295013173 134.29671871844 134.075186388378 133.871220665654 133.686188873941 133.521296613729
136.432798810981 136.754992162323 137.073056396282 137.384076592547 137.685243302549 137.973873632628 138.247431219991 138.503544929433 138.740026109528 138.954884259346 139.146340970571 139.312842025158 139.453067545187 139.565940109293 139.650630768746 139.706562915862 139.733413977636 139.731114928222 139.699847634879 139.640040073008 139.552359466758 139.437703432099 139.297189219025 139.132141168414 138.944076516786 138.734689698626 138.50583531068 138.259509915724 137.997832874358 137.723026402349 137.437395057796 137.143304866755 136.84316229793 136.539393296528 136.234422584425 135.930653428372 135.630448070181 135.336109002814 135.049861264068 134.773835905438 134.510054777772 134.260416757897 134.026685521609 133.810478948656 133.61326022479 133.436330685031
136.259744890724 136.599953958885 136.935745002383 137.264160029705 137.582345633433 137.887574127403 138.177263618792 138.448996843861 138.700538606055 138.929851666814 139.135110952468 139.314715955138 139.467301221364 139.591744839183 139.687174852475 139.752973550364 139.788779599174 139.7944880047 139.77024791317 139.716458279997 139.633761456066 139.523034761643 139.385380137727 139.222111983664 139.034743307751 138.824970334284 138.594655725678 138.345810591852 138.080575470722 137.80120047331 137.51002479442 137.20945579506 136.901947865553 136.589981278715 136.276041240416 135.962597340361 135.652083599084 135.346879298032 135.049290768278 134.761534300136 134.485720320781 134.223838970257 133.977747188098 133.749157403599 133.539627902664 133.350554923557
136.108062326744 136.465672238005 136.818562258024 137.163732686598 137.498287573651 137.819455901252 138.124611742946 138.411293229896 138.677220162639 138.920310118044 139.138692913427 139.330723303492 139.494991800872 139.630333527367 139.735835020367 139.810838937381 139.854946620714 139.868018504192 139.850172364017 139.801779436318 139.723458444394 139.616067598874 139.480694653805 139.318645120736 139.13142876105 138.920744493756 138.688463871633 138.436613292618 138.16735512562 137.882967940255 137.585826038213 137.278378489982 136.963127884282 136.642608998911 136.319367600525 135.995939577362 135.674830602982 135.358496520901 135.049324629544 134.749616034487 134.461569220617 134.187264980768 133.928652819932 133.687538935431 133.465575853808 133.264253784912
135.978223643367 136.352606098386 136.721954992106 137.083230214771 137.433494625522 137.769935271044 138.089883624094 138.390834672244 138.670464695697 138.926647583095 139.15746954579 139.361242104038 139.536513232918 139.682076571419 139.796978614863 139.880523828661 139.93227764001 139.952067283492 139.939980496402 139.896362079775 139.821808361362 139.717159616929 139.583490526042 139.422098757709 139.234491799606 139.022372161955 138.78762110317 138.532281038936 138.258536809275 137.968695989129 137.665168436989 137.350445282876 137.027077561542 136.697654698908 136.364783059591 136.031064760709 135.699076952197 135.371351756529 135.050357051206 134.738478265715 134.438001351089 134.151097064851 133.87980669727 133.626029346648 133.391510832207 133.177834313127
135.870660057872 136.261179841481 136.646341683783 137.023066295209 137.388376625666 137.739419112514 138.073483991113 138.38802449912 138.68067481351 138.94926656853 139.19184381359 139.406676282338 139.592270857733 139.747381132877 139.871014983459 139.962440084843 140.021187324948 140.047052082964 140.040093363411 140.000630794948 139.929239523402 139.826743048564 139.694204074066 139.532913459031 139.344377378737 139.130302819226 138.892581547277 138.6332727122 138.354584249437 138.058853267619 137.748525610448 137.426134792412 137.094280512726 136.755606954956 136.412781080519 136.068471122537 135.725325482447 135.385952225373 135.052899361545 134.728636090259 134.415535170026 134.115856563898 133.831732492713 133.565154011318 133.317959204054 133.0918230761
135.785758079855 136.191779375487 136.592108670629 136.983628651366 137.363323564739 137.728300489663 138.075809713163 138.403264043984 138.708256902639 138.988579035415 139.242233709883 139.467450260886 139.662695868853 139.826685466495 139.958389685381 140.05704077046 140.122136408212 140.153441432509 140.150987391395 140.11506997761 140.046244345575 139.945318357529 139.813343821368 139.651605802157 139.461610108158 139.245069070217 139.003885750229 138.740136730067 138.456053646419 138.154003649359 137.836468972988 137.506025814876 137.165322727343 136.817058727527 136.463961334866 136.108764743791 135.754188336316 135.402915733624 135.057574577958 134.720717226092 134.394802523554 134.082178814825 133.785068329009 133.505553063369 133.245562268659 133.006861620844
135.723856120263 136.144748568376 136.559606245997 136.965274892389 137.358701179231 137.736953998989 138.097244901345 138.43694751065 138.753615763514 139.045000813384 139.309066458162 139.54400295756 139.748239119057 139.920452544776 140.059577946411 140.164813451309 140.235624839868 140.271747672402 140.273187282371 140.240216632214 140.173372047776 140.073446867188 139.941483059996 139.778760891865 139.586786729335 139.367279097415 139.122153120167 138.853503490608 138.563586130923 138.254798717116 137.929660253422 137.590789891091 137.240885193249 136.882700052411 136.519022469739 136.15265240529 135.786379906208 135.422963715184 135.065110554501 134.715455271756 134.376542021992 134.050806647637 133.740560402553 133.447975149793 133.17507014466 132.923700495536
135.685241123001 136.120385567303 136.549144667286 136.968328212568 137.374846345645 137.765730863098 138.138155707581 138.489456484366 138.817148841686 139.118945560994 139.392772211663 139.636781234584 139.849364330452 140.029163041356 140.175077428391 140.286272763417 140.362184169616 140.402519163052 140.407258065828 140.376652280511 140.311220435102 140.211742427628 140.07925141942 139.915023845835 139.720567532561 139.497608024345 139.248073250774 138.974076670468 138.677899050352 138.361969050467 138.028842796795 137.681182634623 137.321735262962 136.953309456269 136.578753583163 136.200933132842 135.822708458553 135.446912943668 135.076331789748 134.713681617535 134.361591061149 134.02258252308 133.699055243014 133.3932698173 133.107334288201 132.854542048313
