data/fuzzy_surface_modal.txt
ncols 401
nrows 401
xllcorner 0
yllcorner 0
cellsize 10
nodata_value -9999
[rows 120 to 139 of 401, columns 92 to 137 of 401]
144.8828211923 143.741542366722 142.641159049651 141.585113401895 140.576620028198 139.618656531066 138.713955978623 137.865001201936 137.074020818315 136.342986860918 135.673613881734 135.067359384737 134.525425438886 134.048761316604 133.63806700244 133.2937974187 133.016167219781 132.805156014649 132.66051388706 132.581767095572 132.568223849809 132.618980075503 132.732925098217 132.908747194028 133.144938974386 133.439802591554 133.791454770043 134.197831687957 134.65669374974 135.165630308192 135.722064408373 136.323257638934 136.966315187159 137.648191202389 138.365694578269 139.115495267363 139.894131241867 140.698016211518 141.523448204195 142.366619106302 143.22362524881 144.090479111018 144.963122197865 145.837439128165 146.709272950834 147.574441684254
144.584185081017 143.461036193404 142.379051999635 141.341626353403 140.351924325604 139.412873169727 138.52715521734 137.69720261309 136.925193779605 136.213051486494 135.562442384403 134.974777855024 134.451216021071 133.992664756528 133.599785536983 133.272997972417 133.012484870334 132.81819768542 132.689862222692 132.626984474291 132.628856485079 132.694562159037 132.822982936494 133.012803291266 133.262516016381 133.570427286849 133.934661507521 134.353165973097 134.823715385352 135.343916289433 135.911211506125 136.52288465017 137.176064835612 137.867731677621 138.594720706074 139.35372930915 140.141323325321 140.953944399266 141.787918211385 142.639463681897 143.504703238919 144.379674225748 145.260341505882 146.142611305466 147.022346312021 147.895382025997
144.270817686247 143.166949049886 142.104476017179 141.086738908215 140.116848414843 139.19767699869 138.331852231737 137.521751982881 136.769501334794 136.076971099164 135.445777785316 134.877284867326 134.372605188093 133.932604335588 133.557904826329 133.248890934296 133.005714009511 132.828298139437 132.716346017819 132.66934489936 132.686572534425 132.767102995424 132.909812325259 133.113383957955 133.376313881796 133.696915535698 134.073324449662 134.503502659667 134.985242945835 135.516172959803 136.093759322619 136.715311787868 137.377987575796 138.078795992716 138.814603455842 139.582139046586 140.378000715348 141.198662257748 142.040481176198 142.899707531603 143.772493878167 144.654906359587 145.542937027893 146.432517426859 147.319533460639 148.199841545489
143.945566030526 142.862056630311 141.820134499001 140.823081303126 139.873948609667 138.975549737707 138.130453561578 137.34098016295 136.609198210098 135.936923926456 135.325721497532 134.776904755657 134.291539975685 133.870449611844 133.514216806327 133.223190503793 132.997491012606 132.83701586316 132.741445825751 132.710250964928 132.742696623722 132.83784924931 132.994581991069 133.211580022392 133.487345558423 133.820202562911 134.208301158001 134.649621770778 135.14197906929 135.683025758205 136.270256319951 136.901010800755 137.572478752191 138.28170344747 139.025586497476 139.80089299442 140.604257310802 141.432189678063 142.281083663007 143.147224650662 144.026799429997 144.915906963924 145.810570407485 146.706750418364 147.600359782167 148.487279351614
143.611503594233 142.549356662081 141.528948427564 140.553496913064 139.625989936116 138.749177435534 137.925565754522 137.157413772217 136.446730755895 135.795275789995 135.204558625262 134.675841781946 134.210143734935 133.808243006263 133.470682991212 133.19777734839 132.989615791419 132.846070129959 132.766800420637 132.751261103539 132.798707017108 132.908199203107 133.078610433421 133.308630411467 133.596770622457 133.941368828305 134.340593224165 134.792446294016 135.294768422043 135.845241334309 136.441391461196 137.080593324824 137.760073067001 138.476912241878 139.228052003282 140.010297819419 140.820324847321 141.654684095887 142.509809499748 143.382026016493 144.267558847151 145.162543864433 146.063039315273 146.965038844041 147.864485860591 148.757289253599
143.271906029257 142.232045293645 141.234033440633 140.281020008901 139.375924583978 138.521429619423 137.719975217092 136.973755751945 136.28471820768 135.654562073441 135.084740639253 134.576463518669 134.130700221481 133.748184597265 133.429419971848 133.174684803472 132.984038693276 132.857328595455 132.794195085941 132.794078564233 132.856225280868 132.979693102502 133.163356947386 133.405913845607 133.705887600585 134.061633050413 134.471339949297 134.933036510302 135.44459267025 136.00372315577 136.607990445641 137.254807738553 137.941442046812 138.665017545192 139.422519309869 140.210797585011 141.026572714089 141.866440869213 142.726880704911 143.604261052732 144.494849760028 145.394823760503 146.300280445708 147.207250386027 148.111711427105 149.009604163418
142.930224712439 141.913491349057 140.938674795806 140.008851439498 139.126868312674 138.295336430026 137.516626082706 136.792863970006 136.125932028772 135.517467804998 134.96886619966 134.481282411991 134.05563589813 133.692615161447 133.392683192639 133.156083382991 132.982845742578 132.872793266636 132.825548307404 132.840538825247 132.917004411409 133.054001994873 133.250411167292 133.504939082178 133.816124907228 134.182343831317 134.601810649864 135.072582973655 135.592564126216 136.159505813286 136.771010664342 137.424534760246 138.117390272571 138.846748348896 139.609642383995 140.402971819399 141.223506613087 142.067892517105 142.932657293693 143.814217990144 144.708889379235 145.612893655865 146.522371461726 147.43339428876 148.34197828906 149.244099494273
142.590058334712 141.597208636716 140.646300408955 139.740332408519 138.882074973758 138.074063895616 137.318596242472 136.617728011984 135.973273464439 135.386805976304 134.859660240581 134.392935631976 133.987500550063 133.643997552402 133.36284909195 133.144263678899 132.988242296117 132.894584909439 132.862896928812 132.892595493462 132.982915473468 133.132915100946 133.341481166148 133.607333736638 133.929030380991 134.304969901611 134.733395603977 135.212398151356 135.739918074463 136.313748024251 136.931534872635 137.590781780256 138.288850361925 139.022963089131 139.790206074589 140.5875323862 141.411766036924 142.259606792814 143.127635933997 144.012323092659 144.910034278349 145.8170411843 146.729531849237 147.643622727628 148.555372197801 149.460795512286
142.255122744363 141.286826522091 140.360452167767 139.478916538609 138.644909334074 137.860887521201 137.129071705928 136.451444318008 135.829749458126 135.265494240321 134.759951450883 134.314163336736 133.928946331819 133.604896529306 133.34239571035 133.141617746461 133.002535202256 132.924925978047 132.908379847159 132.952304760695 133.055932812354 133.218325777402 133.438380162614 133.714831727482 134.046259460833 134.431089020676 134.867595668268 135.353906749544 135.888003797829 136.467724350734 137.090763590973 137.75467593527 138.456876707126 139.194644037968 139.965121146701 140.765319149973 141.592120554375 142.442283577311 143.312447435511 144.199138729087 145.098779034924 146.007693806172 146.922122654973 147.838231073578 148.752123625074 149.659858609406
141.929219283888 140.986058995252 140.084755742566 139.228140436462 138.418818404514 137.659164388911 136.951319479626 136.297189844765 135.698447100931 135.156530151134 134.672648306131 134.247785497286 133.882705384996 133.577957166508 133.333881890362 133.150619091708 133.028113572989 132.966122167851 132.964220342242 133.021808505153 133.138117922004 133.312216145826 133.543011904723 133.829259408215 134.169562059388 134.562375584059 135.006010611694 135.498634765451 136.038274339746 136.622815663066 137.250006260721 137.917455946817 138.622637986387 139.362890477343 140.135418107357 140.937294442895 141.765464906377 142.616750592682 143.487853068148 144.37536028383 145.275753720277 146.185416863685 147.10064509322 148.01765703691 148.932607429126 149.84160147672
141.616201879107 140.698672483364 139.822889135995 138.99159299184 138.207301498852 137.472303985617 136.788659171001 136.158194451728 135.582506804977 135.062965128049 134.600713825824 134.196677449291 133.851566184867 133.565881994478 133.339925210366 133.173801396154 133.067428296611 133.020542712557 133.032707154092 133.103316144529 133.231602068583 133.416640481169 133.657354817139 133.952520466917 134.300768207963 134.700587006662 135.15032622931 135.648197323786 136.192275054934 136.780498396184 137.410671197137 138.080462761526 138.787408481679 139.528910684299 140.302239847758 141.104536353057 141.932812929169 142.783957948453 143.6547397195 144.541811913001 145.441720241412 146.350910495338 147.265738019147 148.182478685446 149.097341403305 150.006482168713
141.319943156357 140.428452675664 139.578550230769 138.772883661329 138.013879265078 137.303737991782 136.644433543188 136.037712228917 135.485094409725 134.987877344774 134.547139248579 134.163744356245 133.838348792508 133.571407040876 133.363178813698 133.213736132184 133.122970436913 133.090599564017 133.116174439637 133.199085365104 133.338567787092 133.533707470474 133.783445016123 134.086579691186 134.441772564777 134.847548967244 135.302300315623 135.804285371217 136.351631016937 136.942332661814 137.574254397465 138.245129046057 138.952558251098 139.694012771032 140.466833140907 141.268230869217 142.09529033533 142.944971547711 143.814113914449 144.699441165558 145.597567551305 146.505005422618 147.418174278758 148.333411344219 149.246983711602 150.15510206042
141.044299878405 140.179170643609 139.35542361014 138.575610003414 137.842061947661 137.156889281864 136.521978262922 135.938992000169 135.409372447078 134.934343761483 134.514916835018 134.15189478588 133.845879206343 133.597276957813 133.40630731129 133.273009239879 133.197248682188 133.178725610691 133.216980757241 133.31140186838 133.461229385581 133.665561469604 133.9233583133 134.233445713005 134.594517894632 135.005139616201 135.463747593479 135.968651318999 136.518033366815 137.109949295249 137.742327277514 138.412967604882 139.119542218935 139.859594438018 140.630539048241 141.429662931034 142.254126397397 143.100965393518 143.967094733434 144.849312502095 145.744305756539 146.648657634396 147.558855957609 148.471303395681 149.382329227125 150.288202710585
140.793078001911 139.954548551558 139.157146938833 138.403324744941 137.695317153076 137.035140400769 136.424591098191 135.865247250736 135.358470806231 134.905411532851 134.507012023638 134.164013617304 133.876963022849 133.646219437404 133.471961952358 133.354197052236 133.292766023574 133.287352106957 133.337487244123 133.442558293146 133.601812607814 133.814362901988 134.079191345466 134.395152864196 134.760977644181 135.175272864494 135.636523710122 136.143093739357 136.693224702737 137.285035930743 137.916523425153 138.585558803908 139.289888261166 140.027131712832 140.794782302922 141.590206447688 142.410644592332 143.253212849417 144.11490567886 144.992599756669 145.883059163683 146.782942006638 147.688808562232 148.59713101085 149.504304800605 150.406661654763
140.569997668722 139.758225263289 138.987277202703 138.259502670023 137.577037402334 136.941801792734 136.355500834587 135.819625740693 135.335457052238 134.90406903851 134.526335178566 134.202934510249 133.934358630343 133.720919132041 133.562755272147 133.459841670451 133.411995857099 133.418885500371 133.480035166617 133.594832485871 133.762533620371 133.982267958479 134.2530419828 134.57374228815 134.943137751988 135.359880886471 135.822508426938 136.32944123598 136.878983624797 137.469322213945 138.098524473416 138.76453709704 139.465184378014 140.19816676097 140.961059750935 141.751313360982 142.566252278061 143.403076920559 144.258865551609 145.130577599175 146.015058317663 146.909044906543 147.809174179445 148.711991852796 149.613963496672 150.511487162608
140.378658449698 139.593722156767 138.849257113012 138.147507630663 137.490507763093 136.880080068371 136.317836189155 135.805179075911 135.343306662983 134.93321679349 134.575713179627 134.271412179677 134.020750171878 133.82399130827 133.681235438457 133.592426003842 133.557357716913 133.575683857352 133.646923036734 133.77046530595 133.945577503816 134.171407771169 134.446989181602 134.771242467361 135.142977846352 135.560895983173 136.023588143102 136.529535622633 137.077108562943 137.66456427328 138.290045209232 138.95157676594 139.647065058187 140.374294867804 141.130927943748 141.914501841442 142.722429485509 143.551999633858 144.400378411245 145.264612067192 146.141631096512 147.028255841104 147.921203669264 148.817097804066 149.712477845548 150.603812003175
140.222505163047 139.464409463517 138.746381985944 138.070559983777 137.438873859868 136.853046602155 136.314595007638 135.824832516043 135.384873457435 134.995638504877 134.657861114244 134.372094728519 134.138720523259 133.957955473435 133.829860529271 133.754348699908 133.731192858365 133.760033099099 133.840383500056 133.971638164081 134.153076439503 134.383867246079 134.66307245987 134.989649338507 135.362451996169 135.780231964942 136.241637905655 136.74521455616 137.289401028155 137.872528584344 138.492818045886 139.148376995225 139.837196951288 140.557150702491 141.305989987807 142.081343717279 142.880716920672 143.701490606582 144.540922704236 145.396150246676 146.264192937069 147.141958219995 148.026247956798 148.91376677903 149.801132166881 150.684886270843
140.104794589199 139.373473449816 138.681767409483 138.031704761488 137.425110563845 136.863606756253 136.348614035308 135.881355303844 135.462860493512 135.093972546937 134.775354337223 134.507496298315 134.290724539587 134.125209222114 134.01097298209 133.947899198637 133.935739918546 133.974123268873 134.062560209569 134.200450501858 134.3870877936 134.6216637498 134.903271184331 135.230906177284 135.60346919066 136.01976522287 136.478503069239 136.978293780888 137.517648437716 138.094975372067 138.708576997955 139.356646415901 140.037263975349 140.748393985034 141.487881766404 142.25345124617 143.042703281212 143.853114902456 144.68203965404 145.526709190223 146.384236275304 147.251619311551 148.12574849712 149.003413690492 149.881314030534 150.756069332308
140.028563400921 139.323884754391 138.658318008132 138.033780880713 137.451991663622 136.914470027189 136.422539552822 135.97733180205 135.579791716443 135.230684130077 134.930601168191 134.67997030181 134.47906282858 134.328002554687 134.226774461293 134.175233151346 134.173110888461 134.220025058624 134.315484907229 134.458897428166 134.649572307679 134.886725853206 135.169483865819 135.496883443639 135.867873732386 136.281315667271 136.735980777526 137.230549150328 137.76360667436 138.333641704376 138.939041306447 139.578087258835 140.248951995375 140.949694686564 141.678257658232 142.43246334849 143.210012000629 144.008480282858 144.82532101519 145.657864169697 146.503319292882 147.358779478346 148.22122699461 149.087540647174 149.954504926203 150.818820961863
139.996597620695 139.318368191487 138.678697610927 138.079391693852 137.522060814832 137.008121409189 136.538799166657 136.115133722905 135.737984638032 135.408038439246 135.125816497302 134.891683502984 134.705856310875 134.568412922847 134.479301392884 134.438348447804 134.445267634931 134.49966682736 134.601054939853 134.748847733102 134.9423726107 135.180872341119 135.463507665874 135.789358784295 136.157425734429 136.566627718061 137.015801445187 137.503698599001 138.028982546148 138.590224438234 139.185898869048 139.814379267225 140.473933216013 141.162717900111 141.878775884109 142.620031427749 143.384287540082 144.169223967559 144.972396300337 145.79123636675 146.623054068113 147.465040785254 148.314274464489 149.167726464755 150.022270219562 150.874691737838
