data/fuzzy_surface_modal.txt
ncols 401
nrows 401
xllcorner 0
yllcorner 0
cellsize 10
nodata_value -9999
[rows 120 to 139 of 401, columns 138 to 183 of 401]
148.428756050778 149.268038354448 150.088142425581 150.884974531522 151.654515128934 152.392841309941 153.096149772737 153.760780127262 154.383238328758 154.960220016672 155.488633523932 155.965622312323 156.38858658381 156.755203815338 157.063447966121 157.311607111678 157.49829926799 157.622486182019 157.6834848814 157.680976796108 157.615014288234 157.486024452165 157.294810076292 157.042547688366 156.730782639331 156.361421214459 155.936719795365 155.459271131443 154.931987813954 154.35808307985 153.74104910491 153.084632976435 152.392810564078 151.669758532965 150.919824765708 150.147497478861 149.357373334547 148.554124859215 147.742467488509 146.927126560104 146.112804574923 145.30414904158 144.505721209197 143.721965980171 142.957183277287 142.215501118961
148.757544338041 149.604668280486 150.432617876758 151.237306987578 152.014721028557 152.760939410366 153.472158530653 154.14471512661 154.77510977907 155.3600303435 155.896375070693 156.381275170574 156.812116566624 157.186560586114 157.502563332891 157.75839349476 157.952648346763 158.084267724672 158.152545759722 158.157140185852 158.098079054169 157.975764715781 157.790974963167 157.544861251417 157.23894395362 156.875104638815 156.455575395858 155.982925261643 155.460043846921 154.890122286903 154.276631676388 153.62329917985 152.934082035244 152.213139695872 151.464804377019 150.693550292942 149.903961884924 149.100701352146 148.288475804124 147.472004356109 146.65598548735 145.845064976337 145.043804717394 144.256652709232 143.487914488814 142.741726263187
149.069286018334 149.923717751139 150.759013894722 151.571098650522 152.355964944105 153.109696850474 153.828492598926 154.508687964686 155.146779836278 155.739449731975 156.283587025915 156.776311635073 157.214995912285 157.597285488291 157.92111880726 158.184745105785 158.386740594581 158.526022615381 158.601861562344 158.613890377722 158.562111455186 158.446900810835 158.269009411108 158.029561578204 157.730050426708 157.372330319453 156.958606365691 156.491421019897 155.973637874391 155.408422773 154.79922240559 154.149740573955 153.463912347946 152.745876356184 151.999945478058 151.23057622249 150.44233709396 149.639876257232 148.827888819054 148.011084047674 147.194152849314 146.381735814898 145.578392140384 144.788569710241 144.016576616202 143.266554362688
149.363375274273 150.224517458174 151.066599198965 151.88555786668 152.677396525121 153.438206332837 154.164189552007 154.851682970819 155.497181526465 156.097361900041 156.649105841855 157.149522976108 157.595972827948 157.986085813637 158.317782936175 158.589293934285 158.799173642075 158.946316330044 159.029967815127 159.049735148056 159.005593710157 158.897891578502 158.727351047735 158.49506722844 158.202503675173 157.851485031768 157.444186716699 156.983121706626 156.471124511224 155.911332466443 155.307164506024 154.662297601743 153.980641091201 153.266309137444 152.523591586912 151.756923510985 150.970853731215 150.170012639227 149.359079628938 148.542750461178 147.725704878988 146.912574785854 146.107913289111 145.316164896797 144.541637138772 143.788473862065
149.639340424655 150.506531592866 151.354775293598 152.180024969035 152.978296522813 153.745690686582 154.478416023478 155.172812372455 155.825374518804 156.432775860179 156.991891824564 157.499822787023 157.953916226065 158.351787858239 158.691341491227 158.970787341327 159.188658570774 159.343825813818 159.435509477672 159.463289625168 159.427113270001 159.327298942409 159.164538412703 158.939895491761 158.654801861041 158.311049919261 157.91078266818 157.45648069537 156.950946346885 156.397285216868 155.798885113747 155.15939269341 154.482687977984 153.772857004266 153.034162868026 152.271015449025 151.487940116327 150.689545724244 149.880492215799 149.065458152882 148.249108490328 147.43606290504 146.630864981089 145.837952537713 145.061629369568 144.306038647688
149.896848765326 150.76936310977 151.623082138227 152.453978339261 153.258083227141 154.031509663374 154.770474844779 155.471323760504 156.130552901547 156.744833990211 157.311037483915 157.826255598133 158.287824587217 158.693346019638 159.040706785911 159.328097583143 159.554029629852 159.717349378263 159.817251008649 159.85328651118 159.825373184905 159.733798410684 159.579221584544 159.362673129854 159.085550540221 158.749611439784 158.356963682929 157.910052550998 157.411645138644 156.864812056607 156.272906610373 155.639541644819 154.968564273182 154.264028734047 153.530167642117 152.771361917048 151.992109689274 151.196994492381 150.390653057961 149.577743031101 148.762910922562 147.950760607443 147.145822669904 146.352524879347 145.575164065873 144.817879641842
150.135710421653 151.012758017378 151.87120286079 152.70703952651 153.516317975239 154.295165819076 155.039811283694 155.746606668288 156.412052085156 157.032819244505 157.605775036968 158.128004656618 158.596834001196 159.009851084112 159.364926194503 159.660230547449 159.894253176183 160.065815831886 160.174085674104 160.218585555879 160.199201732033 160.116188846318 159.97017208303 159.762146400657 159.493472798853 159.165871604815 158.781412800656 158.342503448928 157.85187230859 157.312551767868 156.727857253099 156.101364303301 155.436883528377 154.738433694139 154.010213199319 153.256570228178 152.481971876796 151.690972561688 150.88818202561 150.078233257529 149.265750641489 148.455318642785 147.651451329469 146.85856301304 146.080940274433 145.322715620511
150.355881168427 151.236608650342 152.098967465935 152.938977375638 153.752709683028 154.536309432208 155.286018333082 155.998198214004 156.669354782032 157.296161454621 157.875483013381 158.404398820753 158.880225334395 159.300537651872 159.663189820088 159.96633364969 160.208435784615 160.388292790715 160.505044045035 160.558182228489 160.54756124915 160.473401450805 160.336291991425 160.137190308319 159.877418620521 159.558657453902 159.182936210049 158.752620835554 158.270398683574 157.739260693633 157.162481048304 156.543594495989 155.886371557159 155.194791856579 154.47301584597 153.72535519986 152.956242181781 152.170198288347 151.371802484929 150.565659348549 149.756367431323 148.948488151347 148.146515507417 147.354846899773 146.577755321274 145.819363162427
150.557464183681 151.440955888291 152.306355502734 153.149711127497 153.967118361615 154.754742419883 155.508841009729 156.225787765853 156.902096021328 157.534442677314 158.11969192023 158.654918525382 159.137430479979 159.564790656274 159.934837267417 160.245702844519 160.495831483402 160.683994123396 160.809301638306 160.871215540947 160.869556127257 160.804507913542 160.676622250532 160.486817030153 160.236373434798 159.92692971389 159.560472008144 159.139322277597 158.666123424677 158.143821737713 157.575646812929 156.9650891435 156.31587559232 155.63194299023 154.917410123284 154.176548390824 153.413751430424 152.633504016059 151.840350541858 151.038863405669 150.233611604226 149.42912984517 148.62988847067 147.840264473031 147.064513864956 146.306745646084
150.740710713765 151.625990296989 152.493497665947 153.339312464124 154.159557590056 154.950421221659 155.708179632706 156.42922059828 157.110067166448 157.747401556713 158.338088932386 158.879200784118 159.368037655739 159.802150941326 160.179363484362 160.497788715747 160.755848077511 160.952286493054 161.086185662588 161.156974983837 161.164439922794 161.108727686967 160.990350083779 160.810183479101 160.569465804879 160.269790599848 159.913098103031 159.501663455386 159.038082100175 158.525252506774 157.966356375218 157.364836509284 156.724372573925 156.04885497787 155.342357143958 154.609106447854 153.853454119995 153.079844415778 152.292783364933 151.496807412755 150.696452263371 149.896222228589 149.100560375303 148.313819750056 147.540235941577 146.783901221117
150.906019638203 151.792052178377 152.660676315598 153.508006481946 154.33019592608 155.123458631496 155.884092060142 156.608500517056 157.293218911875 157.934936676318 158.530521583134 159.07704320213 159.571795722658 160.012319869835 160.396423643591 160.722201615711 160.988052530088 161.192694965526 161.335180838311 161.4149065433 161.431621557064 161.38543435437 161.276815519621 161.106597967235 160.875974219001 160.58649072156 160.240039222848 159.838845262077 159.385453862989 158.882712554288 158.333751873661 157.741963542286 157.110976524632 156.444631213317 155.74695200043 155.022118514712 154.2744358181 153.508303865195 152.728186535047 151.93858054631 151.143984564223 150.348868801195 149.557645402135 148.774639891306 148.004063939645 147.249989690547
151.053935933849 151.93963052683 152.808324910114 153.656171586313 154.479357246273 155.274124567631 156.036794872666 156.763791439997 157.451663244778 158.097108885023 158.697000438114 159.24840698147 159.748617505181 160.195162942196 160.585837043576 160.918715832332 161.192175379554 161.404907660654 161.555934267533 161.644617774086 161.670670577295 161.634161064044 161.535516984122 161.37552594236 161.155332956933 160.876435066011 160.540673000639 160.150219977507 159.707567700385 159.215509693157 158.677122119868 158.095742277598 157.474944975859 156.818517041046 156.130430206083 155.414812663254 154.675919572262 153.918102825516 153.145780378389 152.363405453781 151.575435927656 150.786304195501 150.000387808985 149.221981157708 148.455268453125 147.704298250819
151.185148048791 152.069360899515 152.937026358509 153.78433831057 154.607520016818 155.402845779512 156.166663500782 156.895417928864 157.585674365312 158.234142589571 158.837700743543 159.393418908637 159.898582101591 160.350712413089 160.747590015107 161.087272768997 161.368114176472 161.588779429865 161.748259336069 161.845881910196 161.881321459948 161.85460500957 161.766115942697 161.616594775908 161.407137008901 161.139188032428 160.814535110799 160.435296491538 160.003907729922 159.52310535018 158.995907997649 158.425595266466 157.815684415225 157.169905207784 156.492173137919 155.786561314322 155.057271296387 154.308603181114 153.544925247141 152.770643463433 151.990171167448 151.207899210852 150.428166860157 149.655233725274 148.893252971219 148.146246047302
151.300484206913 152.18202221889 153.047510306944 153.893187072451 154.715315505148 155.510204499805 156.274231302079 157.003864676287 157.695688567559 158.346426013571 158.952963047197 159.51237232122 160.021936179917 160.479168900099 160.88183782603 161.227983128757 161.515935930533 161.744334549278 161.912138636076 162.018641000377 162.063476942588 162.046630941635 161.968440575575 161.829597585839 161.631146029862 161.374477502011 161.061323438482 160.693744557534 160.274117521548 159.805118941491 159.28970687671 158.73110001333 158.132754732235 157.498340302329 156.831712456226 156.136885623212 155.418004108235 154.67931251547 153.925125720659 153.159798697868 152.387696503597 151.613164714375 150.840500603306 150.073925326667 149.317557373925 148.575387513721
151.400907674003 152.278532535052 153.140649384323 153.983544889531 154.803524951491 155.596936057895 156.360187602151 157.089774959279 157.782303090461 158.434510430372 159.043292797475 159.605727057141 160.119094261105 160.580901984398 160.988905582827 161.341128100049 161.635878563547 161.871768422989 162.047725902604 162.163008060846 162.217210375698 162.210273701853 162.142488476536 162.01449608328 161.827287317072 161.582197929536 161.280901268468 160.925398061789 160.518003431047 160.061331253602 159.55827602503 159.011992403454 158.425872645248 157.803522166173 157.148733483394 156.465458811469 155.757781599257 155.029887304423 154.286033707842 153.5305210716 152.767662441591 152.001754388894 151.237048473458 150.477723699316 149.727860212855 148.991414474953
151.487511025581 152.359943784576 153.217454440199 154.056381083812 154.8730757273 155.663925478908 156.425374720542 157.153948077996 157.846273954892 158.499108383574 159.109358932081 159.674108395934 160.190637996973 160.656449809151 161.069288132966 161.427159546257 161.728351369248 161.971448295964 162.155346962242 162.279268242231 162.342767090326 162.345739773429 162.288428368879 162.171422436004 161.995657803309 161.762412448544 161.473299484552 161.130257299466 160.735536934895 160.291686819696 159.801535009216 159.268169110122 158.694914098492 158.085308263503 157.443077530306 156.772108433345 156.076420025104 155.360135015056 154.627450439096 153.882608161206 153.129865506337 152.373466316743 151.617612713362 150.866437829596 150.123979767213 149.394157003484
151.561509465091 152.427435590675 153.279068816135 154.112802013046 154.92503651482 155.712203099282 156.470784009618 157.197335804715 157.888512809071 158.541090914722 159.151991473427 159.718305006784 160.23731445544 160.706517686063 161.12364897655 161.486699205852 161.793934485001 162.043912980091 162.235499696028 162.367879011586 162.440564781258 162.453407847369 162.406600836364 162.300680145712 162.136525061971 161.915353985705 161.638717774597 161.308490251716 160.926855960928 160.496295285326 160.019567076854 159.499688975387 158.939915623118 158.343715004675 157.714743164609 157.05681757151 156.373889411753 155.670015105569 154.949327343717 154.216005944455 153.474248827775 152.728243397176 151.982138608648 151.240017992367 150.505873875081 149.783583030652
151.624233248635 152.482308156758 153.326761698647 154.154044873106 154.960611548392 155.742939235995 156.497550940119 157.221037873576 157.910082809795 158.561483822796 159.172178152558 159.739265922595 160.260033429872 160.731975724673 161.152818199702 161.520536913588 161.833377384092 162.089871600423 162.28885302213 162.42946935367 162.511192908707 162.533828406124 162.49751807012 162.402743939289 162.250327323613 162.041425383406 161.777524839859 161.460432862396 161.09226521303 160.675431761746 160.212619519178 159.706773362895 159.161074661151 158.578918022477 157.963886420687 157.319724962464 156.650313578411 155.959638928148 155.25176581564 154.530808412353 153.800901583213 153.066172603615 152.330713545287 151.598554594701 150.873638550289 150.159796724384
151.677119278985 152.525974311731 153.361920607845 154.181470621455 154.98113396365 155.757437951788 156.506949272122 157.226296546349 157.912193571464 158.561462984294 159.171060087502 159.738096563139 160.259863792987 160.733855502335 161.157789445393 161.529627856365 161.847596400255 162.110201371513 162.31624490663 162.464837998361 162.555411124158 162.587722329256 162.561862635187 162.478258676981 162.337672506257 162.141198532495 161.890257610288 161.586588315923 161.232235491507 160.829536168698 160.381103016227 159.889805485447 159.358748855628 158.791251405189 158.19081995627 157.561124057596 156.905969084312 156.229268543196 155.535015877274 154.827256065326 154.110057309197 153.387483095211 152.663564905605 151.942275841903 151.227505404879 150.523035655493
151.72170193704 152.559950770668 153.386043080949 154.196556076557 154.988058305291 155.757129963093 156.50038435425 157.21449029339 157.896195218536 158.54234876624 159.14992654515 159.716053833442 160.238028918651 160.713345795648 161.139715940018 161.515088879801 161.837671298465 162.105944416006 162.31867941292 162.474950683302 162.574146728168 162.615978527842 162.60048526254 162.528037282658 162.399336264178 162.215412519573 161.977619470082 161.687625320657 161.347402013731 160.959211571702 160.525589970143 160.049328713723 159.533454314276 158.981205894936 158.396011165406 157.781461031035 157.14128311207 156.47931445926 155.799473757609 155.105733311648 154.402091103069 153.692543205072 152.981056827482 152.271544252868 151.56783790671 150.873666784623
