data/fuzzy_surface_min.txt
ncols 401
nrows 401
xllcorner 0
yllcorner 0
cellsize 10
nodata_value -9999
[rows 320 to 339 of 401, columns 230 to 275 of 401]
157.767572852956 157.679824973396 157.605647349107 157.545660784498 157.500343390722 157.470029483782 157.454909382343 157.455030110148 157.470297004405 157.500476227599 157.545198175901 157.603961772651 157.676139630295 157.760984058727 157.857633892168 157.965122100656 158.082384145878 158.208267034634 158.341539016641 158.480899866907 158.62499168645 158.772410148998 158.92171611548 159.07144753272 159.220131527957 159.366296606697 159.508484858027 159.64526406909 159.775239648868 159.897066260977 160.00945906576 160.111204473701 160.201170315084 160.278315334815 160.341697926545 160.390484026442 160.423954094327 160.441509118117 160.442675586719 160.427109386396 160.394598586229 160.345065089344 160.278565138001 160.195288672293 160.095557553837 159.979822677408
157.712548454903 157.626027969744 157.55366041338 157.496077293996 157.453764412703 157.427060496344 157.416156749489 157.421097334407 157.441780784003 157.477962348566 157.52925727256 157.595144992643 157.674974242622 157.767969045176 157.873235563917 157.989769782806 158.116465973121 158.2521259012 158.395468723132 158.545141505518 158.699730304529 158.85777172886 159.01776490583 159.178183764141 159.337489541527 159.494143421109 159.646619196543 159.793415863321 159.933070031874 160.064168057422 160.185357782025 160.295359785977 160.392978048506 160.477109921859 160.546755328117 160.601025094478 160.639148350303 160.660478917719 160.664500637059 160.650831578651 160.619227103472 160.5695817466 160.501929909336 160.416445357929 160.313439539016 160.193358733945
157.65773324637 157.572365037825 157.50169982105 157.446382155862 157.406908095302 157.383623532995 157.376723488269 157.386252341787 157.412105030496 157.454029206224 157.511628357396 157.584365887883 157.671570141171 157.772440351693 157.886053498464 158.011372029128 158.147252415186 158.292454491709 158.445651527259 158.605440962188 158.770355746092 158.938876198047 159.109442306495 159.280466379399 159.450345949671 159.617476836025 159.78026625539 159.937145879998 160.086584730295 160.227101793976 160.357278261784 160.475769272343 160.581315061106 160.672751412632 160.749019320774 160.809173767903 160.85239154202 160.877978019403 160.885372850151 160.874154494622 160.844043570071 160.794904978688 160.726748800562 160.639729947645 160.534146587457 160.410437357799
157.601240124103 157.519814545245 157.45075063975 157.397564247162 157.360764152289 157.340706108916 157.33759183773 157.351468996351 157.382232134159 157.429624639943 157.493241685149 157.572534159772 157.66681359163 157.775258033066 157.8969188919 158.03072867596 158.175509612691 158.329983097346 158.492779915153 158.66245117483 158.837479882866 159.01629308037 159.197274457072 159.378777350325 159.559138030979 159.73668917272 159.909773397153 160.076756783581 160.236042230219 160.386082552538 160.525393204676 160.652564511331 160.766273300392 160.865293830704 160.948507914782 161.014914143029 161.063636123863 161.093929663222 161.105188816911 161.096950760194 161.068899430729 161.020867913226 160.952839546947 160.86494775019 160.757474569029 160.630847970578
157.518464519515 157.45177745957 157.395910946504 157.350205176272 157.31640390423 157.299378927251 157.299828873622 157.317807699234 157.353212757824 157.405786515233 157.475119291025 157.560653027623 157.661686080446 157.777379015373 157.906761392224 158.048739504922 158.202105040712 158.36554461226 158.537650107895 158.716929796623 158.901820116179 159.090698064194 159.281894104909 159.473705496661 159.664409938976 159.852279432452 160.035594239944 160.212656833953 160.381805712646 160.541428965717 160.689977471339 160.82597760692 160.948043359101 161.054887722634 161.145333283271 161.218321886607 161.27292330292 161.308342807254 161.323927604325 161.319172039027 161.293721545398 161.247375299526 161.180087555077 161.091967653565 160.983278715044 160.854435028432
157.416163643151 157.359560846126 157.312284853982 157.283398148469 157.266776513839 157.25897895 157.264571075496 157.286400086838 157.326170687419 157.383627747445 157.458360207782 157.5498046587 157.657249976575 157.779843007311 157.916595277143 158.066390702992 158.227994265752 158.400061600829 158.581149451139 158.7697269187 158.964187441992 159.162861417637 159.364029376801 159.565935619076 159.766802199783 159.964843160577 160.158278888282 160.345350482883 160.524334012949 160.693554535283 160.851399755515 160.996333207683 161.126906833548 161.241772846579 161.339694771093 161.419557553967 161.480376654576 161.52130602805 161.541644927505 161.540843462413 161.518506862655 161.474398410865 161.408441019168 161.320717440368 161.211469117581 161.08109369035
157.302840896143 157.249093791356 157.21464003656 157.195499951469 157.187537203657 157.199227671368 157.22332324234 157.256283741075 157.302286511636 157.364320139207 157.444124481358 157.541134381875 157.654632962355 157.783757166678 157.927504373661 158.084740051729 158.254206420097 158.434532071451 158.624242501471 158.821771480918 159.02547319659 159.233635078322 159.444491220533 159.656236298808 159.867039874686 160.075060975436 160.27846283024 160.475427639956 160.664171254675 160.842957631588 161.01011294549 161.164039225368 161.303227393275 161.426269585764 161.531870643827 161.618858664262 161.686194513805 161.732980216971 161.758466139345 161.762056899874 161.743315958383 161.701968837945 161.637904955656 161.551178049644 161.442005204589 161.310764492452
157.181517153792 157.135376860316 157.105903746934 157.091314102398 157.097481135436 157.119453994744 157.153716605657 157.2074421447 157.273556705695 157.347573627458 157.433616166483 157.535833863586 157.655011409242 157.790279694668 157.940625888976 158.10490101195 158.281828556475 158.470014116422 158.667955965597 158.874056523289 159.086634631976 159.303938563164 159.524159658173 159.745446502213 159.965919522355 160.18368589324 160.396854628616 160.603551732264 160.801935278629 160.990210291573 161.166643289245 161.329576364171 161.477440670195 161.60876919211 161.722208679387 161.81653063256 161.890641239304 161.943590167057 161.974578130041 161.982963160596 161.968265527734 161.930171259525 161.86853424022 161.783376867694 161.674889271628 161.543427107681
157.067160017382 157.019153716455 156.991153994261 156.983795903091 156.996492873709 157.024509687365 157.074150057088 157.139333272656 157.217384307141 157.313233684712 157.419891238544 157.535123439647 157.659592889267 157.80060254604 157.957133337775 158.128025885854 158.311989061929 158.507609593528 158.713362664684 158.927623447046 159.148679486508 159.374743860277 159.603969009726 159.834461145392 160.064295112361 160.291529597123 160.514222550834 160.730446699145 160.938305005147 161.135945949936 161.321578494656 161.493486588818 161.650043092231 161.789722981937 161.911115721222 162.012936674919 162.094037463846 162.153415161173 162.190220244713 162.203763231451 162.193519933845 162.159135291498 162.100425746403 162.017380145002 161.910159165536 161.779093284376
156.963470861543 156.913411458584 156.883778052664 156.875261433212 156.888386524066 156.923506332267 156.980796766807 157.056592251286 157.151251310699 157.260030219155 157.382040333754 157.518711786263 157.663547593526 157.815933456424 157.978218764495 158.155288252376 158.345840323691 158.548447039146 158.761564710532 158.983545468822 159.212649731032 159.447059479954 159.684892260757 159.924215789107 160.16306305686 160.399447813827 160.63138029765 160.856883078674 161.074006882868 161.28084625349 161.475554911437 161.656360674939 161.821579801751 161.969630620969 162.099046327276 162.208486817643 162.29674945918 162.362778686948 162.405674341926 162.424698671823 162.41928193094 162.389026529616 162.333709698704 162.253284649926 162.147880228511 162.017799070177
156.872493028269 156.820223157683 156.78872547348 156.778748710426 156.79087403013 156.825508213948 156.882877749264 156.963023929626 157.065799087371 157.190864072911 157.332361402516 157.48332285476 157.648052186442 157.822866980397 158.002184484149 158.187864882955 158.384540851608 158.593664014606 158.813676092454 159.042910463841 159.279604683359 159.521913854463 159.767924760565 160.015670647368 160.263146540538 160.508324974858 160.749172004197 160.983663356141 161.209800591 161.425627122353 161.629243955258 161.818824998906 161.992631812792 162.149027649446 162.28649066241 162.403626155368 162.499177757112 162.57203741723 162.621254128952 162.646041298268 162.645782692187 162.620036913584 162.568540365291 162.491208681799 162.38813662285 162.259596439168
156.796198441088 156.741593595126 156.708031305996 156.696320156609 156.707099923673 156.740834004722 156.797802759029 156.878097891813 156.981618008836 157.108065463486 157.256944610854 157.427561573023 157.617908220121 157.807839850634 158.010445483768 158.218766517687 158.429237071015 158.644389097178 158.870804883602 159.106803404179 159.350603694314 159.600338286993 159.854067448285 160.109794104028 160.365479340095 160.619058350237 160.868456698366 161.111606756304 161.346464173619 161.571024233345 161.783337946159 161.981527736063 162.16380257276 162.32847240987 162.47396179366 162.598822514234 162.701745179963 162.781569606185 162.837293920929 162.868082303234 162.873271283614 162.852374551008 162.80508622605 162.731282576476 162.631022166717 162.504544450045
156.736458377701 156.679429821045 156.643636244342 156.629947658092 156.639064522409 156.671509401202 156.727619547662 156.807540559347 156.91122123835 157.038409786567 157.188651457854 157.361287777886 157.555457428976 157.770098880987 158.003364345287 158.229097379494 158.463433020506 158.698325519263 158.934035282889 159.176288605753 159.426688616496 159.683349658245 159.94430981266 160.207545940333 160.470989333328 160.732541851984 160.990092410608 161.241533670485 161.484778793986 161.717778110437 161.938535542969 162.145124645872 162.335704104002 162.508532549594 162.661982557364 162.794553686014 162.904884443112 162.991763060654 163.054136980428 163.09112096128 163.102003734504 163.086253148611 163.043519760443 162.973638845845 162.876630819629 162.75270007118
156.695014932384 156.635512354597 156.597357588648 156.581483312331 156.588652409007 156.619448845064 156.674269492904 156.753317046465 156.856594173134 156.983899039905 157.134822342832 157.308745957215 157.504843311629 157.72208157205 157.959225703049 158.214844451706 158.480079563623 158.738072831318 158.99689954513 159.25239200276 159.508866272203 159.771933104749 160.039612797117 160.309860482479 160.580581904196 160.849649710965 161.114920136013 161.374249916442 161.625513303888 161.86661901426 162.095526962687 162.310264629881 162.508942908009 162.689771277874 162.851072174633 162.991294406503 163.109025499758 163.203002853701 163.272123601194 163.315453083403 163.332231861729 163.321881205051 163.284007006383 163.218402099477 163.125046962736 163.00410881462
156.673453536409 156.61146739719 156.57086117051 156.552631086831 156.557603846376 156.586426719197 156.639558601629 156.717262184739 156.819597386856 156.946416195816 157.097359057181 157.271852932477 157.469111136477 157.688135044916 157.927717744014 158.186449670964 158.462726270559 158.754757667565 159.041663338879 159.322040466973 159.596833802743 159.867024885905 160.140891864937 160.417629881674 160.695123453972 160.971220234691 161.243747853632 161.510531033338 161.769408827531 162.018251827345 162.254979178604 162.477575253278 162.684105820004 162.872733562079 163.041732796728 163.18950325658 163.314582803133 163.415658952404 163.491579104872 163.541359385044 163.564192010354 163.559451124442 163.526697045996 163.465678901009 163.376335623289 163.258795325232
156.673176897543 156.608740423303 156.565634610739 156.544919761406 156.547487423913 156.574049719197 156.625129629576 156.70105241562 156.801938321027 156.927696718787 157.078021842073 157.252390230457 157.450060006379 157.670072078508 157.911253347801 158.172221969132 158.45139469654 158.746996313802 159.057071124631 159.374989118242 159.673269722764 159.965381017143 160.249000439793 160.531687739953 160.815425229585 161.098039854942 161.377334809556 161.651106815796 161.917163561415 162.173341133886 162.417521293174 162.647648423245 162.861746004205 163.057932450338 163.234436164582 163.389609667074 163.52194266415 163.630073934645 163.712801922264 163.769093936049 163.798093875482 163.7991284122 163.771711576568 163.71554771423 163.630532794927 163.516754073237
156.695380707627 156.628571502198 156.582962266791 156.559677515036 156.559674299581 156.583730768499 156.632435689296 156.70617911282 156.805144345163 156.929301388401 157.078402000639 157.251976512495 157.449332520853 157.669555561775 157.911511842925 158.173853092222 158.455023553819 158.753269135441 159.06664868294 159.393047329043 159.730191834255 160.051576535264 160.358383395639 160.65279329295 160.942227678512 161.230827672574 161.516376269 161.796646290113 162.069417990909 162.332496692249 162.583730281307 162.821026417069 163.042369279953 163.245835707968 163.429610566866 163.59200120881 163.731450882732 163.846550970006 163.936051930975 163.998872861168 164.034109570609 164.041041115152 164.019134725177 163.968049093954 163.887636005381 163.7779402983
156.741031450465 156.671972687666 156.623902211765 156.598008503778 156.595314388661 156.61666483211 156.66271570518 156.73392369703 156.830537551633 156.952590796641 157.09989612184 157.272041550739 157.468388532037 157.688072058085 157.930002895368 158.192871987632 158.475157066028 158.775131472831 159.090875176418 159.420287925615 159.761104461792 160.11091167764 160.452746265091 160.77273973898 161.07618553507 161.370220702698 161.661488938756 161.94774333198 162.226740720776 162.496259495252 162.754117296731 162.998188450191 163.226420966275 163.436852952534 163.627628278615 163.797011346919 163.943400828934 164.065342237758 164.161539219265 164.230863457655 164.272363105717 164.285269665736 164.26900326346 164.223176274626 164.147595281062 164.042261351074
156.810846620777 156.73970779206 156.689265566551 156.660771756496 156.655314830937 156.673806965529 156.716972056753 156.785334888577 156.879211634892 156.998701873122 157.143682273207 157.313802111878 157.508480744757 157.72690714871 157.96804162413 158.230619721851 158.513158432456 158.813964647322 159.131145871159 159.462623135618 159.806146033138 160.159309760144 160.51957402944 160.877753902071 161.205871061388 161.516760016428 161.813197254681 162.104903118722 162.389615110793 162.665088607386 162.929114728444 163.17953796894 163.414273427212 163.63132346732 163.828793657533 164.004907833758 164.15802214527 164.286637950372 164.389413441433 164.465173892101 164.512920433986 164.531837285825 164.521297374597 164.480866305295 164.410304653625 164.309568573729
156.905277639098 156.832274835401 156.779598481772 156.748562690772 156.740321044249 156.755852912176 156.795950728791 156.861208421548 156.952011183457 157.068526771171 157.210698499663 157.378240089588 157.570632505675 157.787122903782 158.026725781042 158.288226397935 158.570186513621 158.870952446843 159.18866544453 159.521274309419 159.86655020706 160.222103541904 160.585402762352 160.953794926148 161.324194244529 161.657507156107 161.971920719617 162.268529600031 162.558426898917 162.839348959653 163.109064186088 163.365390844713 163.606214492493 163.829504865447 164.033332067732 164.215881907558 164.375470234633 164.510556144052 164.61975392325 164.701843631921 164.755780219333 164.780701099107 164.775932118077 164.740991873066 164.675594347101 164.579649854486
