data/fuzzy_surface_modal.txt
ncols 401
nrows 401
xllcorner 0
yllcorner 0
cellsize 10
nodata_value -9999
[rows 20 to 39 of 401, columns 322 to 367 of 401]
152.580468695243 152.955326278039 153.307178594372 153.633617148119 153.93231848428 154.20107602876 154.437831728556 154.640707064182 154.808033009738 154.938378525385 155.030577181937 155.083751537623 155.09733491246 155.071090235792 155.005125676901 154.899906806738 154.756265080245 154.575402472793 154.358892150499 154.108675101825 153.827052706449 153.516675266177 153.180526571097 152.821904621632 152.444398673039 152.051862812703 151.648386321694 151.238261110151 150.825946550527 150.416032063317 150.013197836236 149.622174079576 149.247699237568 148.894477587672 148.567136666936 148.270184966622 148.007970333464 147.78463950806 147.604099218317 147.469979228645 147.385597724 147.353929382231 147.377576458765 147.458743174856 147.599213664857 147.800333699599
152.772723251544 153.122524357052 153.449029529216 153.749890613013 154.022845795712 154.265751476439 154.47661392589 154.653620304488 154.79516861109 154.899896143923 154.966706070675 154.99479172539 154.983658275593 154.93314143363 154.843422921051 154.715042433514 154.548905895592 154.346289839513 154.108841788564 153.838576574088 153.537868564073 153.209439830575 152.856344332107 152.481948234976 152.089906543769 151.684136255323 151.268786291882 150.848204507384 150.426902095474 150.009515758473 149.600768022864 149.205426108599 148.828259776488 148.473998589882 148.147289033817 147.852651936628 147.594440635838 147.37680032195 147.203628980762 147.07854033721 147.004829181687 146.985439433694 147.022935267773 147.11947559341 147.276792144306 147.496171393631
152.931187939691 153.256664735893 153.55862124517 153.834766176133 154.08289574715 154.300925597688 154.486922478327 154.639135284317 154.756025001518 154.836293143458 154.878908273788 154.883130229525 154.848531686659 154.775016740756 154.662836210466 154.512599411047 154.32528218743 154.102231041506 153.845163235545 153.556162802372 153.237672442446 152.892481337716 152.523708961404 152.134785011096 151.729425639097 151.311606198332 150.885530763753 150.455598727533 150.026368801117 149.602520787844 149.188815516188 148.790053345293 148.41103167131 148.056501874798 147.73112615616 147.439434707639 147.185783666851 146.974314288306 146.808913755958 146.69317804178 146.630377192875 146.623423403089 146.674842194716 146.786747002185 146.960817412854 147.198281280804
153.055126537917 153.357118147223 153.635433386325 153.887833957713 154.112170100205 154.306412555553 154.46868430107 154.597291609741 154.690754003544 154.747832675802 154.767556974392 154.749248559052 154.692542872726 154.597407598363 154.464157808386 154.293467553763 154.086377682515 153.844299723222 153.569015716781 153.262673928887 152.927780425712 152.567186545384 152.184072347561 151.781926171966 151.364520483577 150.935884226829 150.500271952903 150.062130022774 149.626060223405 149.196781165221 148.7790878552 148.377809861489 147.997768502068 147.643733501549 147.320379566636 147.032243331988 146.783681124391 146.578827984177 146.421558369073 146.315448947149 146.26374386266 146.26932283155 146.334672392601 146.461860606025 146.652515454152 146.907807159175
153.144030940355 153.423475817964 153.679158141528 153.908888378735 154.110566412554 154.28221357791 154.422004450545 154.528297946227 154.599667292908 154.634928448952 154.633166556837 154.593760043652 154.516402006806 154.40111855535 154.248283813637 154.058631334219 153.833261710387 153.573646224909 153.281626419786 152.959409521497 152.609559706666 152.234985243622 151.838921595394 151.424910618517 150.996776039216 150.558595433279 150.114668977927 149.669485282555 149.227684640055 148.794020071093 148.373316559837 147.970428901074 147.59019859505 147.237410237703 146.916747860101 146.632751671792 146.389775658569 146.191946475812 146.043124064397 145.946864397244 145.906384741251 145.924531791914 146.003753006727 146.14607142883 146.353064254844 146.625845360714
153.197621244128 153.455548816168 153.689698838541 153.897925993034 154.078175101868 154.228513250321 154.347161646608 154.432526773837 154.483230393691 154.498137972271 154.476385115286 154.417401622081 154.320932795602 154.187057677843 154.016203917187 153.809159014726 153.567077740675 153.291485558671 152.984277944455 152.647715535607 152.284415099851 151.897336360385 151.489764767102 151.0652903517 150.627782852081 150.181363336387 149.730372599104 149.279336640306 148.832929573941 148.395934341635 147.973201634532 147.569607446917 147.190009701556 146.83920439777 146.521881739052 146.242582697635 146.005656468803 145.815219258039 145.675114829491 145.588877224918 145.559696038529 145.590384605259 145.683351428404 145.840575137518 146.063583229547 146.353434805723
153.215843923573 153.453365556191 153.667166769853 153.855141626335 154.015274893564 154.145674270982 154.244602336102 154.310507763844 154.34205537538 154.338154584369 154.297985825667 154.221024574318 154.107062590769 153.956226061186 153.76899033913 153.546191036063 153.289031252703 152.999084790384 152.678295230833 152.328970823329 151.95377516949 151.555713747258 151.138116366332 150.704615696732 150.259122059764 149.805794715738 149.349009924976 148.893326097305 148.443446379989 148.004179064586 147.580396219053 147.176990972477 146.798833895741 146.450728932205 146.137369337977 145.863294091566 145.632845227703 145.450126540058 145.318964082493 145.242868878831 145.225002226881 145.268143954255 145.374663951424 145.546497272135 145.785123052961 146.091547463016
153.198868169035 153.41716754572 153.61187633992 153.780922918213 153.922326754633 154.034230776175 154.114933412386 154.162919897431 154.176892378515 154.155798396116 154.098857319096 154.005584341005 153.875811672499 153.709706598247 153.507786104637 153.2709278263 153.000377104542 152.697749998417 152.365032138882 152.004573367453 151.61907815249 151.211591827852 150.785482749661 150.344420516597 149.892350446837 149.433464550036 148.972169274899 148.513050351583 148.060835082846 147.620352468255 147.196491571415 146.79415856102 146.41823287216 146.073522944787 145.764722001388 145.496364325738 145.272782499244 145.098066040876 144.976021881242 144.910137081207 144.90354418093 144.958989536452 145.078804968638 145.264883013493 145.518656024252 145.841079334586
153.147080487213 153.347403477046 153.524338641619 153.675843380233 153.799966432201 153.894880360303 153.958913720202 153.990582461093 153.988620108665 153.952006293538 153.879993206339 153.772129584396 153.628281864074 153.448652166861 153.23379282567 152.984617200153 152.702406575338 152.388812986069 152.045857859867 151.675926422254 151.281757860611 150.866431294619 150.433347652579 149.98620760276 149.528985736814 149.065901247596 148.601385385948 148.140046019604 147.686629651986 147.245981288844 146.82300256619 146.422608573483 146.049683821426 145.709037813798 145.405360687569 145.143179384969 144.926814815401 144.760340454195 144.647542809301 144.59188416652 144.596467998869 144.664007396643 144.796796841971 144.996687615605 145.265067084742 145.602842079333
153.061077677474 153.244721781552 153.405253585519 153.540654098434 153.648995729574 153.728474927767 153.777444487622 153.79444506485 153.778235449073 153.727821155044 153.642480911731 153.521790652983 153.365644643141 153.174273405531 152.948258160686 152.688541524015 152.396434258628 152.073617927713 151.722143341394 151.344424744852 150.943229746869 150.52166504021 150.083158016742 149.631434430223 149.170492307697 148.704572355742 148.238125150075 147.775775435475 147.322283897505 146.882506797474 146.461353887355 146.063745041567 145.694566057618 145.358624087332 145.060603164768 144.80502029601 144.59618256981 144.438145736709 144.334674688024 144.289206245131 144.304814644108 144.384180071413 144.529560573161 144.742767624199 145.025145603972 145.377555384596
152.941658313568 153.109961780601 153.25550071884 153.376274220751 153.470372664026 153.536010524571 153.571558836478 153.57557683812 153.546842350176 153.484380444409 153.387489981009 153.255767617183 153.089128919788 152.887826249966 152.652463127195 152.384004823525 152.083784985319 151.753508128906 151.395247907583 151.011441099577 150.604877319314 150.178684506857 149.736310302068 149.281499460211 148.818267513815 148.350870930932 147.883774062091 147.421613206674 146.969158163696 146.531271661771 146.112867088008 145.718864955488 145.354148563675 145.023519315495 144.731652158771 144.483051618392 144.282008878934 144.132560365725 144.038448255672 144.003083327801 144.029510537775 144.120377670873 144.277907394499 144.503872994671 144.799578041457 145.165840186576
152.789812872684 152.944143577561 153.076128881676 153.183780379748 153.265200659447 153.318616305439 153.342410529684 153.335154964156 153.295640159303 153.222904345061 153.116260030774 152.975318045749 152.800008652894 152.590599403556 152.347709441706 152.072320009478 151.765780953122 151.429813077963 151.066506252424 150.67831321367 150.268039080501 149.838826631857 149.394137461184 148.937729167175 148.473628789543 148.006102743779 147.539623550948 147.078833696812 146.628506988651 146.193507807706 145.778748679773 145.389146606112 145.029578611115 144.704836972158 144.419584600644 144.178311041449 143.985289550954 143.844535701654 143.759767944294 143.734370536708 143.771359222501 143.873350012599 144.042531389003 144.2806402132 144.588941581984 144.968212831565
152.606712663532 152.748456844612 152.868344856021 152.964395208012 153.034716932985 153.077542797312 153.091262117948 153.074452717123 153.025911556047 152.944683602541 152.830088507629 152.681744692032 152.499590474808 152.283901912586 152.035307058438 151.754796393798 151.443729234369 151.103835960968 150.737215978053 150.346331355603 149.933996163291 149.503361558887 149.057896744845 148.60136595739 148.137801700539 147.671474482775 147.206859356041 146.748599594784 146.301467886647 145.870325435613 145.460079402766 145.075639129018 144.721871598079 144.403556606519 144.125342110875 143.89170021959 143.706884290056 143.57488757847 143.499403872718 143.483790516419 143.531034205827 143.643719910883 143.824003237794 144.073586513325 144.393698831225 144.785080259093
152.393697712229 152.52424866407 152.633501168263 152.719475107803 152.780280238111 152.814149622398 152.819472649718 152.794827166225 152.739010258256 152.651067240427 152.530318422564 152.376383255807 152.189201490064 151.96905101178 151.716562072114 151.432727660499 151.118909826556 150.776841803779 150.408625840588 150.016726697565 149.603960823235 149.173481273932 148.728758495417 148.273557134329 147.811909095652 147.348083107572 146.886551096895 146.431951716028 145.989051396164 145.562703330164 145.157804812643 144.779253383562 144.431902235152 144.12051535009 143.84972284158 143.623976963297 143.447509249287 143.324289230873 143.25798515978 143.251927144201 143.309073077794 143.431977710925 143.62276517925 143.883105267443 144.214193645888 144.616736275979
152.152263768967 152.27301058731 152.37308320823 152.450497437953 152.503358126957 152.529892843423 152.52848510674 152.497706708888 152.436348660144 152.34345031069 152.218326220908 152.060590380234 151.870177406856 151.647360397911 151.392765141479 151.107380447052 150.792564399655 150.450046393609 150.081924854483 149.690660611298 149.27906593481 148.850289311045 148.407796071456 147.955345051528 147.496961497676 147.036906487367 146.579643168997 146.129800165654 145.692132520212 145.271480587727 144.872727304736 144.500754283427 144.160397191737 143.856400888101 143.593374781812 143.375748886867 143.207731028811 143.093265650692 143.035994645961 143.039220623378 143.105872981884 143.238477142487 143.439127249794 143.709462618342 144.050648158792 144.463358976858
151.884048600036 151.99636507495 152.088695827529 152.159047279749 152.205513892574 152.226312090557 152.219813723431 152.184578589896 152.119385558048 152.023261832528 151.895509940323 151.735732034767 151.543851150341 151.32012907874 151.065180578895 150.779983679492 150.46588588148 150.124606119269 149.758232392207 149.369215031729 148.960355623488 148.534791657318 148.095977030069 147.647658576832 147.193848853981 146.738795442412 146.286947080693 145.842916975223 145.411443667419 144.997349866159 144.605499676871 144.240754676649 143.907929297357 143.611745985915 143.356790612737 143.147468595725 142.987962198459 142.882189447385 142.833765094187 142.845964026367 142.921687501723 143.06343255124 143.273264860292 143.552795400485 143.903161044282 144.325009352341
151.590817728633 151.696051479995 151.782049576982 151.846803939651 151.888393346935 151.905017623749 151.895031341646 151.856976555796 151.78961411082 151.691953064278 151.563277798996 151.403172423689 151.211542094902 150.988630931776 150.735036237836 150.451718790378 150.140009007385 149.801608853497 149.438589399765 149.053384005933 148.648777148148 148.227888968541 147.794155675421 147.351305973196 146.903333748946 146.454467287309 146.009135326473 145.571930305068 145.147569182382 144.740852242079 144.356620312371 143.999710853081 143.674913372184 143.386924641151 143.140304179714 142.939430476673 142.788458404155 142.691278268491 142.651476921898 142.672301335692 142.756625008125 142.906917548579 143.125217745069 143.413110384326 143.771707053542 144.20163111066
151.274449784332 151.373911731118 151.454946737611 151.515527340448 151.553711583351 151.567677476105 151.555756943396 151.516468783996 151.448550171089 151.350986241395 151.223037343748 151.064263546635 150.874546038353 150.654105092465 150.403514314452 150.123710932308 149.816001943562 149.482065983192 149.123950830381 148.744066526265 148.345174129158 147.930370187319 147.503067061622 147.066969280778 146.626046159404 146.184500953759 145.746736870789 145.317320282809 144.900941532364 144.502373739166 144.126430043285 143.777919735816 143.461603739884 143.182149911094 142.944088627381 142.751769133712 142.609317097498 142.520593815893 142.48915749687 142.518227012163 142.610648492316 142.768865102505 142.994890302935 143.290284859828 143.656137832865 144.093051722778
150.93692161521 151.031875866566 151.109267291999 151.167044443962 151.203239862602 151.216004813757 151.203643492998 151.164646214047 151.097721110837 151.001823899889 150.876185273329 150.720335522287 150.534126025157 150.31774727474 150.071743162042 149.797021281753 149.494859074608 149.166905674121 148.8151793789 148.442060726196 148.050281196707 147.642907634335 147.223322516815 146.79520026327 146.362479812275 145.929333748202 145.50013429416 145.079416526162 144.67183919491 144.282143568545 143.915110731451 143.575517790798 143.26809345362 142.99747344298 142.768156222142 142.584459490706 142.450477906631 142.370042473033 142.346682008991 142.383587099529 142.483576891876 142.649069073361 142.882053331347 143.184068557801 143.556184020982 143.998984684681
150.58029330869 150.671947560426 150.746954973328 150.80323583804 150.838792750887 150.851745635611 150.84036620731 150.803111394946 150.738655250305 150.645918889364 150.524098036206 150.372687769677 150.191504108268 149.980702108771 149.740790198495 149.472640508525 149.177495026026 148.856967436203 148.513040578475 148.148059495999 147.764720112154 147.366053621231 146.955406732734 146.536417958684 146.112990180591 145.689259776676 145.269562630105 144.858397374918 144.460386267644 144.080234099061 143.722685581834 143.392481665796 143.094315243289 142.832786712196 142.612359864166 142.437318560176 142.311724645042 142.239377537135 142.223775909572 142.268081854813 142.375087896345 142.547187179262 142.786347136518 143.094086889877 143.471458604486 143.919032974143
