data/fuzzy_surface_max.txt
ncols 401
nrows 401
xllcorner 0
yllcorner 0
cellsize 10
nodata_value -9999
[rows 120 to 139 of 401, columns 92 to 137 of 401]
144.890797287279 143.741542366722 142.641159049651 141.585113401895 140.576620028198 139.618656531066 138.720906485122 137.898946640464 137.133351332625 136.426202003385 135.779332396808 135.194324831051 134.672507669814 134.214953915126 133.822480839861 133.495650576967 133.234771582711 133.041918147178 132.917039172432 132.857513211303 132.862680233157 132.931635725271 133.063235614669 133.256101812351 133.508628348548 133.818988073768 134.185139906473 134.604836614151 135.075633120145 135.594895333647 136.15980950472 136.767392109829 137.414500276101 138.097842754279 138.813991450981 139.559393530416 140.330384094045 141.123199443891 141.933990931217 142.758839387204 143.593770126142 144.434768504528 145.277796011507 146.11880685741 146.953765017857 147.778661681184
144.584185081017 143.461036193404 142.379051999635 141.341626353403 140.351924325604 139.412873169727 138.548844557889 137.744521329282 136.996520987054 136.306884770913 135.677407320438 135.10963324441 134.604854878249 134.164111147694 133.788187453723 133.477616492597 133.232679925498 133.056553564761 132.946562798291 132.901565673389 132.920887977007 133.003613933948 133.148591155054 133.354436178799 133.619540575068 133.942077586349 134.320009288028 134.751094255668 135.232895733077 135.762790300306 136.337977045378 136.955487247445 137.612194581951 138.304825860318 139.029972317401 139.784101459627 140.563569485091 141.364634284122 142.183469024828 143.016176323015 143.858802989608 144.707355341563 145.557815054077 146.406155523111 147.248358697757 148.080432332055
144.270817686247 143.166949049886 142.104476017179 141.086738908215 140.116848414843 139.209830368675 138.369878762687 137.583912677514 136.85417138272 136.182653412584 135.571112181682 135.021052855024 134.533730392237 134.110148680417 133.751060667442 133.4569694066 133.229231966902 133.069112666858 132.97401059034 132.943481442428 132.976838222853 133.073155584213 133.231274791182 133.449809243137 133.727150529291 134.061474992176 134.450750782117 134.892745391841 135.3850336666 135.925006290759 136.509878756738 137.136700826284 137.802366497112 138.503624490054 139.237089272695 139.999252635189 140.786495832423 141.595102303857 142.421270978426 143.26113016662 144.110752035638 144.966167656093 145.823382600575 146.678393065314 147.527202476563 148.36583853319
143.945566030526 142.862056630311 141.820134499001 140.823081303126 139.879423316067 139.007139726361 138.186306784715 137.419350888225 136.708464626243 136.055601394298 135.462471326929 134.930538472071 134.46101912288 134.054881218281 133.712844720861 133.4355338523 133.225936526562 133.081105276011 133.000823963692 132.984633457609 133.031835401888 133.141496601989 133.312453979879 133.543320061677 133.832488967282 134.178142878575 134.578258969927 135.030616791552 135.532806102743 136.082235157912 136.676139453464 137.31159094788 137.985507770604 138.694664437543 139.435702591979 140.205142289449 140.999393843654 141.814770247658 142.647500180603 143.493741604917 144.349595952587 145.211122891611 146.074355655369 146.935316908453 147.790035112677 148.634561346645
143.611503594233 142.549356662081 141.528948427564 140.55524809077 139.654095754103 138.801680443524 138.000603390646 137.253240022297 136.561733530279 135.927989820558 135.353673769457 134.840206705802 134.38876503146 134.000279888253 133.675792169704 133.417674995005 133.223802628272 133.09418395651 133.028585428335 133.026534237803 133.08732214096 133.21000985446 133.393431991998 133.636202501304 133.936720571752 134.293176990069 134.70356092908 135.165667161547 135.677103697934 136.235299853043 136.837514751858 137.480846289416 138.162240562941 138.878501796827 139.626302782129 140.402195852041 141.202624413395 142.023935051383 142.86239022066 143.714181530646 144.575443626359 145.442268658522 146.31072132816 147.17685448156 148.036725221397 148.886411489365
143.271906029257 142.232045293645 141.235067921963 140.308644937106 139.428087162502 138.596157048883 137.815400321089 137.088138468272 136.416462668376 135.802229081269 135.247055434374 134.752318816175 134.319154586635 133.950215623564 133.644834747731 133.402914150073 133.224683251021 133.110130426088 133.059005599016 133.070823491868 133.144867474974 133.280193965719 133.475637331926 133.729815262916 134.041134578982 134.407797457806 134.827808064042 135.298979575799 135.81894160872 136.38514804477 136.994885278432 137.645280897692 138.33331282076 139.055818911958 139.809507101358 140.590966032655 141.39667626229 142.22302203006 143.066303617308 143.92275030342 144.788533924714 145.659783032169 146.532597635686 147.403064513091 148.267273051856 149.121331580772
142.930224712439 141.916815370368 140.968821219166 140.063684390939 139.204313708298 138.393411410106 137.63346453537 136.926737788818 136.27526783121 135.680858924966 135.145385729533 134.671732567801 134.258892043335 133.907788848896 133.619107190795 133.393291206289 133.230546205783 133.130840669102 133.093908928239 133.119254473411 133.206153824784 133.353660918598 133.560611963591 133.825630731288 134.147134251687 134.523338894011 134.952266820228 135.431752806768 135.959451437177 136.532844675048 137.149249832397 137.805827953493 138.499592637909 139.227419329105 139.986055096133 140.772128936001 141.582162622756 142.412582126583 143.259729622013 144.119876098863 144.989234582865 145.863973965063 146.740233430244 147.614137464965 148.48181141531 149.3393975536
142.598620047114 141.632821129183 140.706759002735 139.823472895224 138.985806629101 138.196398882691 137.45767497105 136.771951559618 136.143613766117 135.571452211913 135.057058777164 134.601792656075 134.206778128178 133.872903345951 133.600820064862 133.390944240897 133.243457421252 133.158308855951 133.135218261686 133.173679173918 133.27296282913 133.432122525896 133.649998420899 133.925222724078 134.256225265358 134.641239413913 135.078308339188 135.565291611002 136.099872143533 136.679563494905 137.301717540062 137.963532539683 138.662061631746 139.394221775052 140.156803175335 140.946479224597 141.759816982847 142.59328822861 143.44328110035 144.306112345398 145.178040186157 146.055277805424 146.934007443627 147.810395090937 148.680605746589 149.54099186365
142.299027245883 141.355750020713 140.452153531629 139.591207225651 138.775686451546 138.011577785521 137.297401418215 136.635153819325 136.026825645811 135.474185754887 134.978777046343 134.541913437003 134.164677897757 133.847921479435 133.592263251367 133.398091075712 133.265563141551 133.194610185184 133.184938326875 133.236032459435 133.347160130191 133.517375865051 133.745525891159 134.030253223047 134.370003085793 134.763028657497 135.207397121985 135.700996030986 136.241539982812 136.826577631675 137.453499047957 138.119543454981 138.821807371835 139.557253194581 140.322718249603 141.114924352854 141.930487907364 142.765930568484 143.617690502087 144.482134255314 145.35556925251 146.234256920938 147.114426441664 147.992289110974 148.864053286895 149.729285198662
142.009267951961 141.089012762573 140.211402569998 139.377505790997 138.588049247032 137.845586195524 137.152470284646 136.510848024534 135.922652541504 135.389598565529 134.913178592001 134.4946601513 134.135084113934 133.835263955106 133.595785900351 133.417009873476 133.299071169212 133.241882775775 133.245138276681 133.308315266631 133.430679222833 133.611287780583 133.848995370134 134.142458180548 134.490139425253 134.890314893047 135.341078777263 135.840349784369 136.38587753133 136.975249248369 137.605896810163 138.27510412387 138.980014906557 139.71764088743 140.484870471802 141.278477903739 142.095132962947 142.931411228536 143.783804937991 144.648734463959 145.522560424411 146.401596433527 147.282122491322 148.160398999818 149.032681382568 149.901449860534
141.739300316281 140.84761512297 139.994551005527 139.182960223601 138.415516256953 137.694704017806 137.022811400961 136.401922141818 135.833909940142 135.320433796648 134.862934500391 134.462632197642 134.120524967434 133.83738832522 133.61377557425 133.450018924058 133.346231297052 133.3023087472 133.317933419425 133.392576984026 133.525504487431 133.715778568342 133.962263996931 134.263632503694 134.618367873985 135.024771293527 135.480966939488 135.984907820538 136.534381877572 137.127018364337 137.760294533768 138.431542661378 139.137957441284 139.876603793463 140.644425122358 141.438252067003 142.254811781474 143.090737781495 143.942580388675 144.806817798012 145.679867787192 146.558100077791 147.437849349072 148.315428894631 149.187144900965 150.058046913281
141.494179714982 140.625505915764 139.795260084387 139.006219160267 138.260983306554 137.561966549531 136.911388743251 136.311268826167 135.763419324272 135.269442044624 134.83072489428 134.448439752502 134.123541318856 133.856766856375 133.648636747348 133.499455779462 133.409315081879 133.378094634231 133.405466276423 133.490897153258 133.633653535168 133.832804964515 134.08722868579 134.395614327415 134.756468812484 135.168121485455 135.628729451322 136.136283132879 136.688612060252 137.283390914565 137.918145854401 138.590261159381 139.296986229561 140.035442982428 140.802633690849 141.59544930545 142.410678303448 143.245016103037 144.095075077943 144.957395200867 145.828455337294 146.704685202623 147.582477985934 148.458203633173 149.329731882043 150.199767582131
141.269353498499 140.423955285777 139.616748607742 138.850432283735 138.127530575499 137.450384268551 136.821143064442 136.241759247206 135.713982575175 135.23935633891 134.819214517256 134.454679956662 134.14666349387 133.89586393891 133.702768834044 133.567655904763 133.490595121127 133.471451291509 133.50988711602 133.605366633408 133.757159002832 133.964342570436 134.225809179867 134.540268695602 134.906253717846 135.322124477813 135.786073911922 136.296132922842 136.850175844064 137.4459261326 138.080962321364 138.752724268602 139.458519746218 140.195531412013 140.960824212477 141.751353262906 142.563972250175 143.395442400503 144.242442050024 145.10157684998 145.969390630991 146.842376942186 147.716991271235 148.589663940518 149.459882555815 150.327429720156
141.068115980838 140.246191235416 139.462177608268 138.718693209633 138.018184016497 137.362915410095 136.754965008157 136.196216751747 135.688356194546 135.23286693217 134.831028100592 134.483912866094 134.192387824403 133.957113223793 133.778543925931 133.65693101904 133.592324000484 133.584573449974 133.633334120192 133.738068378478 133.898049941208 134.112367851344 134.379930659221 134.699470776652 135.069548984685 135.488559085635 135.954732700072 136.466144219029 137.020715930716 137.61622334911 138.250300778936 138.920447157473 139.62403221824 140.358303024844 141.120390924937 141.907318974385 142.716009880302 143.543294508554 144.385920996756 145.240564507684 146.103837650568 146.9723015889 147.8424778435 148.710860788626 149.578117105173 150.441973385742
140.893671019889 140.095353192684 139.334621569938 138.614011179627 137.935887536735 137.302438650152 136.715668306519 136.177390587356 135.689225564007 135.252596104853 134.868725720946 134.538637369825 134.263153132768 134.042894678173 133.878284423058 133.769547305811 133.716713086171 133.719619092909 133.77791334558 133.891057983966 134.058332947134 134.278839853271 134.551506041328 134.875088745895 135.248179387261 135.6692079692 136.136447587343 136.648019060829 137.201895709166 137.79590830449 138.427750236754 139.094982935371 139.795041595627 140.52524126141 141.282783317558 142.064762445277 142.868174092605 143.689922508825 144.52682938707 145.375643153168 146.233048931202 147.095679207297 147.960125203096 148.822948959269 149.685528872757 150.544455554251
140.749102816449 139.974463224264 139.237040072172 138.539283152424 137.883475550243 137.271726132511 136.705963294004 136.187929913981 135.719179464372 135.301073200865 134.934778360183 134.621267280661 134.361317359082 134.155511754384 134.004240748559 133.907703676491 133.865911339682 133.878688823682 133.945678645279 134.066344163106 134.239973194015 134.465681787082 134.742418117399 135.068966472443 135.443951314689 135.865841414987 136.332954061812 136.843459361558 137.395384654494 137.986619079457 138.614918327824 139.277909633459 139.97309705019 140.69786707168 141.449494650358 142.225149672213 143.021903942775 143.836738736495 144.666552956972 145.508171949252 146.35835699764 147.213815533483 148.071212067073 148.927179846594 149.783316911438 150.636043993635
140.637347446978 139.886397952779 139.172250108068 138.497266538157 137.863646142427 137.273417076236 136.728430969472 136.230358331038 135.780685077185 135.380710111908 135.031543879827 134.734107806108 134.489134534071 134.297168869173 134.158569338008 134.0735102728 134.041984335418 134.063805400097 134.138611720739 134.265869316576 134.444875519002 134.674762632297 134.954501671535 135.28290615194 135.658635915126 136.080200988791 136.545965487248 137.054151570538 137.602843489423 138.189991752287 138.813417457508 139.470816841211 140.159766095194 140.877726513237 141.622050025826 142.389985183455 143.178683647193 143.985207242014 144.8065356236 145.639574602935 146.481165165216 147.328093210376 148.177100032148 149.024893541164 149.872778626724 150.718010339789
140.561165383384 139.833861428129 139.142899322943 138.490552818616 137.878935085265 137.309992197936 136.785497836503 136.307049145682 135.876063689735 135.493777427008 135.161243621912 134.879332606382 134.648732299215 134.469949390091 134.343311095352 134.268967394805 134.246893662694 134.276893611564 134.358602474713 134.491490361244 134.674865727081 134.907878915583 135.189525732253 135.518651029367 135.893952287759 136.313983194463 136.777157225907 137.281751256993 137.825909226121 138.407645895123 139.024850750748 139.675292100796 140.35662142298 141.066378028059 141.801994100645 142.560800181203 143.340031151311 144.136832780938 144.948268891711 145.771329183621 146.602937764706 147.439962413923 148.279224596862 149.117510242411 149.955301686151 150.791722413012
140.523115246628 139.81935919662 139.151440413731 138.521542290452 137.931690936731 137.383749178686 136.879411747986 136.420201604188 136.007467321311 135.642381460749 135.325939845339 135.058961644158 134.842090174263 134.675794324363 134.560370505997 134.495945040327 134.482476892953 134.519760674999 134.607429836139 134.744959983852 134.931672272903 135.166736819661 135.449176107038 135.777868357464 136.151550863038 136.568823273653 137.028150855237 137.527867740982 138.066180208466 138.64117002454 139.25079790776 139.892907164622 140.565227560986 141.265379493563 141.990878528216 142.73914037199 143.507486344228 144.293149408887 145.093280825181 145.904957467182 146.725189854909 147.550930930021 148.37908559852 149.206521051145 150.032355246136 150.858635822063
140.525529032063 139.845173803239 139.200106921764 138.592420160938 138.024051450876 137.496779398717 137.012218974648 136.571818302519 136.176856483047 135.82844236868 135.527514202235 135.274840026406 135.071018768298 134.916481902169 134.811495594552 134.756163238804 134.750428290755 134.794077323403 134.886743226298 135.027908484279 135.216908480276 135.452934777804 135.735038350305 136.062132736378 136.432997111972 136.846279282541 137.300498609683 137.794048897795 138.325201276437 138.892107123264 139.492801080368 140.125204223532 140.787127449027 141.476275146165 142.190249225704 142.926553574373 143.682599004208 144.455708762054 145.243124659621 146.042013877788 146.849476490728 147.662553745844 148.478237124667 149.293478197991 150.10548055133 150.920284906902
