data/fuzzy_surface_max.txt
ncols 401
nrows 401
xllcorner 0
yllcorner 0
cellsize 10
nodata_value -9999
[rows 160 to 179 of 401, columns 92 to 137 of 401]
150.831165172199 150.570119848531 150.352609274009 150.169003489051 150.0031788554 149.854542497065 149.722435314892 149.606148076448 149.504937767037 149.41804392976 149.344704725533 149.284172451073 149.235728264001 149.198695879079 149.172454018003 149.156447416788 149.150196219197 149.153303611598 149.165461583508 149.186454728607 149.216162032587 149.254556626432 149.301703516081 149.357755331471 149.422946169176 149.49758363284 149.582039203849 149.676737100891 149.78214181076 149.898744493659 150.027048484075 150.178991245679 150.379038117942 150.60472944916 150.842647982698 151.092419773965 151.353616460596 151.625750314559 151.908269879794 152.200556298733 152.501920421629 152.811600781673 153.128762506577 153.452497223864 153.781824002628 154.11569135938
151.700616507961 151.496147075652 151.310048957716 151.14112422785 150.988782381734 150.852355739465 150.731115415062 150.624287774553 150.531071111501 150.450652268058 150.382222933143 150.32499535683 150.27821723155 150.241185505854 150.213258915169 150.19386903573 150.182529692425 150.178844578278 150.182512972156 150.19333347177 150.2112056905 150.236129898684 150.268204622155 150.307622242677 150.3546626759 150.409685232169 150.473118793579 150.54545046657 150.627212892823 150.718970421948 150.821304367012 150.934797578312 151.095409734516 151.294886319387 151.506996072697 151.730370963843 151.964674177772 152.20951154966 152.464426836626 152.728897673167 153.002332305234 153.284067186984 153.573365511899 153.869416736558 154.171337140919 154.478171453791
152.634491005682 152.447208515582 152.276592559529 152.122064446796 151.982957080354 151.858530602321 151.747988752431 151.650495672671 151.565192886852 151.491216183646 151.427712135564 151.373853994262 151.328856714416 151.291990873854 151.262595276515 151.240088046716 151.223976047895 151.213862485932 151.209452586086 151.210557262893 151.217094733769 151.229090058935 151.246672622279 151.270071599342 151.299609489335 151.335693817583 151.378807142488 151.429495526803 151.488355656191 151.5560208085 151.633145894586 151.720391805625 151.833245910024 152.00423169079 152.191192629444 152.388820588655 152.596866880868 152.815027546604 153.042938281584 153.280170041889 153.526225422958 153.78053589732 154.042459983643 154.3112824063 154.586214290224 154.866394420753
153.573875384091 153.402750414777 153.247323062476 153.106937107477 152.980851726352 152.868257544378 152.768293360004 152.680063274122 152.602653953039 152.535151754364 152.476659449355 152.426312283644 152.383293130394 152.346846505691 152.316291235036 152.29103158188 152.270566673845 152.254498089289 152.242535495685 152.234500261527 152.230326994687 152.230062991845 152.23386561533 152.241997645058 152.25482068366 152.272786722069 152.296428000276 152.3263453233 152.363195015371 152.407674715493 152.46050823471 152.522429709338 152.594167294896 152.731292358773 152.893893668636 153.066553904292 153.249108803749 153.441340971075 153.642974481099 153.853670156001 154.073021610295 154.30055214981 154.535712598007 154.777880109571 155.026358016888 155.280376739937
154.513049978664 154.357770337059 154.217261093309 154.0907916002 153.977550214547 153.876660732499 153.787199456819 153.708212628697 153.638733953406 153.577801949843 153.52447685884 153.477856853852 153.437093310087 153.401404904162 153.370090335598 153.342539483669 153.318242837867 153.296799067247 153.277920622628 153.261437295771 153.247297690643 153.235568593348 153.226432258791 153.220181663131 153.217213801236 153.218021137152 153.22318134272 153.233345484532 153.249224841992 153.271576559183 153.301188350131 153.338862490772 153.385399341226 153.474452847518 153.61360931062 153.762206729875 153.920161298917 154.087338273324 154.263546275858 154.448532266962 154.641977277617 154.843492990686 155.052619244686 155.268822520538 155.49149545759 155.719957430138
155.446974397431 155.307243958057 155.181403919275 155.068652351842 154.96810973067 154.878835728733 154.79984660382 154.730132910766 154.668677269039 154.614471916804 154.56653578787 154.523930857 154.485777511849 154.451268726044 154.419682827309 154.390394676853 154.362885101 154.336748442999 154.31169813159 154.287570192834 154.264324662543 154.242044887848 154.220934737592 154.201313771978 154.18361045164 154.168353494823 154.15616151807 154.147731120546 154.143823594407 154.14525046318 154.152858066822 154.167511425536 154.190077624582 154.231962880834 154.348710264047 154.474270949955 154.608637365875 154.75175325226 154.903507692068 155.063729798378 155.232184157714 155.408567115632 155.592503978913 155.783547195416 155.981175558382 156.184794467038
156.370627578833 156.246164674966 156.134764748757 156.035557768671 155.947599287832 155.869887572137 155.801381283138 155.741017448576 155.68772945124 155.640464768548 155.598202200957 155.559968336743 155.524853013775 155.492023555379 155.460737576922 155.430354182153 155.400343393086 155.370293684128 155.339917519656 155.309054823997 155.277674343375 155.245872890262 155.213872491472 155.182015491663 155.150757693341 155.120659642553 155.092376195831 155.06664452831 155.044270764813 155.026115435043 155.013077970305 155.006080472439 155.006050995556 155.013906587689 155.097435178602 155.201100900233 155.313007076669 155.433171529493 155.561559474588 155.69807795065 155.842570996237 155.99481566212 156.154518933585 156.32131562404 156.494767287106 156.674362179509
157.279047539052 157.169583127616 157.072411977103 156.986599157978 156.911138275123 156.844968905773 156.786994555239 156.736100863769 156.691173796189 156.651117548203 156.614871909327 156.581428832223 156.549847971604 156.519270972472 156.488934307243 156.458180483639 156.426467470116 156.393376212296 156.358616142319 156.322028612552 156.283588215405 156.243401981642 156.201706480081 156.158862871556 156.115349999043 156.071755623578 156.028765941523 155.987153542739 155.947763990742 155.911501224855 155.879312000435 155.852169596167 155.83105702716 155.816950008905 155.857898814155 155.940920592778 156.031603863067 156.130035906229 156.236253523081 156.350237227773 156.471906182321 156.601113958849 156.737645204261 156.881213268908 157.031458846648 157.187949658945
158.167370635915 158.072646271207 157.989508019506 157.916959272424 157.853934664857 157.799317798475 157.751959447177 157.710695978513 157.674367723881 157.641837033033 157.612005754888 157.58383189685 157.556345228392 157.528661611598 157.49999586112 157.469672958504 157.437137470597 157.401961048437 157.36384791124 157.322638249425 157.27830951068 157.230975563316 157.180883761375 157.128409965487 157.074051602142 157.018418871288 156.962224237751 156.906270365482 156.851436674848 156.798664721693 156.748942612669 156.703288683963 156.662734680057 156.628308675301 156.628100969313 156.691831732268 156.762631625438 156.840652571449 156.925998207957 157.018717871237 157.118801312418 157.226174233183 157.340694715616 157.462150607765 157.590257912446 157.724660212089
159.030869993738 158.950635645555 158.881347376834 158.821950124586 158.771322528055 158.728294913696 158.691667727514 158.660230149598 158.632778625 158.608135048287 158.585164345997 158.562791211678 158.540015762128 158.515927900438 158.489720191408 158.460699077403 158.428294287398 158.392066318591 158.351711897957 158.30706736021 158.258109908403 158.204956753308 158.147862157535 158.08721243949 158.023519020501 157.957409625239 157.889617770734 157.820970702346 157.752375955853 157.684806742968 157.619286373006 157.556871935773 157.498637479989 157.445656927547 157.40593610844 157.451822470871 157.504172619342 157.563198125786 157.62906453875 157.701885181814 157.781715676059 157.868549273161 157.962313073608 158.06286519148 158.169992913248 158.283411883457
159.86499274196 159.799004493733 159.743393587835 159.697049726274 159.65879851447 159.627419683977 159.601665729239 159.580280694186 159.562018844342 159.545662963724 159.53004202311 159.514047977027 159.496651460962 159.476916177514 159.454011780206 159.427225086215 159.395969473921 159.35979234764 159.318380579718 159.271563869019 159.219315984244 159.161753890129 159.099134783918 159.0318510983 158.960423554694 158.885492377201 158.807806802167 158.728213041 158.647640874176 158.567089072217 158.487609854393 158.41029260798 158.336247099887 158.266586418231 158.202409883988 158.218776845813 158.254196072206 158.295727381626 158.343593153566 158.397965705855 158.458961648092 158.526637036331 158.600983403173 158.681924724418 158.769315369536 158.862939068729
160.665395732198 160.613413394286 160.571314732079 160.537937417661 160.512056963404 160.492405159114 160.477688891177 160.466609080671 160.457879477765 160.450245053781 160.442499739961 160.433503273091 160.422196922486 160.407617890234 160.388912196686 160.365345885699 160.336314408738 160.301350073237 160.260127468245 160.212466808955 160.158335170779 160.097845612888 160.031254220073 159.958955120091 159.881473560955 159.799457158534 159.713665449026 159.624957903061 159.534280578092 159.442651603117 159.351145704421 159.260877992732 159.172987240939 159.088618887027 159.008907999312 158.99048484065 159.010567479085 159.036181896429 159.067602094489 159.105054258768 159.148710967701 159.19868619327 159.255031166671 159.317731169745 159.386703299101 159.461795235456
161.427979413308 161.389764085823 161.361017162103 161.340527464967 161.327023324946 161.319191209046 161.315694700834 161.315193570091 161.316362671158 161.317910413563 161.318596556553 161.31724909058 161.312779983345 161.304199585571 161.290629511812 161.271313834132 161.245628451006 161.213088519928 161.173353869612 161.126232335978 161.071680994808 161.00980529286 160.940856107708 160.865224794452 160.783436304241 160.696140484991 160.604101698371 160.508186908865 160.409352420161 160.30862945107 160.207108757436 160.10592451788 160.006237709662 159.909219206237 159.82237896907 159.770424985879 159.771058523572 159.782399192973 159.798995330204 159.821121754418 159.849001880339 159.882802589172 159.922629953628 159.968525877187 160.02046569406 160.078356761968
162.148919562036 162.124231180314 162.108677160472 162.101000622294 162.09988558759 162.103975778389 162.111893737146 162.122260008643 162.133712124608 162.144923136962 162.15461945402 162.161597745648 162.1647406982 162.163031417715 162.155566300068 162.141566209318 162.120385829838 162.091521083877 162.054614533306 162.009458712319 161.955997366248 161.894324600101 161.824681968496 161.747453566084 161.663159203854 161.572445781646 161.476076990398 161.374921498919 161.269939798917 161.162169898555 161.052712068644 160.942712856635 160.83334859168 160.72580860911 160.646742646128 160.580670516689 160.539729975706 160.532122617135 160.535571983658 160.5440238054 160.557747114547 160.576956602378 160.601808227396 160.63239572551 160.668748068111 160.710827899628
162.824696587551 162.813291481907 162.810770237515 162.815833372865 162.827123427566 162.843243908502 162.86277853009 162.884310489877 162.906441522498 162.927810480338 162.947111197978 162.963109409495 162.974658502683 162.980713912059 162.980345972815 162.972751080327 162.957261024176 162.93335039142 162.900641960816 162.85891003734 162.808081704414 162.748235999273 162.679601044562 162.602549196138 162.517590292905 162.425363118912 162.326625210643 162.22224116318 162.113169607408 162.000449046479 161.885182753237 161.768522940917 161.651654427289 161.551581717978 161.466244825199 161.388162783289 161.336055740931 161.28806220862 161.275036219318 161.271510055363 161.272742661409 161.278991374107 161.290457009401 161.307280266644 161.329539067039 161.357246857389
163.452122151516 163.453750651078 163.464097808247 163.481824587329 163.505534817158 163.533794264533 163.565149975289 163.598149625871 163.631360630521 163.663388754929 163.692895996256 163.718617501717 163.739377313098 163.754102742492 163.761837204897 163.761751355726 163.753152405528 163.735491509809 163.708369158575 163.671538517545 163.624906700683 163.568533981324 163.502630976335 163.427553864214 163.343797723321 163.251988100342 163.152870941303 163.047301037629 162.936229157796 162.820688050695 162.701777519865 162.58064877803 162.465005271539 162.371027051135 162.278240992074 162.190297628635 162.129095586593 162.071278795857 162.018210268252 162.001234200938 161.991677320262 161.986631878966 161.986338476432 161.990979852694 162.00067812941 162.015493001141
164.028362870977 164.042766979339 164.065811012063 164.096119361592 164.132259853812 164.172762929004 164.216141065399 164.260908189915 164.305598823349 164.348786713433 164.389102718578 164.425251717602 164.456028336196 164.480331298851 164.497176235395 164.505706793642 164.505203933807 164.495093305754 164.47495063659 164.444505083189 164.403640531522 164.352394851886 164.290957145855 164.219663046721 164.138988160006 164.049539753993 163.952046831906 163.847348737071 163.736382459906 163.620168830706 163.499797794789 163.376412976464 163.276486720018 163.178086835689 163.080066314823 162.984435004261 162.916231273662 162.850673965854 162.788426400166 162.733274311116 162.712142970062 162.697494801078 162.687095441152 162.681164721293 162.67986417804 162.683295153477
164.55096089903 164.577872067214 164.613431466088 164.656229823582 164.704801598404 164.757644249743 164.813237725962 164.870063918666 164.926625831624 164.981466220577 165.03318546965 165.080458482888 165.122050384984 165.156830843433 165.183786844731 165.202033779628 165.210824716405 165.209557766419 165.197781472375 165.175198176461 165.141665352514 165.097194913081 165.041950528597 164.976243021299 164.900523920827 164.815377291302 164.721509960814 164.619740303451 164.510985740989 164.396249146042 164.276604340579 164.169924623722 164.070696512656 163.970083730894 163.869048966833 163.768550235014 163.69480687079 163.623600444878 163.554973912547 163.489565271125 163.434488145119 163.409099175852 163.390261680595 163.37538500869 163.364665316245 163.358240972379
165.017851207673 165.05698822748 165.10486877212 165.160052727231 165.221043739661 165.28630855821 165.354296571204 165.423459289096 165.492269523878 165.559240023914 165.622941332904 165.682018654653 165.735207521097 165.781348079292 165.819397833476 165.848442700678 165.867706262187 165.876557118303 165.874514279691 165.861250555143 165.836593922075 165.800526892494 165.753183912986 165.694846862225 165.625938733322 165.547015610625 165.458757071221 165.361955160051 165.257502104037 165.146376944792 165.038801532209 164.943454195708 164.84499257861 164.744363087994 164.642523454153 164.540429592174 164.462141773243 164.387371297555 164.314437645645 164.243993388298 164.176642904647 164.122209616467 164.093273071877 164.071081653844 164.052529496076 164.037787379913
165.427375428199 165.478442466512 165.538434627779 165.605883682377 165.679264931839 165.757016604081 165.837559424737 165.919316114636 166.000730567498 166.080286469112 166.156525129637 166.228062313885 166.293603870405 166.351959978514 166.402057852876 166.442952767547 166.473837285122 166.494048601543 166.503073942808 166.500553975948 166.486284222836 166.46021449138 166.422446364007 166.373228807812 166.312951994062 166.242139436508 166.161438578078 166.07160997364 165.973515232521 165.870941173341 165.784021863435 165.6923347851 165.596785448179 165.498306347541 165.397843877628 165.296345372167 165.215543919968 165.139273023856 165.064084819812 164.990640297822 164.919555415045 164.851393924409 164.797624557502 164.765598150445 164.740796118738 164.719272004382
