data/pm10_slope_sharpnack_max.asc
ncols	541
nrows	200
xllcorner	12.09692
yllcorner	48.55814
cellsize	0.0125
NODATA_value	-9999.0
[rows 150 to 179 of 200, columns 134 to 200 of 541]
1.53495 1.55691 1.57904 1.60148 1.62417 1.64692 1.66866 1.68842 1.70553 1.71934 1.72993 1.73703 1.74109 1.74231 1.74678 1.76219 1.79487 1.82838 1.86908 1.91692 1.96874 2.03467 2.10615 2.1749 2.23669 2.2902 2.33523 2.37062 2.39463 2.40545 2.4018 2.38449 2.36412 2.3629 2.37842 2.40496 2.43387 2.46316 2.48967 2.51235 2.53168 2.54662 2.55981 2.57 2.57892 2.58379 2.58315 2.5762 2.56165 2.53992 2.51139 2.4777 2.43893 2.39351 2.34164 2.28296 2.22077 2.15476 2.08323 2.01053 1.94136 1.8821 1.83499 1.79476 1.75872 1.72223 1.69015
1.50073 1.50826 1.53154 1.55467 1.57794 1.60061 1.62209 1.64119 1.65738 1.67032 1.68045 1.68813 1.69257 1.69435 1.69811 1.70791 1.73911 1.77529 1.81951 1.87114 1.92711 1.99491 2.07152 2.14608 2.21431 2.27368 2.32399 2.36453 2.39356 2.40795 2.40352 2.37607 2.33792 2.32793 2.34284 2.36596 2.38887 2.41081 2.42945 2.4442 2.45566 2.46328 2.46768 2.47082 2.47367 2.47522 2.47155 2.46194 2.44583 2.42244 2.3931 2.35993 2.3219 2.27757 2.22625 2.16858 2.10857 2.04445 1.98148 1.92333 1.87491 1.83615 1.80467 1.77221 1.73901 1.7055 1.67615
1.49757 1.47693 1.48686 1.51122 1.53509 1.55784 1.57853 1.59619 1.61131 1.62373 1.63346 1.64133 1.6464 1.64863 1.65176 1.65904 1.68739 1.72606 1.77336 1.82858 1.88809 1.95704 2.03826 2.11813 2.193 2.25923 2.31638 2.36411 2.40164 2.4266 2.43312 2.40747 2.35797 2.33057 2.33195 2.34281 2.35524 2.36691 2.376 2.38189 2.38388 2.38333 2.37879 2.37258 2.3666 2.3621 2.35492 2.34245 2.32391 2.29954 2.26963 2.23616 2.19801 2.15468 2.10429 2.04906 1.99091 1.93767 1.89124 1.85748 1.82745 1.80217 1.77518 1.74556 1.71323 1.6854 1.65954
1.51368 1.46667 1.45376 1.47119 1.49575 1.518 1.53777 1.55408 1.56829 1.58011 1.58952 1.59739 1.60276 1.60545 1.6081 1.61554 1.64054 1.68126 1.73123 1.78906 1.85175 1.92128 2.00626 2.09049 2.17097 2.24359 2.30753 2.36255 2.40886 2.44641 2.47185 2.46251 2.4157 2.36803 2.34265 2.33202 2.32946 2.32806 2.32686 2.32303 2.31608 2.30651 2.29379 2.27751 2.26092 2.24672 2.23397 2.21813 2.19718 2.17136 2.14171 2.10742 2.06884 2.02515 1.97647 1.92429 1.88057 1.84502 1.82704 1.80918 1.79296 1.77582 1.75238 1.72238 1.69614 1.67128 1.6491
1.52653 1.46895 1.43127 1.43831 1.45872 1.48125 1.50093 1.51679 1.53006 1.54094 1.54984 1.5571 1.56223 1.56497 1.56752 1.57558 1.59895 1.64171 1.69362 1.7534 1.81823 1.88801 1.97568 2.06294 2.1474 2.22432 2.29289 2.35222 2.4018 2.44115 2.4669 2.46506 2.43134 2.38271 2.34309 2.31691 2.30104 2.28863 2.27717 2.26483 2.24915 2.23114 2.21031 2.18636 2.15919 2.13314 2.1107 2.0896 2.06636 2.03932 2.0086 1.97393 1.93448 1.8905 1.84438 1.80943 1.78411 1.7763 1.77106 1.76642 1.75887 1.74522 1.72529 1.69783 1.67331 1.65195 1.63381
1.52803 1.46975 1.41457 1.41229 1.42692 1.44914 1.46789 1.4834 1.49658 1.5075 1.51583 1.522 1.52606 1.5283 1.53105 1.53907 1.56278 1.60677 1.66037 1.72144 1.78796 1.8579 1.94721 2.03618 2.1229 2.20199 2.27236 2.33268 2.38126 2.41594 2.43383 2.4316 2.4088 2.36877 2.3258 2.29276 2.26758 2.24677 2.22598 2.2051 2.1824 2.15615 2.12724 2.09564 2.061 2.02397 1.98987 1.95941 1.93216 1.90366 1.87144 1.83555 1.79546 1.75298 1.7228 1.70472 1.70733 1.71249 1.72014 1.72171 1.71766 1.70723 1.69006 1.66509 1.64354 1.6268 1.61276
1.51915 1.46161 1.40059 1.39094 1.4012 1.42187 1.44094 1.45688 1.46953 1.4795 1.48701 1.49229 1.49565 1.49676 1.49927 1.50676 1.53237 1.57663 1.63116 1.69354 1.76139 1.83212 1.922 2.01174 2.09952 2.17933 2.24992 2.30978 2.35709 2.38985 2.40596 2.40444 2.38547 2.35047 2.30539 2.26515 2.23141 2.2023 2.17463 2.14535 2.11464 2.08173 2.04479 2.00525 1.9632 1.91836 1.87283 1.83131 1.79631 1.76446 1.73063 1.69328 1.6533 1.62526 1.61036 1.61885 1.63511 1.65308 1.66361 1.66876 1.66744 1.65982 1.64459 1.62269 1.60417 1.59191 1.58223
1.49987 1.44291 1.38339 1.3748 1.38428 1.40326 1.42163 1.43674 1.44889 1.4587 1.46578 1.46958 1.47064 1.46973 1.47165 1.47922 1.50836 1.5524 1.60754 1.67101 1.74012 1.81173 1.90164 1.99163 2.07979 2.15969 2.23 2.28924 2.33579 2.36808 2.3847 2.38455 2.36761 2.3347 2.287 2.2385 2.1965 2.15926 2.12373 2.08689 2.04832 2.00792 1.96412 1.9165 1.86675 1.81426 1.75995 1.70668 1.66116 1.62284 1.58647 1.54863 1.5194 1.50553 1.51322 1.53781 1.56598 1.58625 1.60007 1.60749 1.60839 1.60216 1.58912 1.57038 1.55637 1.5483 1.54556
1.47127 1.41649 1.3665 1.36327 1.3732 1.39237 1.41077 1.42652 1.43858 1.447 1.45201 1.45383 1.45309 1.45135 1.45233 1.46047 1.49179 1.53531 1.59052 1.65467 1.72483 1.79805 1.88814 1.97833 2.06635 2.14612 2.21601 2.27464 2.32058 2.35258 2.36959 2.37078 2.35565 2.32416 2.27705 2.22123 2.16909 2.12213 2.07714 2.033 1.98558 1.9368 1.88588 1.8308 1.7727 1.71287 1.65068 1.58729 1.52883 1.48065 1.43991 1.40578 1.38925 1.39221 1.42247 1.45975 1.48987 1.51249 1.52836 1.5373 1.53926 1.53428 1.52354 1.50873 1.49928 1.49833 1.50237
1.43388 1.38301 1.35206 1.35697 1.37146 1.39379 1.41211 1.4269 1.4379 1.44528 1.44955 1.44984 1.44595 1.44249 1.44153 1.45316 1.48364 1.52574 1.58038 1.64506 1.71661 1.79167 1.88275 1.97339 2.06136 2.14084 2.21018 2.2681 2.31335 2.34485 2.36171 2.36326 2.34901 2.3187 2.27227 2.21118 2.14946 2.09163 2.03736 1.98388 1.92924 1.87154 1.81168 1.74992 1.6832 1.61459 1.54463 1.47319 1.40256 1.34142 1.2923 1.2672 1.26246 1.29326 1.33469 1.37529 1.40728 1.43171 1.4484 1.45769 1.45979 1.45598 1.44784 1.43681 1.4355 1.44181 1.45413
1.38991 1.35873 1.35253 1.37179 1.39265 1.40983 1.42467 1.44001 1.45143 1.45817 1.46045 1.45836 1.45236 1.44813 1.44582 1.46027 1.48608 1.5246 1.57747 1.64258 1.71621 1.7945 1.88737 1.97886 2.06691 2.14587 2.21434 2.27121 2.31539 2.3459 2.36198 2.36302 2.34857 2.31831 2.2721 2.20989 2.14088 2.07265 2.00784 1.94349 1.87974 1.81345 1.74422 1.67372 1.60001 1.52199 1.44301 1.36364 1.28467 1.21063 1.15563 1.13337 1.1561 1.20125 1.2446 1.28725 1.32081 1.34493 1.36035 1.36788 1.36954 1.36671 1.3606 1.35755 1.36478 1.38059 1.40263
1.38035 1.38647 1.41304 1.4361 1.45584 1.47176 1.48383 1.49214 1.49661 1.49685 1.49359 1.48566 1.47979 1.47401 1.47316 1.48608 1.50352 1.53445 1.5827 1.64825 1.72645 1.81023 1.90542 1.99771 2.08529 2.16306 2.23001 2.28516 2.32762 2.35648 2.37105 2.37079 2.35522 2.32403 2.277 2.21404 2.14021 2.06496 1.98838 1.91433 1.83966 1.76488 1.68569 1.60507 1.52294 1.43728 1.34961 1.26282 1.17704 1.09384 1.03294 1.03443 1.06993 1.11225 1.15631 1.20227 1.2357 1.25677 1.26678 1.2691 1.26793 1.26482 1.26427 1.2706 1.28897 1.31368 1.34391
1.44017 1.46837 1.49347 1.51468 1.53207 1.54594 1.55654 1.56405 1.5675 1.56607 1.56002 1.5489 1.53372 1.52502 1.52955 1.53966 1.54915 1.56968 1.60993 1.67276 1.75818 1.84607 1.94163 2.03312 2.11859 2.19392 2.25825 2.31077 2.35064 2.37705 2.38934 2.38696 2.36948 2.33652 2.28785 2.2233 2.14716 2.06812 1.98164 1.89742 1.81119 1.72584 1.63894 1.54805 1.45607 1.36326 1.27006 1.17703 1.08493 0.99828 0.95371 0.9644 0.99954 1.03819 1.08213 1.13185 1.1621 1.17381 1.17207 1.16371 1.15549 1.15064 1.15702 1.17695 1.20442 1.23963 1.27516
1.53557 1.56166 1.58534 1.60559 1.62255 1.63594 1.64577 1.65183 1.65393 1.6519 1.64559 1.63384 1.61996 1.60651 1.61822 1.6291 1.63961 1.65955 1.69506 1.75046 1.82715 1.90903 1.99948 2.08659 2.16771 2.23898 2.29942 2.34821 2.38456 2.40769 2.41689 2.41165 2.3915 2.35606 2.30506 2.23828 2.16136 2.07979 1.98787 1.89277 1.79792 1.70064 1.6044 1.50425 1.40588 1.30763 1.20972 1.11335 1.0235 0.94077 0.90426 0.91687 0.94806 0.98956 1.02525 1.08387 1.11069 1.10564 1.08193 1.05409 1.03212 1.02385 1.04177 1.07222 1.11175 1.1536 1.19643
1.64422 1.66967 1.69249 1.71157 1.7273 1.74022 1.75017 1.75676 1.75935 1.75779 1.75168 1.74117 1.73075 1.72231 1.73391 1.74985 1.76496 1.78556 1.81756 1.86523 1.9308 2.0009 2.08027 2.15902 2.23303 2.29826 2.35346 2.39756 2.42954 2.44861 2.45405 2.44531 2.4219 2.38345 2.32962 2.26017 2.18259 2.09916 2.00529 1.90194 1.79999 1.69163 1.58509 1.47974 1.3755 1.2718 1.17023 1.07492 0.9888 0.90779 0.84918 0.84961 0.8736 0.92381 0.96813 1.02603 1.05532 1.01436 0.95894 0.91366 0.88581 0.88623 0.91541 0.95849 1.01168 1.06892 1.12879
1.76564 1.79041 1.81302 1.83214 1.84822 1.86139 1.87154 1.87858 1.88245 1.88326 1.88025 1.87401 1.8676 1.86568 1.87226 1.89304 1.91442 1.93813 1.96952 2.01149 2.06297 2.11909 2.1839 2.25209 2.31715 2.37446 2.42257 2.46041 2.48691 2.50117 2.50227 2.4895 2.46235 2.4204 2.36334 2.29087 2.2126 2.12726 2.03158 1.92399 1.81718 1.70317 1.59004 1.47947 1.36663 1.25784 1.15862 1.06334 0.97466 0.88764 0.80412 0.763 0.75889 0.77337 0.78159 0.8259 0.87432 0.83611 0.77032 0.71935 0.70583 0.73867 0.79463 0.86367 0.93945 1.01515 1.08946
1.90225 1.92653 1.94852 1.96749 1.98404 1.99818 2.00978 2.01887 2.0252 2.02837 2.0283 2.026 2.02427 2.02907 2.04089 2.05028 2.07677 2.10462 2.13554 2.17159 2.21272 2.25745 2.3072 2.36364 2.41836 2.46713 2.50738 2.538 2.55786 2.56606 2.5617 2.54399 2.51239 2.46639 2.40561 2.32976 2.25083 2.16347 2.06601 1.95707 1.84763 1.73029 1.61188 1.49677 1.38054 1.27218 1.1728 1.07443 0.97557 0.87794 0.77488 0.6915 0.62383 0.62156 0.62511 0.68734 0.74944 0.72326 0.65942 0.59868 0.58429 0.63189 0.71565 0.80511 0.89491 0.98283 1.06871
2.05256 2.07697 2.09943 2.11904 2.13634 2.15147 2.16451 2.17535 2.18363 2.18909 2.19191 2.19363 2.19633 2.20684 2.22327 2.23793 2.25206 2.27547 2.30663 2.3392 2.37339 2.40881 2.44537 2.48916 2.53344 2.57344 2.60541 2.6282 2.64086 2.64244 2.63202 2.60876 2.57205 2.5214 2.45641 2.37748 2.29737 2.20809 2.1092 2.00039 1.89095 1.77334 1.65355 1.53738 1.42017 1.30819 1.20399 1.0993 0.99001 0.88208 0.76935 0.65504 0.56462 0.54548 0.54177 0.58611 0.59636 0.55432 0.49445 0.453 0.49917 0.58469 0.68028 0.78024 0.87804 0.97277 1.06362
2.21752 2.242 2.26486 2.28505 2.30284 2.31873 2.33274 2.34498 2.355 2.36265 2.36794 2.37275 2.37886 2.39299 2.41252 2.43067 2.44779 2.46486 2.48266 2.50918 2.53909 2.56817 2.59559 2.6266 2.66047 2.69097 2.71444 2.72918 2.73424 2.72872 2.71177 2.68251 2.6403 2.58467 2.51517 2.43386 2.35206 2.26101 2.16098 2.05414 1.94521 1.82898 1.70851 1.59281 1.4732 1.35715 1.24492 1.13378 1.01742 0.90167 0.78402 0.65989 0.5513 0.48211 0.43752 0.43503 0.4196 0.38877 0.39261 0.4284 0.49338 0.58235 0.67937 0.77825 0.87577 0.97062 1.06257
2.39536 2.41957 2.44242 2.46288 2.48107 2.49752 2.51232 2.52553 2.53686 2.54605 2.55311 2.55997 2.56837 2.58513 2.60605 2.62568 2.6439 2.661 2.67752 2.69359 2.70899 2.72863 2.75037 2.77146 2.79637 2.81783 2.83305 2.83962 2.83682 2.82383 2.79988 2.76417 2.71602 2.65493 2.58049 2.49831 2.41405 2.32121 2.21934 2.11516 2.00684 1.89163 1.76849 1.65142 1.52873 1.40866 1.29187 1.17563 1.05457 0.9322 0.81208 0.70141 0.60306 0.51013 0.42935 0.37814 0.34913 0.34437 0.36194 0.42572 0.50161 0.5903 0.68475 0.78099 0.87694 0.97112 1.06245
2.58371 2.60755 2.63026 2.65089 2.66928 2.68601 2.70116 2.71474 2.72657 2.73655 2.74464 2.75268 2.76291 2.78123 2.8021 2.82174 2.83984 2.8561 2.87067 2.88376 2.89511 2.90431 2.91075 2.91841 2.9346 2.94809 2.95604 2.95529 2.94516 2.92498 2.8941 2.85187 2.79763 2.73089 2.65131 2.56874 2.48187 2.38695 2.28384 2.18085 2.07209 1.9568 1.83265 1.70898 1.58461 1.4645 1.34272 1.222 1.09863 0.97842 0.85951 0.75545 0.65552 0.56471 0.48453 0.42078 0.36843 0.35081 0.35714 0.42364 0.50429 0.59333 0.68696 0.78179 0.87688 0.97064 1.06307
2.78136 2.80451 2.82669 2.84698 2.86499 2.88139 2.89631 2.90984 2.92188 2.93232 2.94113 2.95042 2.96363 2.98248 3.00171 3.01963 3.03588 3.05003 3.06174 3.07116 3.0782 3.08249 3.08349 3.08058 3.07813 3.08214 3.08237 3.07424 3.05672 3.02922 2.99116 2.942 2.88118 2.80821 2.72395 2.63987 2.5497 2.45203 2.34834 2.24512 2.13546 2.01966 1.89567 1.77238 1.6471 1.52454 1.40008 1.27317 1.15181 1.03145 0.91913 0.81475 0.71904 0.63166 0.55237 0.47897 0.41201 0.36538 0.36064 0.42056 0.50474 0.59215 0.68457 0.77913 0.87505 0.96956 1.06258
2.98525 3.00744 3.02903 3.049 3.06673 3.08279 3.09743 3.11073 3.12259 3.13284 3.14202 3.15389 3.16963 3.18776 3.20462 3.22004 3.23357 3.24478 3.25308 3.25824 3.26025 3.25896 3.25391 3.2446 3.23356 3.22213 3.21133 3.19592 3.17107 3.13624 3.09094 3.03465 2.9669 2.88724 2.79945 2.71248 2.6185 2.51794 2.41538 2.31011 2.19871 2.08025 1.95712 1.83484 1.70791 1.58213 1.45515 1.32838 1.20629 1.09006 0.97923 0.87853 0.78812 0.70471 0.62454 0.54582 0.46896 0.41155 0.37847 0.41575 0.50118 0.58772 0.67911 0.77485 0.87118 0.96557 1.05907
3.1959 3.21659 3.23719 3.2564 3.27345 3.28865 3.30235 3.3147 3.32565 3.33523 3.3469 3.36122 3.37831 3.39404 3.4082 3.42065 3.43099 3.43879 3.4434 3.44432 3.44133 3.43442 3.42332 3.40757 3.38827 3.36903 3.34408 3.31784 3.28578 3.24374 3.19124 3.12784 3.0531 2.96687 2.87816 2.78702 2.68904 2.58604 2.48323 2.37551 2.26203 2.14182 2.02108 1.89802 1.7705 1.64018 1.51139 1.3852 1.26212 1.14771 1.04321 0.94846 0.86113 0.77716 0.69513 0.61467 0.53551 0.46741 0.42524 0.43139 0.49525 0.58348 0.67368 0.76813 0.86369 0.95816 1.0519
3.41102 3.42972 3.44898 3.46718 3.48342 3.49756 3.5101 3.52117 3.53117 3.54229 3.5554 3.57078 3.58514 3.59795 3.60896 3.61799 3.62476 3.62881 3.62956 3.62634 3.61865 3.60636 3.58934 3.5673 3.54037 3.51334 3.48036 3.44063 3.39636 3.34706 3.28734 3.2168 3.13505 3.04443 2.95427 2.85892 2.75744 2.65391 2.54949 2.4393 2.32316 2.20302 2.08303 1.9588 1.83025 1.69762 1.56779 1.44155 1.31787 1.20964 1.11189 1.02141 0.93401 0.84872 0.76534 0.68363 0.60339 0.53229 0.48045 0.4674 0.51568 0.57801 0.66639 0.75828 0.85224 0.94617 1.03958
3.63028 3.6464 3.6637 3.68041 3.69544 3.70819 3.71915 3.72935 3.74005 3.75193 3.76564 3.77809 3.78901 3.79818 3.80536 3.81032 3.81279 3.81244 3.80868 3.80091 3.78845 3.77084 3.74799 3.71975 3.68593 3.65106 3.61026 3.56241 3.50578 3.44398 3.37679 3.29885 3.21008 3.11745 3.02446 2.92499 2.82209 2.71883 2.61155 2.49876 2.38063 2.26188 2.14072 2.01503 1.88434 1.75163 1.6212 1.49601 1.38135 1.28128 1.18816 1.09779 1.00957 0.92335 0.83898 0.75629 0.67515 0.59958 0.54366 0.51889 0.55562 0.60632 0.66213 0.74587 0.83653 0.92878 1.02285
3.85326 3.86633 3.8809 3.89557 3.90898 3.92074 3.93076 3.94121 3.95193 3.96333 3.97349 3.98219 3.98917 3.99419 3.99699 3.99731 3.99486 3.98938 3.98043 3.96739 3.94964 3.9265 3.89763 3.86292 3.82223 3.779 3.73007 3.67384 3.60901 3.53465 3.45803 3.37237 3.27902 3.1858 3.08853 2.98616 2.88208 2.77735 2.66711 2.55218 2.43338 2.31488 2.19189 2.06466 1.93338 1.80186 1.67366 1.55557 1.45355 1.35831 1.26539 1.17456 1.08576 0.99884 0.91372 0.83026 0.74839 0.66809 0.60878 0.57265 0.61142 0.64919 0.69737 0.75125 0.81732 0.90958 1.00549
-9999.0 -9999.0 4.09925 4.11157 4.12327 4.13451 4.14453 4.15457 4.16334 4.1709 4.17706 4.18157 4.18416 4.18458 4.18256 4.1778 4.17002 4.15895 4.14424 4.12542 4.10183 4.07284 4.03785 3.99656 3.94887 3.89671 3.83929 3.77427 3.70087 3.61792 3.52992 3.43752 3.34144 3.24563 3.14407 3.04151 2.93776 2.8299 2.71668 2.60037 2.48285 2.36229 2.23733 2.1084 1.9774 1.8494 1.72841 1.62523 1.52813 1.43311 1.34013 1.24911 1.15999 1.07268 0.98713 0.90329 0.82113 0.74072 0.67806 0.63734 0.6625 0.70136 0.73938 0.78561 0.83585 0.89249 0.9857
-9999.0 -9999.0 -9999.0 4.32892 4.3394 4.34974 4.35818 4.36471 4.36961 4.37298 4.37476 4.37469 4.37249 4.36791 4.36065 4.35041 4.33693 4.31989 4.29895 4.27382 4.24392 4.20864 4.16732 4.11941 4.0647 4.00391 3.93722 3.86307 3.78044 3.68863 3.59139 3.49524 3.39853 3.29811 3.19503 3.09145 2.98587 2.87495 2.76054 2.64383 2.52552 2.40269 2.27642 2.1468 2.02093 1.89941 1.79622 1.69755 1.60083 1.50606 1.41318 1.32217 1.23298 1.14559 1.05999 0.97619 0.89427 0.81421 0.74744 0.7022 0.71066 0.75059 0.78963 0.82819 0.87275 0.92331 0.98283
-9999.0 -9999.0 -9999.0 -9999.0 4.5531 4.56008 4.56525 4.56818 4.56902 4.56792 4.56496 4.55994 4.55259 4.54263 4.52977 4.5137 4.49414 4.47079 4.44331 4.41141 4.37472 4.33266 4.28464 4.22998 4.16822 4.09937 4.02388 3.9408 3.84938 3.74933 3.64422 3.5459 3.44614 3.343 3.23897 3.13491 3.02607 2.91412 2.79816 2.68193 2.56127 2.43735 2.31107 2.18667 2.06925 1.96593 1.86606 1.76802 1.6718 1.57741 1.48484 1.39408 1.30516 1.21809 1.1329 1.04954 0.96802 0.88824 0.81649 0.76583 0.75608 0.79763 0.83915 0.88051 0.92244 0.96599 1.0163
