data/pm10_concentration_max.asc
NCOLS 541
NROWS 200
XLLCORNER 12.09692
YLLCORNER 48.55814
CELLSIZE 0.0125
NODATA_VALUE -9999
[rows 168 to 188 of 200, columns 376 to 422 of 541]
26.8391465430965 26.8636646452467 26.88973679135 26.9167818501982 26.9447314399709 26.9736141888119 27.00344753143 27.0342395069844 27.0659900948869 27.0986920985672 27.1323316040261 27.1668880479688 27.2025464343551 27.2395524991603 27.2766433656599 27.3276962166271 27.3926501386228 27.4590493214194 27.5320498212788 27.6203291769227 27.7439632197051 27.8760145032047 28.0092478699492 28.1433960628956 28.2781401953533 28.4123103958236 28.5452120340525 28.6765563615628 28.8060671399761 28.9334826576434 29.0585535248272 29.1810369677152 29.3006889679877 29.4172556953699 29.5304582303646 29.6397651891623 29.7443789421308 29.8436768204723 29.9365500620093 30.0229218351228 30.107721629844 30.1880360587543 30.2606192773809 30.3247178722613 30.3777578921781 30.418311265252 30.4456676825643
26.6902256615552 26.7194441692168 26.7503465768895 26.7828306270111 26.816281116893 26.8506078462664 26.8858029907726 26.9218525159524 26.9587373590586 26.9964340672185 27.0349149428618 27.0741477486817 27.1140950193476 27.1548305779503 27.196590902319 27.2416674033258 27.3093639080588 27.3767786357043 27.4475417715178 27.5279555338643 27.6586587610672 27.790434701561 27.9228611312327 28.0556288560605 28.1884081344123 28.320862116275 28.452098364948 28.5811167041454 28.7076498153193 28.8314658277384 28.9523599918618 29.0701424603475 29.1845959535268 29.2954985603148 29.4026029633766 29.5051975747699 29.6055683585897 29.704082905546 29.797010565616 29.8837154493646 29.9637081960168 30.0364637192493 30.1014233325064 30.1579982788634 30.2055375995858 30.2417275553094 30.2650532553781
26.5380168401027 26.5717899523971 26.6072950876215 26.6445082216039 26.6832722355809 26.7229428597065 26.7634022018938 26.804612360556 26.8465343792421 26.889128529584 26.9323540430889 26.9761683741955 27.0205260570093 27.0653771962528 27.1107098029517 27.1566741186357 27.2207186901518 27.2898805333217 27.360207827175 27.4345962980663 27.5546672268013 27.6862394249563 27.8179802252906 27.9495232403695 28.0804741140017 28.2104321321073 28.3390178550501 28.4656589758626 28.5891905006152 28.709322066306 28.8271699490558 28.9429056888907 29.0555765775833 29.1650025989907 29.2709716541096 29.3732079253669 29.4711247526422 29.5634217388041 29.6496334700258 29.7294921513151 29.8025477368924 29.8683213689015 29.9272138468501 29.9822856221718 30.0262763063663 30.0586641058521 30.0791813969247
26.3830942038287 26.4213258695469 26.4613496871438 26.5030947863631 26.5464862526592 26.5913317043233 26.6369643240842 26.6832375563719 26.7300925705312 26.7774742279164 26.8253302471779 26.8736099246339 26.92226249056 26.9712351397546 27.0204707343013 27.0699091162768 27.1252965842982 27.1965050537428 27.268287454713 27.3417654519011 27.443454109222 27.575039742721 27.7068509091787 27.838533153343 27.9696876062541 28.0992540859494 28.2262990656467 28.3504962644997 28.4716123425914 28.5895066393759 28.704101744565 28.8153413958098 28.9231421088709 29.0273646032449 29.1278459624108 29.2243742232496 29.3166587730598 29.4038413623027 29.484628200257 29.5629392083552 29.6369296810487 29.7039484007601 29.7635271831669 29.8149669119434 29.855944547068 29.8855909962731 29.9034725083093
26.2259425091319 26.2687250831593 26.3132333436451 26.3594695656251 26.407311980935 26.4566465678141 26.507269497737 26.5585033893225 26.6101748205073 26.6622152477969 26.7145633892259 26.7671632740468 26.8199620607102 26.8729076559806 26.925946109659 26.9790187000842 27.0320585583134 27.1007469722679 27.1736401582284 27.2470117029674 27.3216889949488 27.45258832398 27.5837281180241 27.7143711696921 27.8440150795511 27.9720956624004 28.0977846921322 28.2198287020124 28.3379521710749 28.4521308705349 28.5624320432729 28.6689538303902 28.7725498754883 28.8754914580166 28.975017055782 29.0705874015857 29.1612126466337 29.2467442965956 29.3272235686964 29.402034474019 29.4703240679489 29.5316733743735 29.5856608388309 29.6318590623361 29.6697639789783 29.697300168203 29.7134180426667
26.0665208655135 26.1143902341101 26.163739495577 26.2144845639114 26.2667487123205 26.3203972411116 26.3752955999976 26.4312541708798 26.4876046771582 26.5441479250431 26.6008172072335 26.6575548185003 26.7143093069329 26.7710327569578 26.8276780591124 26.8841960601498 26.9407097746605 27.0015205130115 27.0752081415107 27.1493134628443 27.2234204230533 27.3241419916253 27.455061229418 27.5856739592115 27.7148279570157 27.8414667951544 27.9648938208884 28.0845497704084 28.2002460827993 28.3121455969259 28.420520027163 28.5255573509626 28.6273056399114 28.7256710823227 28.8204929309715 28.9115549303303 28.9985293402303 29.0803911398528 29.1574486693073 29.2313884306288 29.2998140362452 29.3622951269588 29.4173974225484 29.462900028217 29.4983004051146 29.523261601331 29.5374663318212
25.9055166781342 25.9585897230465 26.013155864741 26.0689618648828 26.1257899689626 26.1836916392443 26.2426645174663 26.3025762469118 26.3632739703016 26.4241261976339 26.484903718638 26.5455511071789 26.6060216308341 26.6662742757382 26.726277381805 26.7862309306496 26.8462218888249 26.906214105131 26.9742329754156 27.0491328249063 27.1246066150749 27.2159726816832 27.3263927853498 27.4551476261348 27.5823296211972 27.7072937742409 27.8290121948721 27.9464292112172 28.0594310551076 28.1687220835043 28.2748803783768 28.3781215671784 -9999 28.5756699973648 28.6693235875572 28.7585143646215 28.8429600789124 28.9227358379363 28.9976650924551 29.0674285115296 29.1316982625542 29.1897845093773 29.2409323615837 29.284576241566 29.318689901892 29.3426211843491 29.3560980301559
25.7439334070401 25.8023955672061 25.8622896977601 25.9232908187661 25.9851311194068 26.0475948281642 26.1105557162087 26.1741665244352 26.2383697283454 26.3030618163029 26.3676832006759 26.4319602267274 26.4958537339945 26.5593942011983 26.6229831180011 26.6866363126528 26.7500761138129 26.8132436955326 26.8761075276991 26.9475981255415 27.0227406508968 27.1126670197778 27.2192539953894 27.3279448105876 27.4507981002093 27.5751979124774 27.6968804016714 27.812019571478 27.9210770741457 28.0271181882952 28.1306869257341 -9999 -9999 -9999 -9999 -9999 28.6818779988748 28.7597866592905 28.8330707512648 28.9014083511707 28.9644922034003 29.0212589570615 29.0700145832613 29.1103493348493 29.1413987196602 29.1628217760364 29.1744361782128
25.5830930534314 25.6471870628754 25.7125271845123 25.7787299658906 25.8454985979228 25.9126071708454 25.9798858246933 26.0472080073929 26.1146458612371 26.1824898983161 26.250697769383 26.3186363464093 26.3859658735345 26.4529002644788 26.519433778386 26.5855478530638 26.6512231824978 26.716438276447 26.7811681814605 26.8453832427062 26.9169193503327 27.0068746209301 27.1098840433364 27.2160841052851 27.3269436024724 27.4451275824932 27.5651323727215 27.6784334243052 27.7850678592984 -9999 -9999 -9999 -9999 -9999 -9999 -9999 -9999 -9999 -9999 28.7375265440025 28.7974381067938 28.8518503700927 28.9001074087152 28.9398904654756 28.9704858340467 28.991675269208 29.0032594411879
25.4248004817075 25.4947510833489 25.565625407243 25.6370948343748 25.7088833230192 25.7807581935486 25.8524207903958 25.9237472214585 25.9946601587415 26.0651045245167 26.1352401240984 26.2053641389134 26.2753382142833 26.3447170887109 26.4134811084417 26.4816145238003 26.5490979351607 26.6159061761421 26.682005725078 26.7473510330727 26.8118785732352 26.8934113594603 26.9961050338021 27.1008738805694 27.205176780245 27.3163509744307 27.431559355117 -9999 -9999 -9999 -9999 -9999 -9999 -9999 -9999 -9999 -9999 -9999 -9999 -9999 -9999 -9999 28.7303494133475 28.7652728751037 28.7922941974193 28.8110411385211 28.8211145971473
25.2730319971012 25.3491410275254 25.4254886505706 25.5017284481494 25.5776309844303 25.6530438275262 25.7278655133888 25.8020284042251 25.8754871882417 25.9482349536279 26.0204881317765 26.0923102463645 26.1639340026485 26.2352905335186 26.3058658776369 26.375601789691 26.4444738535425 26.5124471119742 26.5794720850557 26.6454789084408 26.710368198926 26.7804086387522 26.8814683266396 26.9801500095191 27.0824657151704 -9999 -9999 -9999 -9999 -9999 -9999 -9999 -9999 -9999 -9999 -9999 -9999 -9999 -9999 -9999 -9999 -9999 -9999 -9999 28.6311074143661 28.6502422995065 28.6605211234373
25.1297073420118 25.2104851772624 25.2911379250584 25.3710907904423 25.4502266733684 25.5284771288922 25.6058025053444 25.682180478264 25.7576933603029 25.8325466648338 25.9067508805793 25.9803083697533 26.0532186568398 26.1255060541916 26.1973506669448 26.2682870731093 26.338161821593 26.4069295169034 26.4745264209587 26.5408646084502 26.6058238901898 26.6692409546102 26.7591630296741 26.8585477708076 26.9564796219542 -9999 -9999 -9999 -9999 -9999 -9999 -9999 -9999 -9999 -9999 -9999 -9999 -9999 -9999 -9999 -9999 -9999 -9999 -9999 -9999 28.4770086041633 -9999
24.9975118118911 25.0811326556787 25.1642882533243 25.2467795238426 25.3281218057145 25.4082895274298 25.4872983060801 25.5653596508229 25.6425824285247 25.7189823317057 25.7945714104081 25.8693568742351 25.943339904873 26.0165143784544 26.0888653999902 26.1604043106323 26.230939214532 26.3001936677313 26.3680956421274 26.434550102868 26.4994340214579 26.5625911655272 26.6418614897145 26.7316266399919 -9999 -9999 -9999 -9999 -9999 -9999 -9999 -9999 -9999 -9999 -9999 -9999 -9999 -9999 -9999 -9999 -9999 -9999 -9999 -9999 -9999 -9999 -9999
24.8779271764885 24.9623628915525 25.0460919151594 25.1291354035423 25.2114540318771 25.2926475012418 25.3728365772298 25.4520596299768 25.5303373815482 25.6076858087305 25.6841154053766 25.759630367901 25.8342276709993 25.9078959966243 25.9806144746633 26.0523511912155 26.1230614245859 26.1925317937167 26.2604855975168 26.3268470578813 26.391498823239 26.4543005501121 26.5296056724964 -9999 -9999 -9999 -9999 -9999 -9999 -9999 -9999 -9999 -9999 -9999 -9999 -9999 -9999 -9999 -9999 -9999 -9999 -9999 -9999 -9999 -9999 -9999 -9999
24.7676270179822 24.8504302378812 24.9328551987177 25.0148058291146 25.0964077463762 25.1777126437823 25.2583211444324 25.3379726139698 25.4166635426839 25.4943901244165 25.5711462367725 25.6469218051321 25.7217013650204 25.7954627061881 25.8681755238056 25.9398000335885 26.0102855395676 26.0795689854592 26.1475196007076 26.213615194298 26.277864198546 26.3403341993362 -9999 -9999 -9999 -9999 -9999 -9999 -9999 -9999 -9999 -9999 -9999 -9999 -9999 -9999 -9999 -9999 -9999 -9999 -9999 -9999 -9999 -9999 -9999 -9999 -9999
24.6645351775584 24.7438171752876 24.8234410474051 24.9033013677671 24.9832206792527 25.0630741184654 25.1427741658842 25.2220780264446 25.3005114163198 25.3780193119013 25.4545691734825 25.5301292926519 25.6046663576643 25.6781434709269 25.7505184637305 25.8217424224858 25.8917583960853 25.9605003064557 26.0278921405227 26.0941213290111 -9999 -9999 -9999 -9999 -9999 -9999 -9999 -9999 -9999 -9999 -9999 -9999 -9999 -9999 -9999 -9999 -9999 -9999 -9999 -9999 -9999 -9999 -9999 -9999 -9999 -9999 -9999
24.5656084747107 24.6407201077439 24.7169715437581 24.7939557325639 24.8713812823232 24.9490360821716 25.0267622288374 25.1044387949633 25.1819293328862 25.2587107808178 25.334596937562 25.4095310400092 25.4834592545563 25.5563280461054 25.6280820928519 25.6986626210622 25.7680128087174 25.8365524816203 25.9045302335645 -9999 -9999 -9999 -9999 -9999 -9999 -9999 -9999 -9999 -9999 -9999 -9999 -9999 -9999 -9999 -9999 -9999 -9999 -9999 -9999 -9999 -9999 -9999 -9999 -9999 -9999 -9999 -9999
24.4680789387574 24.5391391007148 24.6117583425997 24.6854941098453 24.7600039642215 24.835022132073 24.9103402622921 24.9857923996889 25.061243508545 25.136580771066 25.2114498453925 25.2854351477203 25.3584615275687 25.4304590822042 25.5014748642369 25.5720001827024 25.6420646444938 25.7116255418109 -9999 -9999 -9999 -9999 -9999 -9999 -9999 -9999 -9999 -9999 -9999 -9999 -9999 -9999 -9999 -9999 -9999 -9999 -9999 -9999 -9999 -9999 -9999 -9999 -9999 -9999 -9999 -9999 -9999
24.3695087925726 24.4368411076181 24.5059428243752 24.5763976390943 24.647861108289 24.7200501373237 24.7927318771015 24.8657135071628 24.9388334488597 25.0119540767574 25.0849557893764 25.1576753864538 25.2299923655403 25.3020335801565 25.3737483066988 25.4450883727014 25.5160067224301 -9999 -9999 -9999 -9999 -9999 -9999 -9999 -9999 -9999 -9999 -9999 -9999 -9999 -9999 -9999 -9999 -9999 -9999 -9999 -9999 -9999 -9999 -9999 -9999 -9999 -9999 -9999 -9999 -9999 -9999
24.2680992260606 24.3321529254044 24.3980291600171 24.4653648943518 24.5338425098705 24.6031876807486 -9999 -9999 -9999 24.8851824728116 24.956721086311 25.028773105339 25.1012574327801 25.1738550987669 25.2461936139828 25.3182160531195 25.3898695523682 -9999 -9999 -9999 -9999 -9999 -9999 -9999 -9999 -9999 -9999 -9999 -9999 -9999 -9999 -9999 -9999 -9999 -9999 -9999 -9999 -9999 -9999 -9999 -9999 -9999 -9999 -9999 -9999 -9999 -9999
-9999 -9999 -9999 -9999 -9999 -9999 -9999 -9999 -9999 -9999 24.829995824371 24.9014991397041 24.973511446696 25.0459524495505 25.1187105529652 25.1913225213062 -9999 -9999 -9999 -9999 -9999 -9999 -9999 -9999 -9999 -9999 -9999 -9999 -9999 -9999 -9999 -9999 -9999 -9999 -9999 -9999 -9999 -9999 -9999 -9999 -9999 -9999 -9999 -9999 -9999 -9999 -9999
