data/pm10_slope_horn_modal.asc
ncols	541
nrows	200
xllcorner	12.09692
yllcorner	48.55814
cellsize	0.0125
NODATA_value	-9999.0
[rows 120 to 149 of 200, columns 335 to 401 of 541]
0.11287 0.11528 0.11722 0.11887 0.12008 0.12091 0.12137 0.12157 0.12149 0.12116 0.12046 0.11942 0.11815 0.1167 0.11593 0.11615 0.11653 0.11683 0.11722 0.1176 0.11794 0.11832 0.11862 0.11891 0.11921 0.11946 0.11979 0.12008 0.12037 0.12062 0.12075 0.12075 0.12075 0.12083 0.12091 0.12137 0.12264 0.12442 0.12633 0.12837 0.13061 0.133 0.13539 0.13722 0.13748 0.13627 0.13472 0.13312 0.13149 0.12988 0.12934 0.13042 0.13161 0.12954 0.12402 0.11904 0.11597 0.11384 0.11305 0.11323 0.11292 0.11171 0.10977 0.10724 0.10402 0.09965 0.09386
0.11437 0.11709 0.11958 0.12145 0.12268 0.12345 0.12377 0.1239 0.12373 0.12321 0.12239 0.12128 0.11987 0.11832 0.11747 0.11764 0.1179 0.11815 0.11849 0.11874 0.119 0.11916 0.11929 0.11942 0.11954 0.11962 0.11971 0.11979 0.11992 0.12 0.11987 0.11975 0.11967 0.11958 0.11962 0.11987 0.12091 0.12272 0.12486 0.12716 0.12961 0.13202 0.13435 0.13635 0.13711 0.13667 0.13565 0.1345 0.1333 0.1321 0.13134 0.1318 0.1327 0.1313 0.12621 0.121 0.11824 0.11623 0.11463 0.11402 0.11345 0.11185 0.10918 0.10564 0.10119 0.0955 0.0882
0.11688 0.11958 0.12207 0.12402 0.12538 0.12625 0.12665 0.12661 0.12625 0.12554 0.1245 0.12325 0.1217 0.12 0.11912 0.11916 0.11942 0.11958 0.11983 0.11996 0.11996 0.11996 0.11992 0.11983 0.11971 0.11954 0.11942 0.11929 0.11916 0.11895 0.11866 0.11841 0.11819 0.11803 0.11794 0.11811 0.11904 0.12083 0.12309 0.12546 0.12783 0.13023 0.13274 0.13502 0.13646 0.13697 0.13671 0.13616 0.13554 0.13487 0.13398 0.13364 0.13431 0.13439 0.13103 0.12621 0.12369 0.12207 0.11992 0.11836 0.11726 0.11528 0.11198 0.10719 0.10109 0.09365 0.0845
0.12058 0.12288 0.12494 0.12665 0.12798 0.12888 0.12938 0.12942 0.129 0.1281 0.12693 0.12542 0.12365 0.12186 0.12091 0.12095 0.12112 0.12116 0.12116 0.12108 0.12095 0.12066 0.12037 0.12004 0.11971 0.11929 0.11891 0.11853 0.11811 0.11764 0.11709 0.11662 0.11628 0.11606 0.11602 0.11623 0.11692 0.11849 0.12058 0.1228 0.12522 0.12791 0.13077 0.1336 0.13568 0.13715 0.13799 0.13828 0.13831 0.13817 0.13744 0.13671 0.13759 0.13939 0.13835 0.13454 0.13202 0.13096 0.12903 0.12677 0.1249 0.12247 0.11836 0.11225 0.10407 0.09402 0.08204
0.1251 0.12693 0.12849 0.12977 0.13073 0.13142 0.1318 0.13187 0.13149 0.13065 0.12938 0.12779 0.1259 0.12394 0.123 0.12296 0.12296 0.12284 0.12264 0.12231 0.12186 0.12137 0.12083 0.12021 0.1195 0.11883 0.11819 0.11752 0.11679 0.11593 0.1152 0.11454 0.11411 0.11393 0.11384 0.11389 0.11419 0.1152 0.11709 0.11946 0.12219 0.12518 0.12861 0.13202 0.13483 0.13719 0.13932 0.14071 0.14156 0.14202 0.14209 0.14209 0.14328 0.14608 0.14714 0.14478 0.14272 0.14227 0.14139 0.13925 0.13693 0.13428 0.12973 0.12239 0.11171 0.09757 0.08062
0.13023 0.13149 0.13259 0.13342 0.13394 0.13428 0.13442 0.13428 0.13379 0.13297 0.13172 0.13012 0.1281 0.12625 0.12542 0.12526 0.12498 0.12462 0.12414 0.12357 0.12284 0.12202 0.12116 0.12025 0.11925 0.11824 0.11726 0.11623 0.11515 0.11406 0.11309 0.11234 0.1118 0.11131 0.11091 0.11063 0.11054 0.11118 0.11296 0.11559 0.11866 0.12219 0.12613 0.13031 0.13401 0.1373 0.14053 0.14321 0.14505 0.14653 0.14795 0.1492 0.15086 0.15411 0.15678 0.15627 0.1554 0.15598 0.15659 0.15588 0.15408 0.15186 0.14805 0.14075 0.12826 0.10817 0.07981
0.13572 0.13653 0.13708 0.13744 0.13766 0.13773 0.13755 0.13711 0.13638 0.13531 0.1339 0.13221 0.13019 0.12857 0.12791 0.12767 0.1272 0.12657 0.12578 0.12486 0.12385 0.12276 0.12153 0.12025 0.11891 0.11752 0.11619 0.11489 0.11353 0.11221 0.111 0.10982 0.10872 0.10775 0.10691 0.1064 0.10616 0.10668 0.10835 0.11118 0.11467 0.11874 0.12337 0.1283 0.13282 0.13693 0.1411 0.14519 0.14866 0.15166 0.1545 0.15723 0.15987 0.16355 0.16745 0.16891 0.16971 0.17167 0.17398 0.17573 0.17612 0.17581 0.17487 0.17108 0.16121 0.13719 0.0929
0.14153 0.14181 0.14195 0.14195 0.14184 0.14167 0.14124 0.1405 0.13943 0.13809 0.13646 0.13457 0.13255 0.13103 0.13046 0.13004 0.12942 0.12857 0.12755 0.12633 0.12502 0.12349 0.12194 0.12025 0.11862 0.11692 0.11533 0.11375 0.11203 0.11023 0.1084 0.10649 0.10469 0.1032 0.10208 0.10144 0.10129 0.10169 0.10315 0.10602 0.10995 0.11454 0.11975 0.12538 0.13081 0.13583 0.1411 0.1468 0.15232 0.15716 0.16152 0.16574 0.16988 0.17436 0.17903 0.18218 0.18488 0.18857 0.19264 0.19685 0.20052 0.20372 0.20744 0.21157 0.21422 0.20763 0.18061
0.14751 0.14738 0.14714 0.14687 0.14659 0.14615 0.14546 0.14443 0.14314 0.14156 0.13971 0.13766 0.13554 0.13401 0.13334 0.13274 0.13183 0.13069 0.12942 0.12795 0.12621 0.12442 0.12256 0.12062 0.11874 0.11683 0.11485 0.11265 0.11023 0.10752 0.10488 0.10237 0.10015 0.09823 0.0968 0.09592 0.09555 0.09592 0.09716 0.0999 0.10412 0.10913 0.11498 0.12145 0.12795 0.13442 0.14117 0.14839 0.15569 0.16254 0.16873 0.17456 0.18028 0.18596 0.19139 0.1957 0.20005 0.2054 0.21116 0.21716 0.22336 0.22961 0.23664 0.2457 0.25659 0.26524 0.25786
0.15366 0.1533 0.15281 0.15241 0.15195 0.15126 0.1503 0.14906 0.14755 0.14577 0.14381 0.1416 0.13932 0.13784 0.13704 0.13609 0.13491 0.13345 0.1318 0.13 0.12802 0.12606 0.12402 0.12178 0.1195 0.11705 0.11432 0.11127 0.10803 0.10469 0.10144 0.09839 0.09555 0.09311 0.0911 0.08967 0.08899 0.08911 0.09028 0.09279 0.09706 0.10262 0.10913 0.1167 0.12474 0.13282 0.14107 0.1497 0.15862 0.16748 0.17576 0.18333 0.19066 0.19776 0.20416 0.20921 0.21448 0.22102 0.22788 0.23488 0.24195 0.24902 0.25599 0.26323 0.26985 0.27205 0.26605
0.16009 0.15959 0.15903 0.15856 0.15796 0.1571 0.15598 0.15456 0.15297 0.15116 0.14903 0.14666 0.14443 0.143 0.14206 0.14082 0.13936 0.13773 0.13594 0.13401 0.13191 0.12958 0.12696 0.12406 0.12087 0.11752 0.11393 0.11018 0.1063 0.10242 0.09854 0.09471 0.09116 0.08792 0.08515 0.08301 0.08167 0.08136 0.08228 0.08456 0.08883 0.09487 0.10257 0.11145 0.12104 0.13065 0.14039 0.1506 0.16115 0.17187 0.18221 0.19178 0.2007 0.20919 0.21677 0.22246 0.22799 0.23493 0.24214 0.24922 0.25597 0.26211 0.26728 0.27116 0.2735 0.27291 0.26756
0.16709 0.16664 0.16616 0.16568 0.16502 0.16407 0.16291 0.16152 0.15991 0.15805 0.15588 0.15336 0.15129 0.15007 0.14906 0.14782 0.14639 0.14471 0.14269 0.14039 0.1377 0.13454 0.13103 0.12724 0.12321 0.11904 0.11467 0.11023 0.10559 0.1009 0.09618 0.09154 0.08712 0.08289 0.07906 0.07589 0.07376 0.07266 0.07308 0.0751 0.07931 0.0862 0.09518 0.1054 0.11649 0.12775 0.13918 0.15106 0.16328 0.17564 0.18788 0.19952 0.21021 0.22 0.22874 0.23531 0.24083 0.24722 0.25403 0.26048 0.26627 0.27094 0.27408 0.27539 0.2747 0.27216 0.2671
0.17484 0.17473 0.17433 0.1739 0.17321 0.17228 0.1712 0.16991 0.16834 0.16646 0.16432 0.16199 0.16034 0.1595 0.15856 0.15726 0.1556 0.15346 0.1508 0.14768 0.14408 0.14014 0.13601 0.13157 0.127 0.12227 0.1173 0.11207 0.10663 0.101 0.09529 0.08967 0.08408 0.07855 0.07348 0.06892 0.06535 0.06309 0.06237 0.06411 0.06877 0.07642 0.0866 0.09829 0.111 0.1241 0.13733 0.15096 0.16489 0.17891 0.1928 0.20628 0.21884 0.23009 0.2399 0.24739 0.25314 0.25863 0.26422 0.26946 0.27392 0.27709 0.27844 0.27781 0.27517 0.27078 0.26518
0.18308 0.18366 0.18349 0.18311 0.18248 0.18171 0.18083 0.17969 0.1783 0.17664 0.17473 0.17286 0.1717 0.17094 0.16974 0.16793 0.16562 0.16276 0.15941 0.15566 0.15156 0.14717 0.14251 0.13762 0.13259 0.12732 0.12186 0.1161 0.11005 0.10373 0.09721 0.09044 0.08349 0.07642 0.0695 0.06293 0.05675 0.05196 0.0498 0.05138 0.05675 0.06542 0.07681 0.09011 0.10455 0.11958 0.13472 0.1501 0.1658 0.18147 0.19703 0.21211 0.22643 0.23935 0.25032 0.25865 0.26484 0.26965 0.27355 0.27702 0.27975 0.28134 0.28119 0.27902 0.27492 0.26913 0.26234
0.19178 0.193 0.19347 0.19339 0.19305 0.19264 0.19207 0.19126 0.19013 0.18865 0.18684 0.1852 0.18409 0.18295 0.18127 0.17903 0.1763 0.17309 0.16938 0.16529 0.16078 0.15595 0.15086 0.14553 0.14004 0.13439 0.12857 0.12247 0.1161 0.10941 0.10232 0.09487 0.08695 0.07849 0.06943 0.05967 0.0497 0.04099 0.0355 0.03564 0.04159 0.05177 0.06519 0.0805 0.09695 0.11397 0.13111 0.14839 0.16583 0.18328 0.20047 0.21712 0.23296 0.24755 0.25998 0.26928 0.2759 0.28041 0.2827 0.28385 0.28438 0.28406 0.28242 0.27896 0.27366 0.26681 0.25892
0.20137 0.20303 0.2044 0.20499 0.20509 0.20494 0.20455 0.20381 0.20263 0.20102 0.19915 0.19771 0.19672 0.19547 0.1937 0.19144 0.18857 0.18518 0.18125 0.17678 0.17187 0.16661 0.161 0.15527 0.14937 0.14349 0.13744 0.13126 0.12486 0.11807 0.11095 0.10325 0.09466 0.08485 0.07376 0.06156 0.04889 0.03619 0.02449 0.01761 0.02236 0.03507 0.05089 0.06826 0.0866 0.10564 0.1249 0.14415 0.16362 0.18306 0.20221 0.22075 0.23839 0.25462 0.26872 0.27932 0.28648 0.29077 0.29186 0.29057 0.28822 0.28541 0.2819 0.27722 0.27098 0.26332 0.25468
0.2122 0.21399 0.21578 0.21689 0.21721 0.21707 0.21659 0.2158 0.21462 0.21307 0.21166 0.21088 0.21031 0.20933 0.20777 0.20557 0.20276 0.19927 0.19517 0.19039 0.18507 0.17928 0.17315 0.16691 0.16062 0.1545 0.14846 0.14248 0.13635 0.13004 0.12309 0.11515 0.10588 0.09529 0.08367 0.0712 0.05797 0.04393 0.02898 0.01342 0.00447 0.02 0.03742 0.05577 0.0749 0.09492 0.1155 0.13638 0.15754 0.17886 0.20005 0.22077 0.24062 0.25896 0.27495 0.28726 0.29538 0.29953 0.2996 0.29626 0.29086 0.28489 0.27905 0.27291 0.26589 0.2578 0.2488
0.22289 0.22443 0.22605 0.22731 0.22799 0.22808 0.22784 0.22733 0.22658 0.22559 0.22506 0.22514 0.22514 0.22461 0.22347 0.22165 0.21909 0.21573 0.21152 0.20649 0.20075 0.19437 0.18756 0.18061 0.17378 0.16736 0.16143 0.15592 0.1505 0.14471 0.13806 0.13023 0.12128 0.11127 0.1003 0.08832 0.07537 0.06181 0.04796 0.03479 0.0247 0.02387 0.03406 0.04909 0.06648 0.08538 0.10559 0.12669 0.14856 0.17091 0.19362 0.21645 0.23885 0.25979 0.27808 0.29213 0.30111 0.30498 0.30368 0.29818 0.28998 0.28064 0.27179 0.26386 0.25611 0.24791 0.23906
0.23186 0.23337 0.23497 0.23641 0.23763 0.23839 0.23873 0.23879 0.23862 0.23856 0.23923 0.24031 0.24106 0.24129 0.24091 0.23977 0.2378 0.23486 0.23089 0.22581 0.21966 0.21253 0.20474 0.1967 0.18894 0.18199 0.17612 0.17111 0.16655 0.1618 0.15643 0.15003 0.14241 0.13338 0.12296 0.11127 0.09879 0.08585 0.07301 0.06107 0.05128 0.04583 0.04669 0.05385 0.06573 0.08056 0.09778 0.11713 0.13799 0.16009 0.18352 0.20816 0.23335 0.25776 0.27941 0.29562 0.30483 0.30728 0.30361 0.29523 0.28417 0.27207 0.26023 0.25002 0.24145 0.23337 0.2251
0.23937 0.24112 0.24296 0.24474 0.24643 0.24789 0.24904 0.24984 0.25056 0.25179 0.25383 0.25605 0.2579 0.25927 0.26002 0.26006 0.25919 0.25724 0.25399 0.24928 0.243 0.23518 0.22605 0.21622 0.20657 0.19812 0.19173 0.18754 0.18499 0.18306 0.18044 0.17624 0.16991 0.16146 0.15113 0.13939 0.12677 0.11389 0.10124 0.08955 0.07975 0.07259 0.06914 0.06993 0.07503 0.08367 0.09529 0.10977 0.12685 0.14629 0.16829 0.19326 0.221 0.25032 0.27794 0.29814 0.30713 0.30583 0.29771 0.28594 0.27254 0.25894 0.24578 0.23392 0.2243 0.21643 0.20902
0.24552 0.24763 0.24984 0.25203 0.25426 0.2564 0.25838 0.26013 0.26207 0.2649 0.26846 0.27197 0.27526 0.27821 0.28066 0.28249 0.28348 0.28335 0.28176 0.27839 0.27286 0.2648 0.25418 0.24139 0.22775 0.21575 0.20811 0.20608 0.20818 0.2114 0.21284 0.21097 0.20543 0.19662 0.18526 0.17228 0.15846 0.14464 0.13142 0.11933 0.109 0.10085 0.09524 0.09247 0.09257 0.0955 0.10085 0.10831 0.11841 0.13145 0.14768 0.16814 0.19429 0.22777 0.26588 0.29474 0.30335 0.29368 0.27877 0.2652 0.25247 0.24015 0.22832 0.217 0.20695 0.19902 0.19251
0.25006 0.25259 0.25528 0.25799 0.26081 0.26367 0.26648 0.26933 0.27282 0.27742 0.28249 0.28758 0.29263 0.29757 0.30231 0.30664 0.3104 0.3133 0.31488 0.31467 0.31187 0.30543 0.2944 0.27819 0.25788 0.23803 0.22665 0.22911 0.24091 0.25302 0.25956 0.25892 0.25195 0.24025 0.2255 0.20928 0.19274 0.17675 0.16199 0.1489 0.13773 0.12872 0.12182 0.11713 0.11441 0.11349 0.11411 0.11563 0.11824 0.12268 0.12876 0.13675 0.14765 0.16371 0.18447 0.20241 0.23354 0.24197 0.237 0.23143 0.22519 0.21781 0.20962 0.20087 0.19199 0.18396 0.1776
0.25278 0.25579 0.25898 0.26228 0.26576 0.26933 0.27302 0.27716 0.28245 0.28869 0.29526 0.30211 0.30919 0.3165 0.32398 0.33154 0.3391 0.34642 0.35313 0.35855 0.36175 0.36136 0.3554 0.34104 0.31513 0.27894 0.25304 0.26586 0.30002 0.32475 0.33267 0.32706 0.31251 0.29285 0.27089 0.24866 0.22742 0.20804 0.19095 0.17627 0.16407 0.15421 0.14642 0.14061 0.13638 0.13353 0.13157 0.13012 0.12896 0.12834 0.12806 0.1272 0.1247 0.11828 0.09423 0.0497 0.14666 0.18929 0.19915 0.20197 0.20147 0.19857 0.19391 0.18794 0.18102 0.17367 0.16694
0.25359 0.25708 0.26075 0.26463 0.26872 0.27302 0.27769 0.28339 0.29036 0.29806 0.30614 0.31474 0.32393 0.33377 0.3444 0.35577 0.36783 0.38045 0.39348 0.40679 0.42015 0.433 0.44385 0.44938 0.44335 0.41682 0.38688 0.4088 0.44873 0.45917 0.44554 0.41876 0.38573 0.35093 0.31719 0.28622 0.25879 0.2352 0.21534 0.19897 0.18566 0.17499 0.16658 0.16009 0.15515 0.15143 0.14856 0.14646 0.14512 0.14478 0.14595 0.14923 0.1563 0.17111 0.19496 0.21187 0.217 0.20744 0.19865 0.19416 0.19129 0.18828 0.18447 0.17989 0.17444 0.1682 0.16159
0.25245 0.25632 0.26042 0.26476 0.26944 0.27444 0.28027 0.28754 0.29592 0.30488 0.31437 0.3247 0.33604 0.34841 0.36194 0.37667 0.39276 0.41048 0.43016 0.45243 0.47823 0.50893 0.54603 0.59013 0.6403 0.69203 0.72816 0.73876 0.70843 0.64928 0.58445 0.51983 0.45876 0.4036 0.35558 0.31501 0.28144 0.25409 0.23199 0.21434 0.20025 0.18908 0.18031 0.17344 0.16811 0.16401 0.16103 0.15919 0.15868 0.15994 0.16365 0.17035 0.18069 0.19468 0.20861 0.21716 0.21785 0.21157 0.20278 0.19514 0.18942 0.18485 0.18047 0.17598 0.1712 0.16592 0.16009
0.24928 0.25344 0.25786 0.2626 0.26769 0.27344 0.28055 0.28917 0.29875 0.30898 0.31989 0.33159 0.34422 0.35802 0.37332 0.39042 0.40978 0.43197 0.45759 0.4873 0.52235 0.56601 0.62492 0.70338 0.79873 0.90379 0.98421 0.98708 0.91097 0.80328 0.69452 0.59408 0.50661 0.43331 0.37391 0.32686 0.28991 0.26098 0.23826 0.22041 0.20628 0.19512 0.18628 0.1793 0.17384 0.16962 0.1667 0.16517 0.16523 0.16712 0.17146 0.17824 0.18687 0.19624 0.20396 0.20837 0.20873 0.20526 0.19955 0.19336 0.18772 0.18289 0.17849 0.1741 0.16968 0.16508 0.16012
0.24411 0.24844 0.25306 0.25807 0.26372 0.27055 0.27907 0.28867 0.29886 0.30966 0.32103 0.33312 0.34612 0.36037 0.37654 0.39515 0.41679 0.44209 0.47175 0.50643 0.54657 0.59343 0.66176 0.75674 0.8561 0.93705 0.98553 0.99549 0.95069 0.8459 0.71473 0.59808 0.50209 0.42312 0.36302 0.31729 0.28221 0.25499 0.23371 0.21691 0.20352 0.19282 0.18428 0.17743 0.17199 0.16784 0.16511 0.16383 0.16407 0.16598 0.16979 0.17558 0.18248 0.18889 0.19362 0.19647 0.19703 0.19529 0.19196 0.18783 0.1836 0.17958 0.1759 0.17219 0.16832 0.16438 0.16022
0.23734 0.24191 0.24684 0.25225 0.25853 0.26625 0.27519 0.28468 0.29458 0.30501 0.3161 0.32807 0.3412 0.35567 0.37193 0.39058 0.4124 0.43819 0.46905 0.50626 0.55125 0.60539 0.67494 0.74313 0.78267 0.78666 0.76267 0.72745 0.68225 0.63653 0.56086 0.48709 0.43036 0.37574 0.33027 0.29351 0.26397 0.24025 0.2212 0.20584 0.19344 0.18341 0.17527 0.16864 0.16343 0.15956 0.15713 0.15608 0.15646 0.15827 0.16155 0.16628 0.17199 0.17706 0.18069 0.18311 0.18409 0.18366 0.18207 0.17975 0.17709 0.17436 0.17176 0.16909 0.16616 0.163 0.15975
0.23011 0.23458 0.23929 0.24454 0.25094 0.25865 0.26706 0.2759 0.28531 0.29538 0.30622 0.31792 0.33067 0.34463 0.36003 0.37724 0.3969 0.41976 0.44691 0.47964 0.51936 0.5668 0.60632 0.6069 0.56304 0.48511 0.37226 0.23921 0.22091 0.35859 0.406 0.39946 0.37881 0.34457 0.30882 0.27617 0.24819 0.22501 0.20618 0.19102 0.1788 0.16903 0.16106 0.15466 0.14973 0.14629 0.14422 0.14353 0.14415 0.14612 0.14916 0.15323 0.15802 0.16254 0.16625 0.16897 0.1705 0.17106 0.17085 0.17003 0.16885 0.16745 0.16601 0.16456 0.16285 0.16069 0.15811
0.22088 0.22454 0.2285 0.23347 0.23992 0.24733 0.2553 0.26384 0.27291 0.28258 0.2929 0.30394 0.3158 0.32857 0.34243 0.35749 0.37384 0.39164 0.41111 0.43224 0.45372 0.47011 0.45573 0.39782 0.30602 0.16019 0.08062 0.22454 0.32778 0.42604 0.45299 0.44041 0.4094 0.36678 0.32106 0.27891 0.24343 0.21503 0.1929 0.17581 0.16254 0.15212 0.14391 0.13751 0.13293 0.12981 0.12818 0.12791 0.12892 0.13115 0.13439 0.13828 0.14241 0.14656 0.15073 0.15414 0.15652 0.15805 0.1589 0.15931 0.15947 0.15944 0.15919 0.15878 0.15802 0.15659 0.15482
