data/pm10_concentration_max.asc
NCOLS 541
NROWS 200
XLLCORNER 12.09692
YLLCORNER 48.55814
CELLSIZE 0.0125
NODATA_VALUE -9999
[rows 21 to 41 of 200, columns 94 to 140 of 541]
-9999 -9999 -9999 -9999 -9999 -9999 -9999 -9999 -9999 -9999 -9999 -9999 -9999 -9999 -9999 -9999 -9999 -9999 -9999 -9999 -9999 -9999 -9999 -9999 -9999 -9999 -9999 -9999 -9999 -9999 -9999 -9999 -9999 -9999 -9999 -9999 -9999 -9999 -9999 -9999 -9999 -9999 -9999 -9999 -9999 -9999 -9999
-9999 -9999 -9999 -9999 -9999 -9999 -9999 -9999 -9999 -9999 -9999 -9999 -9999 -9999 -9999 -9999 -9999 -9999 -9999 -9999 -9999 -9999 -9999 -9999 -9999 -9999 -9999 -9999 -9999 -9999 -9999 -9999 -9999 -9999 -9999 -9999 -9999 -9999 -9999 -9999 -9999 -9999 -9999 -9999 -9999 -9999 -9999
-9999 -9999 -9999 -9999 -9999 -9999 -9999 -9999 -9999 -9999 -9999 -9999 -9999 -9999 -9999 -9999 -9999 -9999 -9999 -9999 -9999 -9999 -9999 -9999 -9999 -9999 -9999 -9999 -9999 -9999 -9999 -9999 -9999 -9999 -9999 -9999 -9999 -9999 -9999 -9999 -9999 -9999 -9999 -9999 -9999 -9999 -9999
-9999 -9999 -9999 -9999 -9999 -9999 -9999 -9999 -9999 -9999 -9999 -9999 -9999 -9999 -9999 -9999 -9999 -9999 -9999 -9999 -9999 -9999 -9999 -9999 -9999 -9999 -9999 -9999 -9999 -9999 -9999 -9999 -9999 -9999 -9999 -9999 -9999 -9999 -9999 -9999 -9999 -9999 -9999 -9999 -9999 -9999 -9999
-9999 -9999 -9999 -9999 -9999 -9999 -9999 -9999 -9999 -9999 -9999 -9999 -9999 -9999 -9999 -9999 -9999 -9999 -9999 -9999 -9999 -9999 -9999 -9999 -9999 -9999 -9999 -9999 -9999 -9999 -9999 -9999 -9999 -9999 -9999 -9999 -9999 -9999 -9999 -9999 -9999 -9999 -9999 -9999 -9999 -9999 -9999
-9999 -9999 -9999 -9999 -9999 -9999 -9999 -9999 -9999 -9999 -9999 -9999 -9999 -9999 -9999 -9999 -9999 -9999 -9999 -9999 -9999 -9999 -9999 -9999 -9999 -9999 -9999 -9999 -9999 23.3101657807138 23.7460922476181 24.2033006469792 -9999 -9999 -9999 -9999 26.5861283204751 27.0279116871354 27.4561532830798 27.8710304717044 28.2831203341839 28.6778283361092 29.0487392355513 29.3843915523968 -9999 -9999 30.1201368498319
-9999 -9999 -9999 -9999 -9999 -9999 -9999 -9999 -9999 -9999 -9999 -9999 -9999 -9999 -9999 -9999 -9999 -9999 -9999 -9999 -9999 -9999 -9999 -9999 -9999 -9999 -9999 -9999 22.9783303464856 23.4401409272727 23.8966399392913 24.4134192312575 24.9300695870801 25.4333814763272 25.9229627369528 26.3991140966034 26.8620858356506 27.3108708903989 27.7506052976047 28.1911392944403 28.6247446612826 29.0521698481194 29.4724452468163 29.884342880112 30.2693478175404 30.6381078361883 30.8403240263254
-9999 -9999 -9999 -9999 -9999 -9999 -9999 -9999 -9999 -9999 -9999 -9999 -9999 -9999 -9999 -9999 -9999 -9999 -9999 -9999 19.8344013792392 20.199343036475 20.5735670611295 20.9541658676252 21.3384411081632 21.7240093601674 22.1285553479532 22.6235447756507 23.1190650104545 23.6079897767217 24.1185325786782 24.6628857191686 25.1898046778925 25.6981255521766 26.1879418828233 26.664573230036 27.1280593345125 27.5757842507417 28.0113173369937 28.4393906689618 28.8658568770593 29.297625940203 29.7423424756964 30.2072061200603 30.7190106080137 31.2919553079588 31.5147715388043
-9999 -9999 -9999 -9999 -9999 -9999 -9999 -9999 -9999 -9999 -9999 -9999 -9999 -9999 -9999 -9999 -9999 -9999 -9999 -9999 -9999 20.2248504583754 20.6272176344518 21.0343850253399 21.4435845249036 21.8524441826828 22.2587953267733 22.7849837596188 23.3053492275834 23.8156091524587 24.3960909052153 24.9582263822576 25.5012046519516 26.0189212615014 26.5091842869256 26.97250852169 27.4104111459976 27.8250959273711 28.2205466166517 28.6020258886691 28.9760768127202 29.3505612237052 29.7344101241971 30.1360901963369 30.5563742522511 31.0299106251054 31.2208233018361
-9999 -9999 -9999 -9999 -9999 -9999 -9999 -9999 -9999 -9999 -9999 -9999 -9999 -9999 -9999 -9999 -9999 -9999 -9999 -9999 -9999 -9999 20.7127640589768 21.1463764040623 21.5802603645031 22.0121060630306 22.4396555355208 23.0029478561637 23.5544277308398 24.1605723029083 24.7672220356164 25.3448252772354 25.8881567408597 26.3945325122076 26.8628726330081 27.2934713334614 27.6877475135269 28.0476837541308 28.3767439930713 28.6791335550257 28.9594537994482 29.2222884517279 29.4712628122845 29.7065599580045 29.9189518789805 30.0814343424615 30.1927295118917
-9999 -9999 -9999 -9999 -9999 -9999 -9999 -9999 -9999 -9999 -9999 -9999 -9999 -9999 -9999 -9999 -9999 -9999 -9999 -9999 19.9326528740734 20.3853494556945 20.8415381063789 21.2990763723326 21.7557076333403 22.2091277176337 22.7309012178017 23.3290001022264 23.9547132443909 24.5995025989959 25.2202657520096 25.8031556303895 26.3396999896293 26.8276811872734 27.2676767201193 27.655248284644 27.991985197467 28.2804694106152 28.5237243779468 28.7244948806685 28.8842621386715 29.0040461749336 29.0916980311933 29.1593105827313 29.2080779351353 29.2425893492024 29.2975455522511
-9999 -9999 -9999 -9999 -9999 -9999 -9999 -9999 -9999 -9999 -9999 -9999 -9999 -9999 -9999 -9999 -9999 -9999 -9999 19.6089556658102 20.0737594362214 20.5452649129527 21.0209668295916 21.4983827936519 21.9750208852606 22.4565763050337 23.101225681775 23.7867016772371 24.4971994373722 25.1723706050765 25.8017819752926 26.3758935646132 26.8949658240627 27.3596259628161 27.7556841279779 28.0841175513867 28.347829962199 28.5506881231051 28.696588681055 28.7885774300258 28.8276518965683 28.8204637703695 28.8047709663974 28.7368405394283 28.6262690549456 28.5317056552472 28.5297439939
-9999 -9999 -9999 -9999 -9999 -9999 -9999 -9999 17.0097670742349 17.1176170124166 -9999 -9999 -9999 -9999 -9999 -9999 -9999 -9999 -9999 -9999 20.2793817482847 20.7616016226544 21.2510139999152 21.7442149083178 22.238115143128 22.8722543144592 23.6160613771734 24.3965297686087 25.1489891763818 25.8592339193518 26.5122427356086 27.0938255120337 27.5928093713728 28.0029274017344 28.333017979583 28.5878072319804 28.7632793474421 28.8712417027401 28.915692443125 28.902090946179 28.8335861809309 28.7635364128702 28.657205010137 28.5232106013052 28.4112663242435 28.3203094045587 28.2986733092115
-9999 -9999 -9999 -9999 -9999 -9999 -9999 -9999 17.0702119379221 17.1874689570158 17.323045430469 -9999 -9999 -9999 -9999 -9999 -9999 -9999 19.6072468645402 20.0605953832936 20.5350563055682 21.0247737889795 21.5246609820973 22.0308798881277 22.6445632845659 23.4327253487274 24.2760025397197 25.1068845853039 25.909993079621 26.6661867953867 27.353059622152 27.947644270602 28.4316543678377 28.7969165326592 29.0469005820035 29.1969072703362 29.2710194334328 29.268537875317 29.2006649117992 29.0762657721042 28.9322380200426 28.8055890437255 28.6508755852497 28.5145975176897 28.4251405089479 28.3755410585129 28.3709049687171
-9999 -9999 -9999 -9999 -9999 -9999 16.9522643604754 17.0480477573778 17.1553345438216 17.2788519991089 17.4248610700731 17.600441168479 -9999 -9999 -9999 -9999 19.0497000283144 19.4517242387737 19.8851558722732 20.3445457562292 20.8250294702523 21.3222459624581 21.8313758452313 22.4242299088904 23.2331749778757 24.1177316676647 25.0094484664066 25.8965172431113 26.7626181906581 27.5843068072473 28.3283644705521 28.9531713263492 29.4214145913749 29.7208634683235 29.8696186210704 29.8992197256499 29.8383569969882 29.7097582125654 29.5366417633518 29.3181842462741 29.092491502062 28.9116421013889 28.7196237563318 28.571445351215 28.4788265248635 28.4252279907602 28.4014507526924
-9999 -9999 -9999 -9999 16.8819073829167 16.9687650328708 17.0604235488368 17.1586870012588 17.266608411987 17.3895140975564 17.5364581833846 17.7205677929855 17.9535696312798 18.2367009257681 18.5626177321213 18.9239463589779 19.315809493326 19.7357726924692 20.1818313376186 20.6506974387242 21.1388501751371 21.6434485097057 22.2248274003313 23.0247877841877 23.9212504767596 24.8403129263473 25.775038360765 26.7167000019015 27.6530258137213 28.5639630762559 29.4112114641983 30.1180749256382 30.5754605995699 30.7549730154646 30.7424501331561 30.6179670730173 30.4218350221033 30.1720171683295 29.8805172957621 29.5639970979274 29.2899339342861 29.0349220072569 28.8041315435307 28.6271501368417 28.5140458378549 28.4375882146262 28.3869953946635
16.6603420567583 -9999 -9999 -9999 17.013233165977 17.1083884628494 17.2068353875129 17.3093714129793 17.4173458180659 17.5335555433794 17.6652430446176 17.8361692663484 18.0933579900177 18.4252983201012 18.7943475667449 19.1883416686281 19.6041339528856 20.0409463859786 20.4988068367422 20.9763057872226 21.4770298865702 22.0558525070586 22.8099239888727 23.706395144143 24.6213078963521 25.5589652957368 26.5169346213519 27.4895942586397 28.4709195334488 29.4541767056012 30.4297255982846 31.364189933274 31.8613744995103 31.7289461420059 31.4972267967991 31.2216412637564 30.9089065102643 30.5640458550083 30.1920810221838 29.8085292857085 29.4862059737353 29.1586655144468 28.8811848404468 28.6627553253789 28.5197789177382 28.4118978144959 28.3352296858143
16.7760744012098 16.8721662976439 16.9716073786149 17.0742037945999 17.1798302345419 17.2882786186352 17.3996849769087 17.5144230034994 17.6329188932612 17.7559175613247 17.8850747039297 18.0311309739956 18.3201025645002 18.6956090678448 19.0903292260901 19.5018477096721 19.9302837953001 20.3758415070977 20.8395073658684 21.3443416129379 21.9070444659593 22.5942907274045 23.4788798613792 24.3849788992157 25.3070942393529 26.241239774741 27.1905387153268 28.1481448997058 29.1042779499725 30.0451794680596 30.9442087776031 31.7194676589172 32.1257971996366 32.0915675297768 31.8702572144048 31.5685904871874 31.2172499777263 30.8298154419238 30.4144895694412 30.0116249011386 29.650794478865 29.2812638851294 28.9383417217863 28.6918118767885 28.5130374880739 28.364203210345 28.2385991983097
16.9127718789387 17.0238264208457 17.1390631203898 17.2583327862132 17.3816048643603 17.5089922788445 17.6408262777926 17.7782394978634 17.9231832919383 18.0797756946593 18.2572260668363 18.4746633716955 18.7542222037061 19.0928248241681 19.4705837392645 19.8746706495593 20.2995335748356 20.7425938702032 21.2451998078616 21.7904794265037 22.4014808259411 23.2608535804738 24.1437638517132 25.0451301527798 25.9582250655659 26.8742092907548 27.7860967445237 28.6885812049117 29.5622166212719 30.3784902547282 31.0938171651974 31.6440240382984 31.9628680756239 32.038110347282 31.9221246040611 31.6772416245939 31.3488608382585 30.9644498412752 30.5408746126872 30.1645604297899 29.7876575951668 29.3974377457143 29.0202676573781 28.7414592787676 28.5203247703883 28.3148259798907 28.1147058345908
17.07006372726 17.1982781527362 17.3321537811368 17.4713198995052 17.6159369762722 17.7664592915952 17.9237352313243 18.0894993607675 18.2666387298508 18.459876846282 18.6763467210626 18.9248210261098 19.2120872697442 19.5387277460315 19.8997900120943 20.2890641491959 20.701711678062 21.195526199216 21.7171848879391 22.259370361968 23.0751942272939 23.9228517921867 24.791715045893 25.6759146829316 26.5674097290109 27.4551193105694 28.3238063115408 29.1591562088215 29.9427917476629 30.6421846291662 31.22088222712 31.6446489331917 31.8918349037404 31.962977529227 31.8777585433866 31.6691208159365 31.3693314132063 31.0039554158494 30.6429807147784 30.2812116549851 29.9100766033391 29.5227890467978 29.1404676731489 28.8470256991274 28.6063895962939 28.3908355653747 28.1832100317457
17.251333681568 17.3970872303485 17.5482258944551 17.708348992943 17.8765654210182 18.0522985137977 18.2365934890782 18.4311321837436 18.6383756826796 18.8617242390728 19.1053550011313 19.3735124078179 19.6692906610403 19.9936185043466 20.360826611056 20.7610586156113 21.2067362802321 21.6940358020605 22.2021878609233 22.9383253575874 23.7391263398628 24.5638398589415 25.4079249041791 26.2653318798632 27.127766030069 27.9836201282495 28.8164266873607 29.6028610789751 30.3184604155128 30.9326840358324 31.4107598030881 31.7335837487486 31.9014016441564 31.9255285914262 31.8236144115571 31.6192474695288 31.3425981907969 31.0436233080249 30.7221277743109 30.3783905511554 30.0261264378077 29.662763691067 29.2996410474778 29.0087374427334 28.7834204661317 28.5947029043817 28.4358067102927
