data/pm10_concentration_max.asc
NCOLS 541
NROWS 200
XLLCORNER 12.09692
YLLCORNER 48.55814
CELLSIZE 0.0125
NODATA_VALUE -9999
[rows 63 to 83 of 200, columns 188 to 234 of 541]
28.3465453520319 28.2611837034069 28.1892731542746 28.1251404373391 28.0665911652606 28.0193397208048 27.9738392692647 27.9393559397112 27.9138629823941 27.8935740786042 27.8777539866558 27.8644840370462 27.8545199786288 27.8492974924986 27.8432536712356 27.863087855305 27.8859110310108 27.8999519701951 27.9046683586587 27.8998394674627 27.8855978018934 27.8619072812068 27.8288197627506 27.787113436188 27.7475279804471 27.701494538409 27.6613697514417 27.6271687814553 27.5940143523871 27.5664256278325 27.6086285962146 27.6474904286665 27.6809139674336 27.7068944484245 27.7221669885579 27.726603764212 27.7201523096973 27.7206158792634 27.7188786613046 27.7063963343751 27.6834891015381 27.6529185214628 27.6158724263769 27.5730412373169 27.5287921025209 27.487843819812 27.4421502152668
28.4157154912431 28.3257316319653 28.2499450251269 28.1796662997303 28.1193565450198 28.0669754477085 28.0199175012111 27.9820638366664 27.9542100869496 27.9320936632634 27.9139184541194 27.8998367887396 27.8881370563434 27.882536022209 27.8747795558838 27.8853590072374 27.902988086817 27.9112109952153 27.9096144468829 27.8979444106116 27.8762003328741 27.8445687000369 27.804749342433 27.7681283098906 27.7250265277927 27.6823227619582 27.6488136139541 27.6182158149895 27.5876863649873 27.6289978437901 27.6652372200009 27.6966145803457 27.7208954328287 27.735267538264 27.7396403049342 27.7339474711156 27.7313994902409 27.7311301071868 27.7208167250213 27.7006036548381 27.6729513936941 27.6391124323511 27.5996421513705 27.5550238905453 27.5149661623445 27.4733298719513 27.4274422943051
28.4645309159438 28.3741260275183 28.2911077483487 28.216124124163 28.1544632651827 28.097668319499 28.0515156473469 28.0120339449294 27.9818469892091 27.959595878277 27.9402664540562 27.9269838169797 27.9160079822618 27.9101572163104 27.9017224336606 27.9028983089274 27.9171752078832 27.9207890712326 27.9131575919168 27.8942350160466 27.8646045281784 27.8266242144116 27.7910280777141 27.7503774273037 27.705490639699 27.6710209022199 27.6423229982187 27.6082850132111 27.6464912645394 27.6794965479169 27.7080594755238 27.7293620818487 27.7413258407284 27.744075735047 27.7375654805774 27.7326193452645 27.7322309189205 27.7224672266026 27.7034194162078 27.6772659174501 27.6454170652011 27.6080969165513 27.5659242138955 27.5233768663987 27.4847567741998 27.4420267575609 27.3955120495982
28.5003548748634 28.4011084406006 28.3105992461351 28.2367666365045 28.1700280101047 28.1132901215802 28.0657195622712 28.0267252688814 27.9958852546646 27.9749030338533 27.9561035466148 27.9450365704026 27.9366970377537 27.9316898039518 27.9239163773669 27.9211890670153 27.9316976999153 27.9298633706812 27.9157564601976 27.8892018373557 27.8530819977997 27.8164213509877 27.7776235319261 27.7319829067348 27.6938571617727 27.6662262902271 27.6335722761028 27.657970501518 27.6880369268231 27.7132492059042 27.7306698735036 27.7396108071143 27.740128071315 27.7321380353668 27.7235743285501 27.7222781415032 27.7120486608477 27.6928815401385 27.6669168662386 27.6357759065531 27.5995951211343 27.5590214753634 27.5148972856023 27.4778008782947 27.4371864738958 27.3930032259854 27.3466368679451
28.51352403033 28.404827716006 28.3148819059039 28.2351238524307 28.1660745980169 28.1101593431857 28.0610703117507 28.0249282250716 27.9971928448812 27.9771343925112 27.9624120251549 27.9530485936096 27.9490054856634 27.946213847056 27.940316186396 27.9367719686986 27.9472432614169 27.9398041251396 27.9185695553725 27.8845359532313 27.8447975886472 27.8064778973519 27.7613540889226 27.7205388437798 27.6893201753986 27.6575545937102 27.6612676632474 27.6881252442136 27.7106254522769 27.7252875217094 27.7314592528046 27.7295722877247 27.719601215862 27.7037875635627 27.7003296687747 27.6886307925834 27.66878202593 27.6428567012465 27.6123036858799 27.5772914224526 27.5382108500145 27.4972175622946 27.4565639838809 27.4165183207485 27.378902732788 27.3445755560489 27.3099333097492
28.502673806594 28.3920434105356 28.294758391633 28.2104792403448 28.1430615561271 28.0857218439005 28.0410953624468 28.0063188095364 27.9839575768551 27.9661000468335 27.957110241166 27.9506414050021 27.9515210736134 27.9516341765258 27.9480763225859 27.9468687001586 27.9633966507777 27.9527235687287 27.9214014996014 27.8764627044226 27.8360063402686 27.7900064753211 27.7478513013877 27.7104405041687 27.6788391721264 27.6576950371188 27.6812155745028 27.7003056689694 27.7118843318593 27.7157310399755 27.7113871345566 27.6986012736886 27.6786033083489 27.6674958567169 27.6541486672631 27.6334805197264 27.6074221430477 27.5772626234997 27.5430760029327 27.5056047929745 27.4676106775278 27.4301505035884 27.3935465327142 27.3589680871673 27.3272157532843 27.2950439649403 27.2624707107184
28.4758771193846 28.354202821178 28.2494902388968 28.1655130064298 28.0962842254691 28.043133134637 28.0034472167979 27.9758231645558 27.9575139361581 27.9464149516229 27.9410296814167 27.9405256652212 27.9438117263352 27.9447970840665 27.9417692253515 27.934809119432 27.9647642164364 27.9579430433078 27.9057463274812 27.8597112717321 27.8122918134882 27.7702221179384 27.73121979025 27.7000589116527 27.6738230346721 27.6639011903005 27.6792101501608 27.6875085822115 27.688400437782 27.6814901784077 27.6667131298721 27.6449629863624 27.6301137652424 27.6136459529039 27.5905285700226 27.5628165476597 27.5315697144181 27.4970927541962 27.4618128713969 27.42653414307 27.3918397601455 27.3579748658481 27.3258111335659 27.2956147540407 27.2671956282164 27.2448446929182 27.2241054257676
28.4256114048885 28.2910653651818 28.1815412576156 28.0938754053887 28.0296829681902 27.9840848222591 27.9523973585262 27.9342902718939 27.9228366877964 27.9196668207528 27.9185327979546 27.9239894292965 27.9271605055743 27.9253344050536 27.9174676667227 27.9019593682047 27.8880738039442 27.8793104220404 27.8511215368581 27.8145740298028 27.7795365555448 27.746245549397 27.7237420312855 27.6992663154462 27.6707604217531 27.6465853513292 27.6512799054338 27.6486102537962 27.6385637264415 27.6211436198117 27.6075096786085 27.5934211114812 27.573064335666 27.5465904220575 27.5161889678297 27.4826962614032 27.4481981669399 27.4137556305011 27.379546257285 27.3459242424451 27.3134517977561 27.2832582672433 27.2565964383669 27.2329888219598 27.2114249255985 27.1904003023687 27.1700282116644
28.354697352011 28.202767554488 28.0831412814493 28.0008206260629 27.9460669907711 27.912681108274 27.896690649862 27.8883751061275 27.8896645381286 27.8916451860888 27.8998983605803 27.9061931307013 27.9064766681096 27.8995274379151 27.8842907134193 27.8643814540061 27.8373609953555 27.8035341123998 27.7907030450305 27.7706388520931 27.7502356378297 27.7374511066569 27.7180891368167 27.6940652178058 27.6740768929587 27.6491600579818 27.6185532347783 27.5916470949326 27.585165975611 27.574223646214 27.5563160214366 27.5317731906077 27.5015930573991 27.4680953599778 27.4335263917789 27.3990519937461 27.3648487303403 27.3310947332795 27.2980005936458 27.2661427183275 27.2353384383417 27.2067918810913 27.1833232467846 27.1605771056774 27.1386229481617 27.1175602411797 27.0974889864017
28.2628192099665 28.0831332766841 27.9605372872734 27.8877862288213 27.8548309195514 27.8448928405725 27.845836939982 27.8553220076758 27.8652520866367 27.8782651502649 27.8894989631929 27.8936095461297 27.8891409554511 27.8755663436607 27.8563710212083 27.8319745602988 27.804783539074 27.7745224139087 27.7511534961831 27.7433669976957 27.7406119014758 27.7289636151204 27.7139036217589 27.6986562052009 27.6767713761135 27.6483362762401 27.6139195383387 27.5742863273782 27.5369587068486 27.5160769722991 27.4884609652143 27.4549949947053 27.4198102531562 27.3846837332185 27.3498162817961 27.3153727684802 27.28154476594 27.2485207302763 27.2167069882254 27.1848619605011 27.152357518812 27.1236606739755 27.0977864543021 27.0731856692257 27.0499723474594 27.0282606441344 27.0077175616218
28.159970259936 27.9334711139763 27.8118933765595 27.776528379613 27.7818870900811 27.8012512493388 27.8257799317937 27.8480870500751 27.8694873996365 27.8866115509843 27.8951966708517 27.8934675895761 27.8831295115072 27.8665937002444 27.8444929642454 27.8210605649378 27.795734223425 27.7660207554008 27.7355719439017 27.7406806055973 27.7361397785601 27.7289619943284 27.7190435633162 27.7009972278042 27.6754989925086 27.6434888046325 27.6056399121928 27.5624750387947 27.5143152729309 27.4614196847454 27.409844794931 27.3747534684559 27.3389258474269 27.3028539590728 27.2673428784849 27.2326287154992 27.1989094201571 27.1661941554124 27.1320161579137 27.0973349176569 27.0630790272135 27.0331413197446 27.0048278960242 26.9778981719754 26.9526701678854 26.9288776925507 26.9032009605935
28.1139869885774 27.7516348479774 27.6862985749022 27.735649839403 27.7845066859829 27.8276636702306 27.8650648197284 27.8987323842249 27.9219885471458 27.9327478224176 27.9319752941216 27.9218031660121 27.90304787303 27.8830901217818 27.8575202731473 27.8333274035812 27.8029494410113 27.772695762321 27.748437647334 27.7477649034773 27.7409881521908 27.7354344345895 27.7211599970276 27.6991412554185 27.6700784746902 27.6345721881861 27.593278087853 27.5466151087722 27.4949061299322 27.4384186856648 27.3773763295196 27.3119681402296 27.2608380860784 27.2244795607213 27.1883785187213 27.153346610954 27.1182002336376 27.0808708504229 27.04325623352 27.0064999236093 26.9724475495578 26.9391326873165 26.9037921861211 26.8747778723752 26.8472830422519 26.8182361005311 26.7866946121177
28.4342202505275 28.0853895604329 27.9510390249844 27.9361636976159 27.9436361778872 27.973585499089 28.0037608713735 28.0212378916085 28.0258374763273 28.0183869229934 28.0011910305518 27.9770498299497 27.9523195968726 27.9219674856078 27.8933416678354 27.8587838621881 27.8267142363336 27.7920989356638 27.7710482394289 27.7626176004176 27.7537293184762 27.7405993324986 27.7204851391443 27.6932463245531 27.6593844499401 27.6194807526824 27.5740531614767 27.523448986915 27.4679678497911 27.4078677678648 27.3433716097089 27.2746732024746 27.2019407962126 27.148723007094 27.1123479695047 27.0734974364733 27.0324323670104 26.9913408396134 26.9519107409084 26.9139189679669 26.8767219979337 26.8368594496793 26.7938606757722 26.7609277359784 26.7281575011273 26.6927071899134 26.6550160404106
29.016956348223 28.6931879503978 28.4715999877678 28.3402399323724 28.2701483919095 28.2391049280312 28.2202045302334 28.1991149774722 28.1712362059261 28.13648828963 28.0989441101285 28.0608201756401 28.0197646893329 27.9812811030731 27.9383519435481 27.9003049626021 27.8584718539113 27.8231389622624 27.7966355899853 27.7854923154356 27.7686989826673 27.7460935988722 27.7180162559714 27.6844175248061 27.6448299839898 27.5997397711384 27.5494828783378 27.494337776312 27.4345556993001 27.3703598180138 27.3019513439251 27.2295112619035 27.1532027508059 27.0731739638853 27.0314526980927 26.9869915597752 26.9416688267857 26.8973258158874 26.8543766370454 26.8127411085002 26.7691179381504 26.7224503729533 26.6729449005258 26.6308628493105 26.5918988481152 26.5503909203867 26.5066448844616
29.4355798101413 29.1507374918892 28.9212308181311 28.7498270103791 28.6230543632987 28.5377283737803 28.4688897007868 28.4047075345905 28.3396661658426 28.2761404364493 28.2155907373561 28.1586711060216 28.1037705800916 28.0470118407564 27.9964281850376 27.9487030585477 27.9064469795127 27.8655569304934 27.8368890592437 27.8127068427155 27.784051956183 27.7510218074146 27.7136133403424 27.6718995993794 27.6259066483731 27.5750446266565 27.5194512284682 27.4593289045529 27.3948713585271 27.3262612892698 27.2536696068057 27.1772556162605 27.0971677740373 27.0135447270603 26.9400515628948 26.8904136587236 26.8414024244152 26.7931763416948 26.7463215261761 26.698476790874 26.6476224915843 26.5939673425142 26.537715745022 26.4833048471405 26.4382069924003 26.3908276478658 26.3413465337829
30.0285639246773 29.7509367222872 29.4724663106394 29.2463825323381 29.0817670204755 28.9666089321613 28.8789964646485 28.7920302043968 28.6917754810604 28.5887320908003 28.4913781694966 28.3963677125463 28.3025390603985 28.2089054670711 28.1145658975809 28.0180728162108 27.962180063752 27.9144362043654 27.8786174782404 27.8405193922545 27.7992516763164 27.7546916978077 27.7068332934468 27.6557482172883 27.6017152955265 27.544612890569 27.4833705593361 27.4179864758994 27.348597274511 27.2753409716709 27.1983541462877 27.1177702350761 27.0337186231798 26.9463242694803 26.8563607400836 26.778780667211 26.7262418634622 26.6746939033777 26.6227011577044 26.5674255816037 26.5093810484735 26.4483747356212 26.3852906704495 26.320442033921 26.266991034736 26.2137702108314 26.1585853082234
30.9225170288741 30.3216033680081 29.959268880191 29.710617566405 29.5263235219028 29.401735591353 29.3191860725195 29.2294303501287 29.0580293770385 28.897486775013 28.753139800723 28.6281528869594 28.5092206521485 28.3927624963403 28.2775862477189 28.1625949190053 28.0507940020566 27.968191109545 27.9175300283703 27.8658050838468 27.8123457032091 27.7564927194739 27.698125015491 27.6372744302718 27.5741063495314 27.5086660124196 27.4408448048362 27.3697262382879 27.2952153495097 27.2171678147558 27.1356430540999 27.0507493492239 26.9625966823652 26.8713684296711 26.7788550659211 26.6858630958034 26.5979232276268 26.5410901461521 26.4816558969421 26.4192278997812 26.354438355704 26.287684256587 26.2191959381831 26.1492296664489 26.0824357268711 26.0214497646717 25.9596291255724
30.408752104296 30.2655861195977 30.0865818376735 29.9192240974519 29.774279791769 29.6509271985085 29.5389662726972 29.4234596461818 29.2777812147696 29.1242889172395 28.974388057624 28.8284385064937 28.6852425327285 28.5448793987109 28.4073382649334 28.2874082722331 28.1788600655927 28.072100726077 27.9666551991306 27.8858432852891 27.820819224093 27.7543006050009 27.6858643479285 27.6155705550303 27.5434422136721 27.4694674324537 27.3936689842536 27.3159368300748 27.2353194500628 27.1517148495102 27.0652126860015 26.9758707128418 26.8835185010721 26.7889455454869 26.693883869253 26.5984871774928 26.5028338116116 26.4068916746689 26.3305684028925 26.2610152602952 26.1893761268328 26.1158363441716 26.0413497575371 25.9691616240287 25.8999617823761 25.8336702611892 25.7701240251165
30.0603432068832 30.0875445701586 30.0394218771121 29.955475878585 29.8589745791404 29.7589378579572 29.652826464722 29.5342781477611 29.3998494207931 29.2536551920997 29.1014716567621 28.9477113836863 28.8030145402656 28.6684227570076 28.5371457509935 28.4083629187914 28.2822649221369 28.1592201772902 28.0387313616241 27.9203425961884 27.8228825620721 27.7464592007395 27.6686354442271 27.5893791983477 27.5086351528728 27.4263676659956 27.3425746208493 27.2572810250059 27.1703745605549 27.080886518931 26.9887041844935 26.8939105684891 26.7967339154947 26.6990170926052 26.6013097469572 26.5034213429542 26.4053468128182 26.3074693743244 26.2101103672699 26.1133666672175 26.0197152883194 25.9403148354337 25.8630682504205 25.7885534175094 25.7171968734787 25.6490331526635 25.5840878503946
29.8963349537498 29.9635859794231 29.9702000317946 29.9355532946524 29.8742392549305 29.7914694992943 29.6911578805998 29.575130508156 29.4533172753802 29.3261447476543 29.1918692787883 29.0514873087751 28.9070360535869 28.7630763357211 28.6210540262671 28.4813969459801 28.3449765390533 28.2123954340239 28.0897228198381 27.9679750636332 27.8472540631334 27.7318854808853 27.645431471064 27.5577828688586 27.4688613380066 27.378632134236 27.2870887040608 27.1942484367793 27.1001486746444 27.0046656380682 26.9068232183354 26.8065265601202 26.7048567081111 26.6032868209284 26.5019150892343 26.4008337433612 26.3002424167703 26.2003816517768 26.1011277482903 26.0025746689523 25.9048168396102 25.807948008477 25.7120610085602 25.617247580002 25.5403368656518 25.4741193726618 25.4106841524144
29.8745417232832 29.9195610752292 29.9268071021877 29.8992649373193 29.8532801168312 29.7906257844916 29.7086537614351 29.6119297587139 29.5008945807432 29.3774348576408 29.2436784702417 29.1023139163236 28.955723669813 28.8082537397035 28.6606456884724 28.5261390156316 28.3973917135865 28.2660728412286 28.1329705629166 28.0006598599443 27.8697442333452 27.7385507440152 27.6156861919479 27.5202244256256 27.4235885892174 27.325762713521 27.2267514954794 27.1265782099149 27.0252823850664 26.922917447184 26.8193304106012 26.7138555340222 26.6082127675403 26.5027694105353 26.397611159782 26.2929091767743 26.1890916594229 26.0862635746911 25.9845264267093 25.8839518099869 25.7843191451999 25.6856345293832 25.5888902737109 25.4934871666389 25.400149946565 25.3097361922112 25.2373843968754
