data/pm10_slope_sharpnack_modal.asc
ncols	541
nrows	200
xllcorner	12.09692
yllcorner	48.55814
cellsize	0.0125
NODATA_value	-9999.0
[rows 120 to 149 of 200, columns 201 to 267 of 541]
0.11278 0.11891 0.12494 0.13138 0.13824 0.14591 0.15518 0.16568 0.17672 0.18815 0.20002 0.21288 0.22503 0.23369 0.23877 0.24195 0.2445 0.24678 0.24878 0.25046 0.25165 0.25225 0.25227 0.25193 0.25146 0.251 0.25058 0.25016 0.24978 0.24922 0.24837 0.24755 0.24712 0.24731 0.24839 0.24996 0.24787 0.23272 0.20854 0.18158 0.15684 0.13686 0.12116 0.10913 0.0996 0.09132 0.0839 0.07804 0.07389 0.07106 0.06892 0.06731 0.06595 0.06504 0.06411 0.06325 0.06213 0.06107 0.06058 0.06124 0.06317 0.06626 0.07036 0.0753 0.08093 0.08701 0.09322
0.11419 0.12124 0.12802 0.13498 0.14223 0.14997 0.15893 0.16906 0.17983 0.19105 0.2032 0.21663 0.2297 0.24044 0.24803 0.25261 0.25526 0.25733 0.25906 0.26046 0.26159 0.26232 0.26256 0.26234 0.26171 0.26086 0.26004 0.25936 0.25886 0.25828 0.25764 0.2572 0.25702 0.25708 0.25694 0.25548 0.25054 0.24019 0.22448 0.20509 0.18442 0.16535 0.14937 0.13653 0.12594 0.1164 0.10728 0.0991 0.09268 0.08809 0.08473 0.08204 0.07994 0.07804 0.07635 0.0747 0.07308 0.07197 0.07176 0.0728 0.07523 0.07868 0.08295 0.08775 0.09317 0.0991 0.10507
0.11389 0.12231 0.13004 0.1378 0.14584 0.15408 0.16306 0.17335 0.18423 0.19519 0.20736 0.22075 0.23356 0.24515 0.25491 0.26157 0.2651 0.26689 0.26822 0.26924 0.27006 0.27061 0.27094 0.27096 0.27057 0.26978 0.26874 0.26762 0.26655 0.26546 0.26442 0.26357 0.26277 0.26174 0.26 0.25683 0.25122 0.24218 0.2293 0.21364 0.197 0.1813 0.16727 0.15511 0.14464 0.13539 0.12653 0.11777 0.10973 0.10344 0.09894 0.0956 0.09284 0.09044 0.0882 0.08602 0.08426 0.08319 0.08343 0.08497 0.08769 0.09143 0.09576 0.1005 0.10569 0.11118 0.11662
0.11437 0.12498 0.13439 0.14325 0.15205 0.16084 0.16974 0.17972 0.19042 0.20102 0.21249 0.22479 0.23647 0.24767 0.25817 0.26676 0.27219 0.27459 0.27554 0.27615 0.27655 0.27675 0.2768 0.27673 0.27646 0.2759 0.27501 0.27381 0.27223 0.27033 0.26848 0.26672 0.26493 0.26285 0.26006 0.25577 0.24926 0.24004 0.22869 0.21619 0.20322 0.19034 0.17807 0.167 0.15729 0.14886 0.14103 0.13308 0.1249 0.11739 0.11149 0.10724 0.10397 0.10109 0.09844 0.09618 0.09445 0.09375 0.09445 0.09649 0.09955 0.10349 0.10784 0.11247 0.11735 0.12235 0.12704
0.11662 0.12946 0.14103 0.15126 0.16072 0.16974 0.17824 0.18735 0.19723 0.20741 0.21813 0.22891 0.23917 0.24934 0.25929 0.26863 0.2759 0.27995 0.28119 0.28132 0.28126 0.28103 0.2807 0.28025 0.2797 0.27909 0.27832 0.27722 0.27559 0.27339 0.27091 0.26823 0.26546 0.26226 0.25809 0.25229 0.24493 0.23633 0.22696 0.21684 0.20618 0.19529 0.18463 0.17467 0.16574 0.15786 0.1509 0.14422 0.13715 0.12965 0.12272 0.11713 0.113 0.10973 0.10691 0.10459 0.10305 0.10276 0.10387 0.10635 0.10973 0.11375 0.11807 0.12264 0.12732 0.13191 0.13627
0.11874 0.13315 0.1468 0.159 0.16974 0.17914 0.18743 0.1955 0.20416 0.21364 0.22352 0.23292 0.24176 0.25048 0.25921 0.26794 0.27606 0.28196 0.28457 0.28476 0.28422 0.28355 0.28279 0.28194 0.28103 0.28005 0.27902 0.27781 0.27615 0.27408 0.27162 0.26863 0.26482 0.25987 0.25387 0.24724 0.24027 0.23281 0.22472 0.21599 0.20688 0.19759 0.18836 0.17942 0.17111 0.16371 0.15723 0.15146 0.14574 0.1395 0.13255 0.1259 0.12054 0.11662 0.11371 0.11149 0.11018 0.11023 0.11171 0.11432 0.11773 0.12166 0.12598 0.13061 0.13531 0.13986 0.14478
0.11962 0.13535 0.1509 0.16535 0.1781 0.18871 0.19713 0.20403 0.21109 0.2192 0.22779 0.23592 0.24352 0.25082 0.25809 0.2655 0.27309 0.28007 0.28457 0.28588 0.28517 0.28411 0.28297 0.28174 0.28048 0.27918 0.27778 0.27613 0.27423 0.27219 0.26957 0.26599 0.26121 0.25554 0.24946 0.24313 0.23641 0.22928 0.22177 0.21399 0.20601 0.19791 0.18982 0.18185 0.17421 0.16715 0.16103 0.15566 0.15086 0.14598 0.14025 0.13368 0.12732 0.12235 0.11895 0.11683 0.11584 0.11615 0.11773 0.12033 0.12361 0.12748 0.13176 0.13657 0.14163 0.14717 0.15304
0.11845 0.1355 0.15287 0.16971 0.18488 0.19748 0.20666 0.21263 0.21753 0.22329 0.23011 0.23679 0.24319 0.24936 0.25542 0.26155 0.26799 0.27468 0.28054 0.28374 0.28392 0.2826 0.28116 0.27966 0.2781 0.27651 0.27481 0.27284 0.27043 0.26741 0.26365 0.25942 0.25497 0.25034 0.24521 0.2394 0.23292 0.22599 0.21879 0.21147 0.20413 0.19675 0.18953 0.1824 0.17544 0.16888 0.16291 0.15777 0.15326 0.14913 0.14471 0.1395 0.13345 0.12759 0.12325 0.12079 0.11987 0.12025 0.1217 0.12418 0.1274 0.1313 0.13605 0.1417 0.14792 0.15427 0.16022
0.11375 0.13195 0.15149 0.17123 0.18937 0.20443 0.21473 0.22007 0.22224 0.22463 0.22906 0.23429 0.23956 0.24491 0.25026 0.25564 0.26115 0.26693 0.27297 0.27778 0.27975 0.27903 0.27738 0.2757 0.27399 0.27223 0.27009 0.26717 0.26363 0.25967 0.25575 0.25193 0.24805 0.24395 0.23935 0.23426 0.22863 0.22249 0.21587 0.20895 0.20192 0.19491 0.1881 0.18152 0.17516 0.16909 0.16337 0.15824 0.15379 0.14983 0.14622 0.14241 0.13784 0.13248 0.1274 0.12369 0.12211 0.12227 0.12365 0.12606 0.12942 0.13409 0.14021 0.14694 0.15343 0.15919 0.16477
0.10407 0.1217 0.14307 0.16691 0.18979 0.20828 0.2198 0.22309 0.22159 0.22052 0.22264 0.22678 0.23154 0.23656 0.24176 0.24698 0.25223 0.25751 0.263 0.2685 0.27227 0.27306 0.27175 0.27006 0.26807 0.26559 0.26234 0.25861 0.25493 0.25142 0.24791 0.24429 0.24048 0.23637 0.23206 0.22749 0.22267 0.21746 0.21185 0.20582 0.19947 0.19298 0.18641 0.18006 0.17395 0.16814 0.16257 0.15738 0.15284 0.14893 0.14553 0.14248 0.13928 0.13539 0.13077 0.12617 0.12329 0.1226 0.12381 0.12669 0.13134 0.13755 0.14433 0.15047 0.15572 0.16087 0.1667
0.09083 0.10213 0.11925 0.14519 0.17556 0.19814 0.21758 0.21213 0.20753 0.2063 0.20876 0.21338 0.21872 0.22423 0.22976 0.23531 0.24079 0.24625 0.25161 0.25708 0.26205 0.26471 0.26423 0.26203 0.25927 0.25609 0.25276 0.24952 0.24629 0.24302 0.2396 0.23599 0.23223 0.22828 0.22414 0.21984 0.21538 0.21076 0.20594 0.2009 0.1956 0.19008 0.18428 0.17844 0.17257 0.16676 0.16115 0.15582 0.151 0.1469 0.14349 0.14053 0.13777 0.13498 0.13183 0.12791 0.12442 0.1228 0.12422 0.12837 0.13409 0.14018 0.14553 0.15013 0.15466 0.16003 0.16619
0.08649 0.08672 0.08556 0.08037 0.06066 0.08044 0.14724 0.1705 0.1783 0.18322 0.18881 0.19524 0.20216 0.20869 0.21497 0.22109 0.22709 0.233 0.23887 0.24456 0.2498 0.25352 0.25391 0.25173 0.24902 0.24623 0.24333 0.24031 0.23717 0.23394 0.23061 0.22711 0.22349 0.21973 0.2158 0.21175 0.20756 0.20325 0.19882 0.19435 0.18979 0.18515 0.18036 0.17541 0.17026 0.16498 0.15956 0.15424 0.14913 0.14446 0.14053 0.13711 0.1342 0.13187 0.12973 0.12771 0.12606 0.12574 0.12728 0.13061 0.13487 0.1391 0.143 0.14697 0.15153 0.15688 0.16282
0.10392 0.10602 0.10913 0.11524 0.11916 0.12661 0.15761 0.16112 0.16205 0.16511 0.17009 0.17627 0.18368 0.19136 0.19847 0.2053 0.21208 0.21854 0.22468 0.23035 0.23548 0.24012 0.24269 0.24199 0.23933 0.23633 0.23341 0.23046 0.22744 0.22437 0.22113 0.21783 0.21436 0.21076 0.2071 0.20327 0.19935 0.19535 0.19126 0.18711 0.18292 0.17875 0.1745 0.17024 0.16586 0.16131 0.15668 0.15186 0.1469 0.14192 0.13733 0.13342 0.13015 0.12795 0.12681 0.12728 0.12857 0.12973 0.13023 0.13084 0.13248 0.1352 0.13853 0.14227 0.14659 0.15146 0.15681
0.12861 0.13609 0.14673 0.16084 0.17297 0.17903 0.17936 0.17021 0.1609 0.15678 0.15719 0.16028 0.16595 0.17367 0.18182 0.18947 0.19667 0.20327 0.2095 0.21557 0.22138 0.22698 0.23137 0.23234 0.22996 0.2265 0.22325 0.22025 0.21737 0.21443 0.21138 0.20821 0.20494 0.20157 0.19812 0.19455 0.19089 0.18716 0.18336 0.17953 0.17567 0.17173 0.16775 0.16371 0.15966 0.1555 0.15133 0.14704 0.14262 0.13809 0.13375 0.13004 0.12759 0.12677 0.12693 0.12791 0.12896 0.12965 0.12969 0.12938 0.12973 0.13092 0.13323 0.13642 0.14018 0.14422 0.14843
0.14629 0.15405 0.16279 0.1712 0.1768 0.17793 0.17404 0.16628 0.15738 0.15096 0.14863 0.14926 0.15258 0.15887 0.16673 0.17461 0.18215 0.18924 0.19575 0.20201 0.20799 0.21366 0.21881 0.22165 0.22064 0.21728 0.21375 0.21045 0.20734 0.20435 0.20144 0.19844 0.19537 0.19222 0.18897 0.18563 0.18224 0.17875 0.17524 0.17167 0.16802 0.16429 0.16044 0.15652 0.15251 0.14843 0.14433 0.14025 0.13627 0.13266 0.12973 0.12779 0.12724 0.12724 0.12708 0.12657 0.12613 0.12625 0.12669 0.12744 0.12771 0.12779 0.12834 0.13012 0.13263 0.13531 0.13777
0.15588 0.16196 0.16775 0.1721 0.17381 0.17205 0.16727 0.16059 0.15339 0.14795 0.14546 0.14529 0.14677 0.15017 0.15579 0.16245 0.16935 0.17618 0.18265 0.18879 0.19465 0.20037 0.20569 0.20986 0.2109 0.20864 0.20509 0.20159 0.19812 0.19481 0.19168 0.18868 0.18574 0.18278 0.17975 0.17664 0.17346 0.17024 0.16697 0.16355 0.16 0.15633 0.15258 0.14869 0.14474 0.14075 0.13686 0.13338 0.13065 0.12869 0.12732 0.12602 0.12498 0.12385 0.12288 0.1219 0.12157 0.12182 0.12288 0.12438 0.12554 0.1257 0.1251 0.12466 0.1247 0.12522 0.1257
0.15997 0.16429 0.16766 0.1695 0.16932 0.1673 0.16398 0.15972 0.15511 0.15116 0.14866 0.14714 0.14625 0.14625 0.14802 0.15179 0.15697 0.16297 0.16929 0.17567 0.1818 0.18746 0.19264 0.19748 0.2005 0.19997 0.19695 0.19347 0.18987 0.18631 0.18281 0.17953 0.17641 0.17344 0.17056 0.16763 0.16471 0.16162 0.1584 0.15502 0.15156 0.14792 0.14422 0.14043 0.13678 0.13364 0.13103 0.12907 0.12775 0.12629 0.12426 0.1217 0.11933 0.1173 0.11593 0.11511 0.11524 0.11615 0.11781 0.11975 0.12128 0.12198 0.12157 0.11992 0.11777 0.1158 0.11437
0.16128 0.16465 0.16757 0.16935 0.16976 0.16926 0.16775 0.16495 0.1609 0.15627 0.15202 0.14819 0.14502 0.14262 0.14163 0.14279 0.14608 0.15086 0.15656 0.16276 0.16891 0.1747 0.18003 0.18515 0.1896 0.191 0.18897 0.18566 0.18224 0.17872 0.1751 0.17152 0.16808 0.1648 0.16174 0.15875 0.15579 0.15274 0.14953 0.14618 0.14272 0.13925 0.13609 0.1333 0.131 0.12931 0.12783 0.12617 0.12414 0.1217 0.11862 0.11546 0.11252 0.11009 0.10858 0.10812 0.10863 0.10982 0.11149 0.11309 0.11415 0.11441 0.11415 0.11296 0.11086 0.10807 0.10526
0.16574 0.16944 0.17289 0.17499 0.17564 0.17481 0.17245 0.16855 0.16328 0.15745 0.15192 0.14707 0.14293 0.13968 0.13737 0.13649 0.13766 0.14071 0.14516 0.15047 0.15604 0.16171 0.16739 0.17309 0.17847 0.18166 0.18102 0.1781 0.17484 0.17149 0.16808 0.16456 0.16093 0.15732 0.15379 0.1503 0.14694 0.14363 0.14043 0.13744 0.13476 0.13244 0.1305 0.129 0.12748 0.12574 0.12353 0.12108 0.11836 0.11528 0.11171 0.1084 0.10559 0.10344 0.10213 0.10183 0.10232 0.10325 0.10431 0.10507 0.10512 0.10464 0.10402 0.1032 0.10193 0.09995 0.09711
0.17513 0.17765 0.17936 0.17972 0.17866 0.17632 0.17268 0.16802 0.16254 0.15668 0.15113 0.14605 0.14146 0.13766 0.13465 0.13251 0.13176 0.13289 0.13568 0.13939 0.14384 0.14903 0.15479 0.16084 0.16676 0.17167 0.173 0.17085 0.16772 0.16447 0.16112 0.1577 0.15411 0.15043 0.14659 0.14276 0.13925 0.13612 0.13342 0.13126 0.12954 0.12802 0.12641 0.12466 0.12252 0.12008 0.11743 0.11446 0.11145 0.10821 0.10479 0.10193 0.0997 0.09778 0.09623 0.0955 0.0955 0.09576 0.09612 0.09607 0.0956 0.09482 0.09402 0.09311 0.09198 0.09055 0.0886
0.18149 0.18133 0.18086 0.17978 0.17779 0.17499 0.17135 0.16688 0.16174 0.15614 0.1506 0.1454 0.14061 0.13642 0.13289 0.13008 0.12814 0.12744 0.12818 0.13019 0.1333 0.13759 0.14283 0.14866 0.15473 0.16059 0.16398 0.1634 0.16069 0.15758 0.15427 0.15083 0.14734 0.14401 0.14078 0.13759 0.13476 0.13217 0.12965 0.12736 0.12522 0.12309 0.12091 0.11857 0.11606 0.11318 0.11018 0.10733 0.10469 0.10198 0.09899 0.09638 0.09418 0.09198 0.08989 0.08849 0.08769 0.08746 0.08741 0.08706 0.08637 0.08567 0.08485 0.08385 0.08283 0.08155 0.07994
0.18368 0.18202 0.18055 0.17908 0.17695 0.17416 0.17065 0.16643 0.16165 0.1563 0.15086 0.14571 0.14078 0.13631 0.1324 0.12915 0.12649 0.12438 0.12313 0.12329 0.12506 0.1283 0.13255 0.13759 0.14318 0.14913 0.15392 0.15495 0.15297 0.1505 0.14782 0.14495 0.14206 0.13943 0.13693 0.13435 0.13172 0.12915 0.12649 0.12373 0.12087 0.11798 0.11489 0.11176 0.10877 0.10588 0.10339 0.10124 0.09915 0.09654 0.09349 0.09061 0.08803 0.08544 0.08264 0.08068 0.0795 0.07906 0.0788 0.07842 0.07778 0.07707 0.07635 0.0755 0.07457 0.07348 0.07218
0.18601 0.18347 0.18127 0.1793 0.17712 0.17438 0.171 0.16703 0.16251 0.15748 0.15218 0.147 0.14206 0.1374 0.13323 0.12958 0.12633 0.12337 0.12079 0.1195 0.11983 0.12166 0.12462 0.12834 0.13282 0.13788 0.14307 0.14567 0.14491 0.14325 0.14167 0.13986 0.13777 0.13546 0.13304 0.13069 0.12814 0.12558 0.12288 0.11975 0.1164 0.11292 0.10941 0.10611 0.10325 0.1006 0.09823 0.09597 0.09375 0.09094 0.08752 0.0842 0.0813 0.07829 0.07523 0.0728 0.07148 0.07092 0.07071 0.07029 0.06971 0.06921 0.06863 0.06797 0.06723 0.06641 0.0655
0.18873 0.18555 0.18262 0.18006 0.17776 0.1751 0.17181 0.16805 0.16383 0.15909 0.15405 0.149 0.14405 0.13946 0.1352 0.13122 0.1274 0.12365 0.12029 0.11764 0.11597 0.11567 0.1167 0.11891 0.12223 0.12669 0.13202 0.13598 0.13653 0.13535 0.1342 0.13308 0.13183 0.13035 0.12865 0.12665 0.12406 0.12112 0.11803 0.11489 0.11171 0.10872 0.10588 0.103 0.1 0.09706 0.09413 0.09143 0.0886 0.08503 0.08112 0.07746 0.0743 0.07106 0.0679 0.06535 0.0638 0.06317 0.06301 0.06269 0.06229 0.06189 0.06148 0.06116 0.06075 0.06017 0.05967
0.19144 0.18788 0.18428 0.18116 0.17855 0.17598 0.17295 0.16947 0.16562 0.16134 0.15662 0.15166 0.14656 0.14156 0.13649 0.1313 0.12602 0.12087 0.11623 0.11225 0.10895 0.10686 0.10649 0.10794 0.11104 0.11546 0.12079 0.12578 0.12763 0.12689 0.12602 0.12534 0.1247 0.12369 0.12227 0.12054 0.11841 0.11606 0.11349 0.111 0.1084 0.10569 0.10296 0.1001 0.09716 0.09407 0.09094 0.08792 0.08456 0.08037 0.07583 0.07141 0.06797 0.06442 0.06083 0.05822 0.05657 0.05586 0.05568 0.0555 0.05532 0.05514 0.05505 0.05495 0.05486 0.05468 0.0545
0.1946 0.19087 0.18676 0.18292 0.17969 0.17678 0.17358 0.16982 0.16559 0.16093 0.15563 0.14987 0.14381 0.13755 0.13107 0.12442 0.11786 0.11189 0.10668 0.10247 0.0992 0.09701 0.09638 0.09767 0.1007 0.10502 0.11045 0.11628 0.1195 0.11937 0.11841 0.11739 0.11636 0.11533 0.11428 0.11318 0.11207 0.11077 0.10918 0.10719 0.10498 0.10247 0.0998 0.09701 0.09413 0.0911 0.08803 0.08503 0.08167 0.07727 0.07225 0.06738 0.0634 0.05925 0.05505 0.05187 0.0497 0.04899 0.04879 0.04889 0.04889 0.04899 0.04909 0.0494 0.0496 0.0498 0.05
0.19445 0.19003 0.18518 0.18014 0.17561 0.17155 0.1676 0.16316 0.15827 0.15294 0.14697 0.14061 0.13394 0.12712 0.12029 0.11371 0.10761 0.10223 0.09757 0.09391 0.09127 0.08961 0.08899 0.09 0.09274 0.09701 0.10232 0.10826 0.11216 0.11247 0.11131 0.11023 0.10909 0.10812 0.1071 0.10607 0.10507 0.10407 0.10296 0.10159 0.1001 0.09823 0.09618 0.09375 0.09105 0.0882 0.08532 0.08246 0.07918 0.07483 0.06964 0.06465 0.0605 0.05595 0.05119 0.04733 0.04461 0.04336 0.04301 0.04278 0.0429 0.04324 0.04382 0.04438 0.04494 0.0455 0.04604
0.18719 0.18207 0.17649 0.17068 0.16508 0.16016 0.15579 0.15153 0.14697 0.14216 0.13697 0.13111 0.1247 0.11794 0.11136 0.10531 0.09985 0.09513 0.09121 0.08826 0.08631 0.08538 0.08538 0.08654 0.08877 0.09214 0.0967 0.10208 0.1064 0.10714 0.10574 0.10431 0.10291 0.10154 0.1003 0.09915 0.09798 0.09695 0.09586 0.09482 0.0937 0.09236 0.09088 0.08922 0.08724 0.08503 0.08264 0.08012 0.07694 0.07266 0.06753 0.06237 0.05822 0.05376 0.04879 0.04461 0.04147 0.03975 0.03899 0.03873 0.0386 0.03886 0.03937 0.04 0.04074 0.04159 0.04254
0.17891 0.17378 0.16823 0.16248 0.15652 0.15106 0.14632 0.14216 0.13799 0.13368 0.129 0.12365 0.11769 0.11145 0.10555 0.10015 0.09555 0.09182 0.08911 0.08729 0.08626 0.08585 0.08602 0.08695 0.08832 0.09039 0.09333 0.09737 0.10129 0.10223 0.10055 0.09874 0.09711 0.09566 0.09423 0.09295 0.09171 0.0905 0.08927 0.08809 0.08695 0.08579 0.08462 0.08337 0.08204 0.08044 0.0788 0.07694 0.0743 0.0705 0.06557 0.06042 0.0563 0.05177 0.04658 0.04231 0.03924 0.03728 0.03647 0.03606 0.03606 0.03619 0.03661 0.03728 0.03808 0.03899 0.04
0.17332 0.16802 0.16239 0.15656 0.15053 0.14474 0.13975 0.13572 0.1321 0.1283 0.12414 0.1195 0.11454 0.10959 0.10498 0.1009 0.09737 0.09445 0.09203 0.09022 0.08888 0.08792 0.08741 0.08735 0.08775 0.08871 0.0905 0.09327 0.0968 0.09803 0.09644 0.09439 0.09252 0.09083 0.08922 0.08775 0.08626 0.08491 0.08367 0.08234 0.08112 0.07987 0.07861 0.0774 0.07609 0.07483 0.07348 0.07218 0.07014 0.06693 0.06253 0.05771 0.05394 0.0498 0.04483 0.0405 0.03715 0.03521 0.03435 0.03406 0.03421 0.03464 0.03507 0.03578 0.03674 0.03755 0.03873
