data/pm10_slope_horn_modal.asc
ncols	541
nrows	200
xllcorner	12.09692
yllcorner	48.55814
cellsize	0.0125
NODATA_value	-9999.0
[rows 120 to 149 of 200, columns 67 to 133 of 541]
0.15579 0.15767 0.15893 0.15997 0.161 0.16205 0.1631 0.16432 0.16571 0.16745 0.17776 0.19506 0.2004 0.20142 0.20169 0.20164 0.20149 0.20132 0.20122 0.20125 0.20142 0.20177 0.20236 0.20317 0.20423 0.20548 0.20691 0.20847 0.21014 0.2118 0.21296 0.21333 0.21347 0.21373 0.21401 0.21424 0.21436 0.21441 0.21445 0.21438 0.21399 0.21312 0.21171 0.20971 0.20732 0.20467 0.20187 0.19892 0.19601 0.19326 0.19074 0.18852 0.18663 0.18507 0.1839 0.18317 0.18281 0.18287 0.18325 0.18374 0.18442 0.18499 0.18545 0.18601 0.18668 0.18746 0.18849
0.17751 0.18053 0.18349 0.18663 0.19011 0.19427 0.19945 0.20642 0.21631 0.23095 0.24517 0.24735 0.23812 0.22935 0.22302 0.21863 0.21559 0.21333 0.21166 0.2104 0.20943 0.20876 0.20842 0.20849 0.2089 0.20962 0.21062 0.21183 0.21328 0.21473 0.21559 0.21575 0.21575 0.21575 0.21587 0.21636 0.21746 0.21895 0.22 0.2202 0.21968 0.21845 0.21661 0.21445 0.21213 0.20964 0.207 0.2043 0.20172 0.1992 0.19688 0.19478 0.19298 0.19144 0.19021 0.18934 0.18879 0.18831 0.18786 0.1874 0.18716 0.18711 0.18716 0.1874 0.18804 0.18918 0.19092
0.19352 0.19769 0.20206 0.20678 0.21192 0.21772 0.22443 0.23234 0.24147 0.25072 0.25727 0.25799 0.25292 0.24491 0.23673 0.22983 0.22454 0.22059 0.21758 0.21517 0.21326 0.21168 0.2105 0.20976 0.20952 0.20979 0.21048 0.21147 0.21272 0.21401 0.21469 0.21476 0.21473 0.21478 0.21517 0.21631 0.21822 0.2203 0.22206 0.22314 0.22307 0.22199 0.22052 0.21879 0.21682 0.21457 0.21216 0.20974 0.20736 0.20504 0.20288 0.20087 0.1991 0.19761 0.19634 0.19522 0.19409 0.1929 0.19178 0.19095 0.19042 0.19013 0.19 0.19047 0.19178 0.1938 0.19624
0.20586 0.21019 0.21473 0.21957 0.22477 0.23035 0.23637 0.24269 0.2489 0.25422 0.25747 0.25778 0.25509 0.25 0.24333 0.23601 0.22904 0.2232 0.21865 0.21524 0.21251 0.21031 0.20854 0.20722 0.20652 0.20645 0.20705 0.20821 0.20974 0.21128 0.21218 0.2126 0.21307 0.21396 0.21557 0.21767 0.21991 0.22206 0.22396 0.22543 0.22619 0.22619 0.22541 0.22399 0.22215 0.22011 0.21792 0.21573 0.21354 0.21138 0.20936 0.20746 0.20574 0.20416 0.20256 0.2008 0.19902 0.19738 0.19606 0.19524 0.19496 0.19532 0.19611 0.19746 0.19935 0.20154 0.20389
0.21668 0.2205 0.22445 0.2286 0.233 0.23768 0.2424 0.24708 0.25124 0.2544 0.25607 0.25585 0.25381 0.25022 0.24538 0.23937 0.23253 0.22546 0.21911 0.21399 0.2101 0.20729 0.20516 0.20357 0.20263 0.20248 0.20322 0.20474 0.20691 0.20912 0.21069 0.21194 0.21361 0.21594 0.21868 0.22136 0.22372 0.22565 0.2272 0.22856 0.22991 0.23093 0.23113 0.23033 0.22876 0.22689 0.22488 0.22282 0.22075 0.21872 0.21675 0.21485 0.21291 0.21083 0.20861 0.20645 0.20452 0.20303 0.20214 0.20211 0.20295 0.20445 0.20613 0.20782 0.2095 0.21121 0.213
0.22532 0.22895 0.2327 0.23654 0.24042 0.24425 0.24793 0.25128 0.25399 0.25579 0.25646 0.25577 0.25375 0.25052 0.24631 0.24133 0.2355 0.22887 0.2217 0.21464 0.20866 0.20413 0.20102 0.1991 0.19804 0.19794 0.19892 0.20105 0.20411 0.20734 0.21024 0.21319 0.21673 0.2205 0.22394 0.22691 0.22933 0.23106 0.23238 0.23369 0.23495 0.23588 0.23656 0.23679 0.23618 0.23484 0.23302 0.23111 0.22915 0.22718 0.22514 0.22289 0.22041 0.21783 0.21541 0.21338 0.21199 0.2114 0.21171 0.21279 0.21445 0.21626 0.21776 0.21904 0.2203 0.22149 0.22267
0.23234 0.23601 0.23973 0.24339 0.24698 0.25038 0.25344 0.25607 0.25803 0.25915 0.25929 0.25836 0.25632 0.25324 0.24926 0.2445 0.23914 0.2332 0.22652 0.21911 0.21147 0.20443 0.19892 0.19529 0.19352 0.19336 0.1947 0.19761 0.20184 0.20664 0.21164 0.21719 0.2228 0.22775 0.2318 0.23488 0.23719 0.23904 0.24052 0.2415 0.24199 0.2424 0.24292 0.24347 0.24384 0.24368 0.24271 0.24102 0.239 0.23664 0.23403 0.23119 0.22839 0.2259 0.22408 0.22298 0.22271 0.22314 0.22408 0.22532 0.22669 0.22814 0.22933 0.23022 0.23102 0.23184 0.23259
0.23831 0.24201 0.24564 0.24918 0.25255 0.25566 0.2584 0.26065 0.2623 0.26323 0.26332 0.26249 0.26071 0.25803 0.25444 0.25006 0.24495 0.23919 0.23285 0.22585 0.21815 0.20993 0.20189 0.19524 0.191 0.18955 0.19097 0.19491 0.20095 0.20837 0.21649 0.22474 0.23236 0.23868 0.24337 0.24664 0.24898 0.25058 0.2515 0.25187 0.25183 0.25156 0.2514 0.25148 0.25173 0.25205 0.25193 0.25084 0.24864 0.24566 0.24255 0.23981 0.23763 0.2362 0.23546 0.23533 0.23563 0.23614 0.23683 0.2377 0.2387 0.23981 0.24069 0.24121 0.24168 0.24207 0.24247
0.24341 0.24712 0.25074 0.25418 0.25743 0.26042 0.26304 0.2652 0.2668 0.26777 0.26803 0.26751 0.26618 0.26399 0.26102 0.25718 0.25257 0.24716 0.24102 0.23414 0.22658 0.21824 0.20926 0.20022 0.19246 0.1878 0.18762 0.1922 0.20125 0.21288 0.2249 0.23609 0.24564 0.2533 0.25892 0.26253 0.2644 0.26488 0.26456 0.26397 0.26327 0.26239 0.2614 0.26038 0.25958 0.25882 0.25805 0.25714 0.25587 0.25426 0.25243 0.25082 0.24976 0.24914 0.24882 0.24868 0.2487 0.2489 0.24926 0.24976 0.25042 0.2512 0.25179 0.25201 0.25209 0.25213 0.25215
0.24779 0.2515 0.25511 0.25857 0.26182 0.26482 0.26745 0.2697 0.27148 0.27273 0.27335 0.27331 0.2726 0.27115 0.26894 0.26599 0.2622 0.2576 0.25209 0.24566 0.23824 0.22978 0.2203 0.20983 0.1991 0.19011 0.18604 0.19042 0.20354 0.221 0.23805 0.25273 0.26422 0.27269 0.27839 0.28155 0.28249 0.28173 0.28002 0.27792 0.27581 0.27384 0.27181 0.26952 0.26698 0.26475 0.26319 0.26251 0.26264 0.26329 0.26384 0.26387 0.26336 0.26268 0.26205 0.26161 0.26132 0.26121 0.26121 0.2614 0.26174 0.2622 0.26255 0.26249 0.26224 0.26195 0.26163
0.25158 0.25526 0.25892 0.26245 0.26578 0.26889 0.27172 0.27419 0.27628 0.27794 0.27909 0.27971 0.27977 0.27925 0.2781 0.27628 0.27379 0.27052 0.26638 0.26129 0.25505 0.24747 0.23822 0.22709 0.21401 0.19977 0.18868 0.1905 0.21033 0.23787 0.26167 0.27907 0.29074 0.29794 0.30166 0.30297 0.30259 0.30078 0.29778 0.29387 0.2896 0.28536 0.28157 0.27828 0.27548 0.2732 0.27161 0.27092 0.27118 0.27208 0.27339 0.27459 0.27528 0.27528 0.27474 0.27403 0.27342 0.273 0.27271 0.27258 0.27258 0.27275 0.27286 0.2726 0.27203 0.27142 0.27078
0.25491 0.25855 0.26218 0.26582 0.26933 0.27264 0.27572 0.27851 0.28103 0.2832 0.28499 0.28639 0.28738 0.28794 0.28805 0.28766 0.28679 0.28536 0.28332 0.28059 0.27698 0.27227 0.26606 0.2578 0.24652 0.23115 0.21119 0.20015 0.23143 0.27939 0.30684 0.32083 0.32715 0.32906 0.32847 0.32659 0.32377 0.32014 0.31572 0.31048 0.30465 0.29888 0.29379 0.28971 0.28683 0.28476 0.28309 0.28169 0.28075 0.28046 0.28094 0.28205 0.28344 0.28473 0.28541 0.28541 0.28489 0.28422 0.28364 0.28321 0.28295 0.28279 0.28267 0.28226 0.28144 0.28054 0.27961
0.25776 0.2614 0.26507 0.26874 0.27238 0.27593 0.27934 0.28251 0.28552 0.28827 0.29076 0.29302 0.29501 0.29672 0.29819 0.29938 0.30035 0.30111 0.30165 0.30196 0.30206 0.30196 0.30161 0.301 0.30008 0.29922 0.29881 0.30576 0.33872 0.3726 0.37745 0.37565 0.37086 0.36477 0.3583 0.35174 0.34522 0.33904 0.33327 0.32764 0.32196 0.31612 0.31031 0.30498 0.3004 0.29687 0.29431 0.29235 0.29074 0.28941 0.28858 0.28848 0.28919 0.29048 0.29206 0.29345 0.29421 0.29431 0.29387 0.29326 0.29271 0.29228 0.29196 0.29139 0.29041 0.28922 0.28801
0.26 0.26378 0.26749 0.27122 0.27497 0.27871 0.28242 0.28604 0.2895 0.29287 0.29607 0.29915 0.30211 0.30498 0.30778 0.31056 0.31338 0.31628 0.31939 0.32283 0.32677 0.33147 0.33736 0.34518 0.3565 0.37376 0.40026 0.43476 0.46135 0.46035 0.4406 0.42412 0.41049 0.39876 0.38819 0.37818 0.36877 0.36021 0.35248 0.34559 0.33947 0.33362 0.32761 0.3214 0.31534 0.30995 0.30552 0.30226 0.29997 0.29821 0.29675 0.29562 0.29497 0.29511 0.29602 0.29752 0.29927 0.30078 0.30173 0.30199 0.30171 0.30116 0.30062 0.29997 0.29886 0.29746 0.29601
0.26161 0.26552 0.26941 0.27324 0.27707 0.28096 0.2849 0.28888 0.29283 0.29673 0.30058 0.30442 0.30827 0.31217 0.31618 0.32033 0.32473 0.32947 0.33471 0.34065 0.34749 0.35561 0.36561 0.3786 0.39584 0.41777 0.44336 0.46774 0.48172 0.47973 0.46677 0.45124 0.43669 0.42379 0.41231 0.40188 0.39214 0.38264 0.3733 0.3645 0.35651 0.3493 0.34275 0.33659 0.33041 0.32416 0.31823 0.3131 0.309 0.30614 0.30419 0.30272 0.30151 0.3006 0.30017 0.30048 0.30156 0.3032 0.30512 0.30682 0.30799 0.3085 0.30843 0.30786 0.30674 0.30519 0.30351
0.26255 0.26659 0.27061 0.27463 0.27864 0.28265 0.28674 0.29095 0.29526 0.29963 0.30404 0.30851 0.31311 0.31785 0.32278 0.32802 0.3336 0.33968 0.34634 0.35386 0.36255 0.37289 0.38537 0.40042 0.4178 0.43635 0.45426 0.46887 0.47715 0.4776 0.47141 0.46143 0.45006 0.43863 0.42782 0.41786 0.40868 0.39997 0.39148 0.383 0.37435 0.36583 0.35792 0.35081 0.34417 0.33782 0.33157 0.32545 0.31986 0.31507 0.3114 0.30895 0.30736 0.3062 0.30525 0.30455 0.30429 0.3047 0.30588 0.30762 0.30966 0.31156 0.31299 0.31374 0.31354 0.3123 0.3105
-9999.0 -9999.0 -9999.0 0.27528 0.27945 0.28364 0.28791 0.29223 0.29673 0.30141 0.30625 0.31127 0.3165 0.32199 0.32783 0.33402 0.34072 0.34801 0.35609 0.36534 0.37586 0.38758 0.40057 0.41473 0.4293 0.44345 0.45611 0.46577 0.47126 0.4722 0.46893 0.4626 0.45447 0.44548 0.43625 0.42717 0.41853 0.41051 0.40308 0.39597 0.38882 0.3815 0.37391 0.36614 0.35862 0.35165 0.34509 0.33866 0.33228 0.32619 0.32083 0.31639 0.31307 0.31093 0.30966 0.30879 0.30811 0.3076 0.30744 0.3079 0.30906 0.31082 0.31292 0.31499 0.31646 0.3168 0.31607
-9999.0 -9999.0 -9999.0 -9999.0 -9999.0 0.28475 0.28938 0.29411 0.299 0.30414 0.30958 0.31529 0.32133 0.32766 0.33437 0.34147 0.34924 0.3579 0.36734 0.37741 0.38783 0.39858 0.40991 0.42162 0.43316 0.44388 0.45301 0.45985 0.46399 0.4652 0.46351 0.45947 0.45376 0.44697 0.43958 0.43194 0.4243 0.41683 0.40974 0.40316 0.39709 0.39133 0.38547 0.37932 0.37288 0.36621 0.35947 0.35286 0.34637 0.33994 0.33351 0.32731 0.32182 0.31738 0.31421 0.3123 0.31126 0.31061 0.31018 0.30982 0.30973 0.31015 0.31122 0.31289 0.31487 0.3165 0.3173
-9999.0 -9999.0 -9999.0 -9999.0 -9999.0 -9999.0 0.29396 0.29923 0.30465 0.31021 0.31602 0.32215 0.32859 0.33537 0.34262 0.3505 0.35886 0.36753 0.37626 0.38488 0.39346 0.40258 0.4124 0.42233 0.4318 0.44033 0.44738 0.45267 0.45608 0.45744 0.45667 0.45407 0.45007 0.44503 0.43928 0.43311 0.42672 0.42025 0.41385 0.40764 0.40177 0.39633 0.39134 0.38667 0.38197 0.37697 0.37167 0.36611 0.36044 0.35464 0.34853 0.34217 0.33571 0.32942 0.32373 0.31898 0.31545 0.31329 0.31223 0.31175 0.31146 0.31127 0.31124 0.31158 0.31244 0.31361 0.31463
-9999.0 -9999.0 -9999.0 -9999.0 -9999.0 -9999.0 -9999.0 -9999.0 -9999.0 0.31669 0.3224 0.32842 0.33495 0.34201 0.34941 0.35697 0.36446 0.37174 0.37887 0.3861 0.39388 0.40239 0.41121 0.41977 0.4277 0.43461 0.44031 0.44467 0.44762 0.44908 0.44891 0.44728 0.44451 0.44083 0.43644 0.43156 0.42637 0.42099 0.41555 0.41012 0.40477 0.39959 0.39474 0.39027 0.38616 0.38233 0.37855 0.37463 0.37042 0.36591 0.36128 0.35645 0.35124 0.34547 0.3392 0.33285 0.32691 0.32179 0.31774 0.31498 0.31337 0.31255 0.31215 0.31201 0.31201 0.31214 0.31217
-9999.0 -9999.0 -9999.0 -9999.0 -9999.0 -9999.0 -9999.0 -9999.0 -9999.0 0.31967 0.32585 0.33231 0.33891 0.34553 0.35208 0.35847 0.36477 0.37117 0.37769 0.38449 0.39191 0.3998 0.40763 0.41504 0.42173 0.42747 0.43224 0.43599 0.43867 0.44019 0.44047 0.43952 0.43769 0.43504 0.43176 0.428 0.42387 0.41951 0.41502 0.41046 0.40589 0.40139 0.39696 0.39267 0.38866 0.38501 0.38165 0.37858 0.37551 0.37233 0.36901 0.3655 0.3618 0.35791 0.35361 0.34878 0.34338 0.33751 0.33156 0.32608 0.32148 0.31799 0.31569 0.31432 0.31351 0.31297 0.31233
-9999.0 -9999.0 -9999.0 -9999.0 -9999.0 -9999.0 -9999.0 -9999.0 -9999.0 0.32122 0.32732 0.33336 0.33916 0.34472 0.35023 0.35591 0.36176 0.36775 0.37389 0.38047 0.38763 0.39494 0.402 0.40851 0.41426 0.41921 0.42339 0.42676 0.42923 0.43082 0.4314 0.43101 0.42986 0.42803 0.42565 0.42284 0.41967 0.41623 0.41264 0.40895 0.40518 0.40141 0.39768 0.39398 0.39036 0.38686 0.38359 0.3806 0.37788 0.37538 0.37292 0.37034 0.36761 0.36477 0.36183 0.35873 0.35529 0.35133 0.34681 0.34179 0.33648 0.33132 0.32656 0.32254 0.31947 0.31738 0.31583
-9999.0 -9999.0 -9999.0 -9999.0 -9999.0 -9999.0 -9999.0 -9999.0 -9999.0 -9999.0 -9999.0 0.33112 0.33608 0.34112 0.34627 0.35148 0.35679 0.3622 0.36791 0.37429 0.38112 0.38784 0.39421 0.39999 0.40504 0.40946 0.41329 0.41643 0.41886 0.42054 0.42143 0.42154 0.42096 0.41983 0.41825 0.41623 0.41391 0.41134 0.40858 0.40568 0.40272 0.39971 0.39667 0.39367 0.39069 0.38774 0.38484 0.38199 0.37933 0.37687 0.37461 0.37255 0.37054 0.3684 0.36609 0.36362 0.36105 0.35837 0.35549 0.35222 0.34845 0.34421 0.33957 0.33487 0.33039 0.32644 0.32316
-9999.0 -9999.0 -9999.0 -9999.0 -9999.0 -9999.0 -9999.0 -9999.0 -9999.0 -9999.0 -9999.0 0.32694 0.33159 0.3363 0.34109 0.34588 0.3507 0.3556 0.36093 0.36692 0.37314 0.3792 0.38486 0.38991 0.39441 0.39842 0.40193 0.4049 0.40727 0.40906 0.41022 0.41072 0.41062 0.41009 0.40913 0.40785 0.40628 0.40446 0.40248 0.40036 0.39816 0.39589 0.39359 0.39127 0.38893 0.38663 0.3843 0.38199 0.37968 0.37739 0.37514 0.37303 0.37108 0.36924 0.36748 0.36564 0.36358 0.36137 0.35901 0.35652 0.35391 0.351 0.34779 0.34425 0.34038 0.33629 0.33228
-9999.0 -9999.0 -9999.0 -9999.0 -9999.0 -9999.0 -9999.0 -9999.0 -9999.0 -9999.0 -9999.0 -9999.0 -9999.0 0.33047 0.33484 0.33923 0.34364 0.3482 0.35333 0.35892 0.36447 0.36981 0.37473 0.37914 0.38318 0.38683 0.39005 0.3928 0.39509 0.39689 0.39821 0.39897 0.39922 0.39911 0.39869 0.39797 0.39703 0.39588 0.39459 0.39317 0.39166 0.3901 0.38851 0.38687 0.38523 0.38356 0.38189 0.38017 0.37843 0.37664 0.37479 0.37289 0.37096 0.36907 0.36723 0.36549 0.3638 0.36208 0.36025 0.35826 0.35612 0.35388 0.35155 0.34901 0.34627 0.34325 0.34
-9999.0 -9999.0 -9999.0 -9999.0 -9999.0 -9999.0 -9999.0 -9999.0 -9999.0 -9999.0 -9999.0 -9999.0 -9999.0 0.32377 0.32777 0.33175 0.33575 0.34012 0.34509 0.35027 0.35529 0.35996 0.36417 0.36799 0.37155 0.37485 0.37781 0.38039 0.3826 0.3844 0.38582 0.38678 0.38731 0.38756 0.38753 0.3873 0.38687 0.3863 0.3856 0.38481 0.38397 0.38307 0.38214 0.3812 0.38022 0.37922 0.37822 0.37715 0.37603 0.37483 0.37354 0.37213 0.37061 0.36896 0.36718 0.36532 0.36347 0.36165 0.35987 0.35812 0.35637 0.35453 0.3526 0.35063 0.34864 0.34657 0.34434
-9999.0 -9999.0 -9999.0 -9999.0 -9999.0 -9999.0 -9999.0 -9999.0 -9999.0 -9999.0 -9999.0 -9999.0 -9999.0 -9999.0 -9999.0 0.32356 0.32726 0.33151 0.33624 0.34098 0.34551 0.34963 0.35328 0.35664 0.35976 0.36267 0.36531 0.3677 0.3698 0.37158 0.37305 0.37419 0.37495 0.37543 0.37574 0.3759 0.37593 0.37583 0.37567 0.37546 0.37521 0.37494 0.37466 0.37439 0.3741 0.37379 0.37346 0.37307 0.37261 0.37205 0.37135 0.37051 0.3695 0.36827 0.36685 0.36523 0.36343 0.36147 0.35944 0.35744 0.35549 0.35361 0.35182 0.35011 0.34844 0.3468 0.34521
-9999.0 -9999.0 -9999.0 -9999.0 -9999.0 -9999.0 -9999.0 -9999.0 -9999.0 -9999.0 -9999.0 -9999.0 -9999.0 -9999.0 -9999.0 0.3148 0.31831 0.32243 0.32685 0.33118 0.33523 0.33884 0.34208 0.34508 0.34786 0.35041 0.35275 0.35487 0.35676 0.35847 0.35994 0.36121 0.36213 0.36281 0.36337 0.36383 0.36421 0.36453 0.36484 0.36513 0.36543 0.36575 0.36609 0.36646 0.36687 0.36726 0.36761 0.36795 0.3682 0.36832 0.36828 0.36804 0.36756 0.36682 0.36583 0.36453 0.36299 0.36121 0.35921 0.35706 0.35482 0.35262 0.3505 0.34854 0.34676 0.3452 0.3438
-9999.0 -9999.0 -9999.0 -9999.0 -9999.0 -9999.0 -9999.0 -9999.0 -9999.0 -9999.0 -9999.0 -9999.0 -9999.0 -9999.0 -9999.0 -9999.0 -9999.0 -9999.0 0.31703 0.32095 0.32453 0.32767 0.33053 0.33324 0.33572 0.33802 0.34012 0.34201 0.3437 0.34521 0.3466 0.34784 0.34884 0.3497 0.35043 0.35111 0.35178 0.35243 0.35311 0.35385 0.35461 0.35549 0.35641 0.35742 0.35848 0.35958 0.36069 0.36177 0.36278 0.36365 0.36432 0.36477 0.36488 0.36466 0.36409 0.36315 0.36186 0.36024 0.35836 0.35626 0.35401 0.3517 0.34937 0.34713 0.34504 0.34319 0.3416
-9999.0 -9999.0 -9999.0 -9999.0 -9999.0 -9999.0 -9999.0 -9999.0 -9999.0 -9999.0 -9999.0 -9999.0 -9999.0 -9999.0 -9999.0 -9999.0 -9999.0 -9999.0 -9999.0 0.31039 0.31346 0.31621 0.31876 0.32114 0.32336 0.32541 0.32729 0.329 0.33053 0.33192 0.33315 0.33426 0.33528 0.33614 0.33693 0.33774 0.3386 0.33951 0.3405 0.34157 0.34278 0.34411 0.34557 0.34716 0.34888 0.3507 0.35259 0.3545 0.35631 0.35802 0.3595 0.36069 0.36148 0.36184 0.36173 0.36114 0.36006 0.35855 0.35672 0.35461 0.35232 0.34996 0.34761 0.34531 0.34318 0.34123 0.33951
