data/pm10_aspect_sharpnack_modal.asc
ncols	541
nrows	200
xllcorner	12.09692
yllcorner	48.55814
cellsize	0.0125
NODATA_value	-9999.0
[rows 54 to 80 of 200, columns 240 to 299 of 541]
205.51116 206.77166 207.79554 208.1078 207.01976 205.8853 206.34768 207.85971 208.74149 208.69967 208.09749 206.9447 204.92731 202.22238 199.32264 196.36102 193.47102 190.86177 188.78595 187.05275 185.33273 183.64823 182.17573 181.098 180.45113 180.09704 180.00021 180.07584 180.33711 180.82241 181.30197 181.4412 181.42 181.34265 181.22577 181.10029 180.96679 180.85449 180.73302 180.60525 180.44253 180.28039 180.12282 180.06152 180.03058 180.00021 180.00021 180.03172 180.09819 180.13428 180.13543 180.16809 180.22768 180.31133 180.47004 180.71297 181.1192 181.71106 182.54987 184.09228
211.90021 213.10514 213.62825 212.49551 210.63798 210.27014 211.87042 213.33776 213.6781 213.14811 212.24227 210.58642 207.95998 204.83679 201.57265 198.20595 194.96415 192.27755 190.12552 188.12189 186.03059 184.0493 182.43013 181.27905 180.54739 180.1572 180.00021 180.0535 180.27122 180.69177 181.16618 181.29109 181.24009 181.18222 181.11691 181.04357 180.92668 180.83329 180.73417 180.63333 180.53134 180.36289 180.16408 180.06553 180.00021 180.00021 180.03402 180.06839 180.17382 180.21106 180.14059 180.10449 180.136 180.16465 180.25231 180.38925 180.72959 181.22176 182.15339 184.89785
220.21727 221.13686 220.19091 217.70599 216.34178 217.58281 219.76234 220.68308 220.44358 219.64545 218.37234 216.05874 212.66912 208.72488 204.54343 200.33448 196.64635 193.69963 191.16258 188.67078 186.27181 184.13697 182.51435 181.36156 180.61328 180.17382 180.00021 180.05808 180.23341 180.56629 180.98455 181.15071 181.12092 181.08196 181.03555 181.01377 180.94903 180.8797 180.77428 180.66885 180.56457 180.38925 180.21221 180.07069 180.00021 180.00021 180.03688 180.11251 180.18929 180.22768 180.15147 180.11308 180.11251 180.11022 180.14402 180.28325 180.66656 181.44865 183.25805 188.10928
230.89147 230.51045 227.85307 225.36128 225.84314 228.40942 230.03375 230.32195 229.71862 228.55724 226.41151 222.73312 217.84465 212.5402 207.13893 202.20634 198.14578 194.82263 191.82835 188.96414 186.33598 184.13009 182.47252 181.33234 180.6001 180.1635 180.00021 180.06438 180.22596 180.4305 180.75594 180.9983 181.02523 181.0407 181.0493 181.01435 180.97653 180.93872 180.82699 180.71698 180.5703 180.38352 180.23111 180.07699 180.00021 180.03917 180.08043 180.20476 180.24773 180.2059 180.16522 180.12512 180.08444 180.08501 180.17038 180.3457 180.94215 182.42841 185.76474 192.78233
243.03817 240.82999 237.8615 237.13671 239.40161 241.56682 242.3151 241.7536 240.31261 237.96291 234.21233 228.78642 222.30742 215.77169 209.53905 204.24492 199.91164 196.10835 192.52278 189.19905 186.29358 184.01321 182.38601 181.24296 180.54223 180.11308 180.00021 180.07298 180.1847 180.34169 180.62875 180.9284 181.06419 181.10659 181.14498 181.14154 181.09857 181.01721 180.85736 180.74047 180.53994 180.37779 180.21163 180.04261 180.00021 180.04318 180.17611 180.26778 180.26836 180.22366 180.22481 180.18356 180.14116 180.1446 180.24601 180.55598 181.5197 183.76684 187.83598 192.55887
254.58786 252.06799 250.6969 251.91444 253.73988 254.35753 253.62128 251.85714 249.22211 245.6669 240.5544 234.08514 227.03203 219.82823 213.03123 207.17904 202.19774 197.61924 193.32091 189.3188 186.18701 183.87512 182.22386 181.10258 180.41217 180.08845 180.00021 180.04318 180.17496 180.26778 180.54567 180.96335 181.19426 181.27504 181.31114 181.259 181.21144 181.07852 180.90377 180.72787 180.55082 180.37091 180.23398 180.04719 180.00021 180.0959 180.24085 180.29013 180.24085 180.24143 180.29185 180.348 180.25518 180.21049 180.32336 180.77256 181.91676 184.39021 188.2021 191.93378
264.18777 262.9158 262.87512 263.64575 263.80159 262.9433 261.22156 258.95666 256.06437 252.29545 247.11362 240.73947 233.47092 225.56411 217.91397 211.16339 205.22239 199.55927 194.16201 189.48839 185.9859 183.63104 181.93624 180.87798 180.27752 180.0535 180.00021 180.05292 180.16064 180.26836 180.59208 181.07508 181.49735 181.58845 181.57355 181.51454 181.40969 181.20457 181.05216 180.79433 180.58635 180.37664 180.21736 180.05464 180.00021 180.10965 180.27179 180.26893 180.26664 180.26549 180.37321 180.4305 180.38352 180.33539 180.45629 180.92382 182.09093 184.44751 187.8589 191.25654
269.62456 269.30371 269.24011 269.05619 268.49584 267.57853 266.18567 264.44216 262.25632 259.00307 254.60791 248.86344 241.55192 232.95068 224.47606 216.95599 209.55853 202.10951 195.42996 189.98916 186.05007 183.39269 181.72596 180.68833 180.21794 180.00021 180.00021 180.06897 180.20418 180.40185 180.72844 181.37474 181.9391 182.04109 181.95514 181.88009 181.69044 181.44005 181.19196 180.94445 180.63333 180.44597 180.19273 180.06496 180.00021 180.12798 180.18814 180.24486 180.242 180.29987 180.41904 180.53879 180.54338 180.42706 180.55541 181.05388 182.22386 184.44063 187.62972 190.95402
268.79377 269.28365 269.52773 269.85546 269.99985 269.8652 269.33694 268.54797 267.17116 265.15377 262.15205 257.47098 251.21486 243.5229 235.68999 227.03489 217.11241 206.6502 197.56022 190.88526 186.21852 183.09075 181.34265 180.51645 180.09761 180.00021 180.00021 180.17439 180.33768 180.65396 181.03268 181.78039 182.49602 182.5218 182.41007 182.23876 181.93566 181.63887 181.34895 180.99257 180.71011 180.42764 180.21507 180.0724 180.00021 180.07011 180.13543 180.19731 180.25804 180.31878 180.44311 180.56515 180.56343 180.50155 180.63046 181.07623 182.27772 184.40339 187.56211 191.23878
263.95858 265.22138 266.34094 267.48285 268.48037 269.25787 269.70821 269.99985 269.99985 269.50882 268.00023 265.28727 261.02733 255.53782 248.90412 238.98622 225.85517 211.36106 199.41145 191.13622 185.52123 182.3035 180.87454 180.26549 180.00021 180.00021 180.10965 180.31362 180.6001 180.95648 181.46641 182.30465 183.10335 183.21279 182.98246 182.60602 182.32928 181.90644 181.57355 181.17248 180.77829 180.46603 180.23341 180.07756 180.00021 180.00021 180.07011 180.13486 180.19616 180.25518 180.37435 180.42649 180.47577 180.47004 180.58463 181.05675 182.19349 184.40798 187.81536 192.19218
258.28229 259.56228 260.9643 262.15262 263.48016 264.7189 265.8694 267.07261 268.43797 269.41944 269.99985 269.25271 267.23418 264.16771 258.14707 247.75075 232.24193 214.28715 199.50255 189.61444 184.0493 181.50193 180.37722 180.00021 180.00021 180.14574 180.4093 180.77084 181.08998 181.71507 182.27772 183.12226 184.03555 184.1278 183.73131 183.27295 182.83979 182.33731 181.85889 181.39937 180.95189 180.5153 180.25632 180.08386 180.00021 180.00021 180.00021 180.07069 180.136 180.19731 180.25632 180.30961 180.35831 180.40529 180.50842 180.95018 182.25251 184.90931 189.39042 195.26094
250.74732 252.49312 254.1272 255.75497 257.36097 258.85467 260.42572 262.20247 264.51149 266.9626 268.92899 269.70019 269.99985 268.86196 264.971 256.23912 239.74367 216.59102 197.35396 186.96337 182.41466 180.58176 180.00021 180.00021 180.20934 180.57317 181.05445 181.46469 182.11557 182.81343 183.56802 184.41829 185.33674 185.50118 184.85717 184.26474 183.61615 183.00709 182.33501 181.6933 181.17535 180.6763 180.28669 180.187 180.09074 180.0873 180.00021 180.00021 180.07756 180.07527 180.14574 180.20934 180.19731 180.18528 180.28955 180.71182 182.06458 185.1173 191.37743 201.10397
242.92817 245.37642 247.70663 250.0168 251.83938 253.66998 255.73836 258.24046 260.97691 263.7844 265.8694 267.19006 268.79836 269.99985 269.38392 264.12245 247.55709 216.38418 193.39253 184.49736 181.02294 180.00021 180.00021 180.33138 180.88142 181.58387 182.37627 183.01282 183.9181 184.86806 185.52754 186.3228 187.49565 187.58503 186.7021 185.77563 184.80561 183.91982 182.98761 182.11672 181.39995 180.81839 180.34914 180.22997 180.22538 180.2208 180.10735 180.00021 180.00021 180.09761 180.09303 180.00021 180.00021 180.00021 180.06324 180.22252 181.01091 183.1658 188.11329 197.57913
236.81585 239.28129 241.69917 243.7475 245.64341 247.85274 250.37433 253.58289 256.72671 258.94348 261.009 263.02695 265.52505 268.09075 269.99985 267.39748 250.9066 213.69013 189.72732 182.33731 180.00021 180.00021 180.61614 182.10182 183.15492 184.30885 185.13277 186.33999 187.52372 188.26742 189.1343 189.86597 190.93568 190.99355 189.60241 188.06058 186.71012 185.33617 184.06363 182.97959 181.91446 180.97653 180.65682 180.48952 180.4815 180.47347 180.30961 180.00021 180.00021 180.00021 180.00021 180.00021 180.00021 180.09876 180.08386 180.00021 180.0512 180.50957 182.02046 186.4689
230.28356 232.54674 234.70049 236.78835 238.78625 241.60234 244.51583 247.35828 249.7435 251.90298 254.27903 257.52484 261.59685 266.42345 269.99985 267.7974 250.34625 210.964 187.12494 180.00021 180.00021 181.54834 184.86462 186.76627 189.46261 191.05658 192.47064 193.70708 194.60433 194.95384 195.60644 195.86828 197.04571 196.72256 194.50005 192.37495 190.24126 188.40092 186.36692 184.51397 182.82375 181.56954 181.05102 181.03669 180.76396 180.75709 180.49811 180.24601 180.00021 180.00021 180.00021 180.22309 180.42134 180.9645 181.34781 181.50365 181.11519 180.2695 180.08272 184.96145
223.64126 225.56525 227.41934 229.53012 232.03968 234.59564 236.9081 239.19363 241.74558 244.50265 248.01775 252.37796 258.15796 264.55962 267.7974 269.99985 262.87512 224.99974 191.30983 180.00021 185.71031 192.99489 201.25064 206.56483 209.358 210.76289 210.19165 210.10112 209.29153 208.69508 208.91567 208.92656 210.25639 209.99513 206.93324 203.14255 199.12497 195.45174 191.58083 187.65779 184.43662 182.46794 181.95801 181.90931 181.89326 181.42 180.96278 180.4941 180.00021 180.00021 180.00021 180.64364 181.43203 184.76378 189.90436 198.43513 206.56483 214.59254 201.80126 266.81993
217.30377 218.77628 220.70543 222.82193 225.151 227.13401 229.67909 231.89758 234.72742 238.14511 242.03779 246.57103 251.14667 257.47098 263.28994 264.28918 269.99985 269.99985 629.99985 180.00021 224.99974 239.03606 248.19881 249.44384 249.44384 247.01106 245.13635 242.48813 240.94516 240.04619 239.57407 239.79695 240.67931 240.0863 236.10367 230.82615 224.35631 217.07287 208.07228 199.57302 191.56021 187.59477 186.07242 185.82662 184.66695 183.65224 181.36385 180.00021 180.00021 182.60259 180.00021 180.00021 180.00021 269.99985 209.74474 191.30983 184.03784 180.56171 180.2695 189.86597
211.63378 213.36354 215.32249 216.98865 218.87884 221.03545 223.27743 225.50681 227.81583 230.34315 232.96959 236.63365 238.73641 239.9316 236.30993 229.39891 216.87005 198.43513 180.00021 224.99974 269.99985 269.99985 269.99985 269.99985 269.99985 269.99985 268.75481 268.89805 269.01207 269.09057 268.29014 268.36348 267.73953 267.70916 266.47845 265.84018 263.66007 261.63409 255.96353 249.44384 236.30993 224.99974 216.87005 209.05433 200.55622 195.94563 180.00021 180.00021 269.99985 269.99985 224.99974 194.03596 183.69121 180.85506 180.45113 180.25575 180.46832 181.32489 183.76512 190.17881
207.73309 209.25429 210.80471 212.18898 213.62195 215.08356 216.87005 218.47204 219.87177 221.05493 221.63362 220.46249 217.87501 211.32897 204.22773 196.38967 188.12991 180.00021 180.00021 187.12494 209.74474 233.13002 245.22458 253.30099 255.96353 257.79929 257.47098 257.00517 257.3667 258.51778 259.33023 260.78898 262.78574 263.41828 263.28994 262.99888 262.725 262.09303 261.25365 255.96353 253.30099 255.96353 254.05443 248.19881 236.30993 198.43513 180.00021 186.33999 194.93149 197.74471 195.94563 190.3759 187.24469 185.11271 183.69751 183.0197 183.25748 184.26989 186.29014 190.09172
204.54343 205.55298 206.38721 207.16471 208.36907 209.30987 210.05242 210.57897 211.45674 210.46552 208.53981 204.27471 200.28234 195.59268 191.59229 186.33999 181.7357 180.00021 180.00021 182.04567 187.85317 192.33886 198.92443 204.77491 210.17331 215.07382 218.25431 221.18614 223.50547 225.45811 227.12083 229.46079 232.02822 233.01714 231.14644 228.48333 224.99974 219.55951 212.12481 202.52032 197.52584 195.94563 192.33886 189.16238 183.69121 180.00021 180.00021 183.81382 188.27601 193.46529 195.00483 193.7449 191.90284 190.08484 188.37342 187.34954 186.99259 187.34725 188.28174 190.11578
201.14178 201.4655 201.98747 202.55068 202.85894 203.36199 203.49836 203.25943 202.40974 200.19411 197.79571 195.25521 192.36235 188.93033 185.9647 182.64269 180.89517 180.00021 180.00021 180.75365 182.04567 183.77257 185.7676 188.66391 191.1133 193.58619 196.65781 198.69296 201.00943 202.76211 204.67693 206.26288 208.32266 208.16854 205.81139 203.56883 200.3362 196.54666 192.30047 188.44332 186.60011 186.06153 184.899 183.50328 181.23207 180.00021 180.62932 182.46278 186.40416 193.18282 197.92806 199.57302 198.98345 197.36312 195.23573 193.22236 191.75845 190.83542 190.35069 190.47904
197.46053 197.53444 197.68455 197.78826 197.75503 197.52584 197.26572 196.34269 194.78882 193.69562 191.78825 189.71299 187.31917 185.29033 183.67459 182.00957 180.93184 180.42764 180.00021 180.00021 180.32737 181.23207 182.33731 183.5938 185.00385 186.53422 188.16371 189.72732 190.96089 192.41162 193.78157 195.12916 196.10892 195.73191 194.22102 192.34459 190.49164 188.5115 186.36233 184.55752 183.9605 183.81382 183.39728 182.31381 181.2802 180.35373 180.00021 181.29223 185.48342 193.82225 203.58716 208.83546 210.57897 209.3345 206.24512 202.45615 198.82932 195.76744 193.20574 191.37285
194.03596 193.785 193.74891 193.37133 192.95536 192.62362 191.98534 191.30983 190.70421 189.57835 188.33446 186.94389 185.35565 184.06134 182.80026 181.70132 181.02752 180.46774 180.21564 180.00021 180.18986 180.54395 181.04185 181.66007 182.55217 183.53823 184.61539 185.63869 186.47979 187.43147 188.18663 189.03346 189.52449 189.20134 188.18033 187.23896 186.07987 185.04224 183.988 183.33826 183.20133 183.37493 183.13658 182.65874 181.63085 180.71927 180.00021 180.35143 183.39155 194.03596 211.17542 223.49802 228.81392 228.40197 224.23427 217.72203 210.54001 203.70691 197.74701 193.05735
190.86865 190.48534 189.89806 189.46261 189.09019 188.67307 188.55562 188.12991 187.78957 187.05791 186.399 185.58426 184.66695 183.57661 182.65415 181.71507 181.09857 180.58004 180.27065 180.00021 180.00021 180.11824 180.45629 180.8797 181.38448 182.06744 182.70744 183.41217 183.97768 184.60335 185.09724 185.55561 185.81115 185.55618 185.00729 184.51168 183.98227 183.50499 182.92401 182.71087 183.05751 183.34457 183.42134 183.19273 182.6278 182.02161 181.29681 180.2907 180.80694 191.09382 220.30149 242.96942 250.86249 251.32486 247.30786 239.71273 229.38402 217.60171 206.04916 196.28023
188.19007 187.50367 186.88201 186.41677 186.2191 185.97903 186.05122 186.06382 186.0856 185.87131 185.65416 185.1024 184.25901 183.55083 182.72061 181.92019 181.25212 180.78058 180.37034 180.08902 180.00021 180.08272 180.24085 180.4666 180.75365 181.17076 181.63028 182.13391 182.53899 182.92745 183.2993 183.6574 183.81783 183.6723 183.3629 183.14174 182.82833 182.53841 182.32699 182.43414 182.83521 183.28326 183.5938 183.72959 183.82012 183.91351 183.96623 183.08215 180.70323 182.57336 223.6361 260.96029 266.74602 266.79129 264.62149 259.93756 252.00095 240.01926 223.77762 205.35932
185.81917 185.17173 184.59992 184.27218 184.07509 184.00862 184.17707 184.56096 185.05141 185.4055 185.51493 185.13105 184.47043 183.65224 182.81114 182.03994 181.39364 180.83558 180.40185 180.1297 180.00021 180.00021 180.05923 180.22939 180.44655 180.70667 181.00575 181.34322 181.66523 181.97692 182.27886 182.56821 182.65301 182.55102 182.36366 182.23647 182.07776 181.93337 181.80446 182.04051 182.53211 183.04434 183.52161 184.02066 184.738 185.755 187.02811 188.01131 187.59477 183.17955 192.52908 269.99985 268.94274 269.46528 269.99985 269.08197 266.3249 261.79051 254.83022 241.02709
184.204 183.60755 183.1108 182.70056 182.4943 182.49487 182.81343 183.53823 184.66695 185.54129 185.861 185.48743 184.72081 183.79205 182.93261 182.1087 181.46068 180.88486 180.45457 180.19674 180.04777 180.00021 180.04547 180.13428 180.26263 180.42878 180.67229 180.94674 181.17019 181.42401 181.62856 181.82164 181.85258 181.7695 181.69216 181.5873 181.49047 181.40052 181.38734 181.61595 182.0938 182.56706 183.13372 183.86768 184.9752 186.47349 188.4267 190.89672 194.00846 197.34021 199.33467 255.96353 249.28284 261.49773 267.85928 269.92422 269.66582 268.88545 268.76283 268.95076
