data/pm10_slope_4cell_modal.asc
ncols	541
nrows	200
xllcorner	12.09692
yllcorner	48.55814
cellsize	0.0125
NODATA_value	-9999.0
[rows 60 to 89 of 200, columns 268 to 334 of 541]
0.10349 0.10344 0.10383 0.10392 0.10479 0.10545 0.10597 0.10621 0.10611 0.10574 0.10526 0.10479 0.10421 0.10359 0.10291 0.10218 0.10198 0.10213 0.10271 0.10359 0.10402 0.10421 0.10416 0.10378 0.10291 0.10119 0.10065 0.1004 0.1009 0.1031 0.10686 0.11127 0.11419 0.11713 0.12037 0.12345 0.12625 0.12818 0.1295 0.13046 0.13115 0.13157 0.13183 0.13191 0.13191 0.13176 0.13161 0.13145 0.13138 0.13161 0.13206 0.1327 0.13357 0.13454 0.13565 0.13682 0.13813 0.13953 0.1411 0.14283 0.14474 0.14687 0.1492 0.15182 0.15479 0.15773 0.16062
0.09192 0.09274 0.0937 0.09455 0.0956 0.09649 0.09701 0.09716 0.09706 0.09685 0.09654 0.09618 0.09571 0.09518 0.0946 0.09402 0.09359 0.09413 0.09612 0.09711 0.09767 0.09808 0.09829 0.09823 0.09823 0.09706 0.09675 0.09695 0.09803 0.1004 0.1044 0.10904 0.11225 0.11463 0.11718 0.11992 0.12317 0.12617 0.12849 0.12992 0.13073 0.13119 0.13145 0.13164 0.13164 0.13164 0.13161 0.13157 0.13176 0.13236 0.13327 0.13439 0.13565 0.137 0.13849 0.14014 0.14195 0.14394 0.14612 0.14846 0.1511 0.15392 0.15707 0.1605 0.16392 0.16709 0.17056
0.08264 0.08402 0.08585 0.08746 0.08883 0.08994 0.09044 0.09072 0.09094 0.09094 0.09088 0.09066 0.09039 0.09006 0.08967 0.08916 0.08871 0.09022 0.09241 0.09375 0.0945 0.09513 0.09555 0.09586 0.09638 0.09618 0.09571 0.09602 0.0969 0.09869 0.10178 0.10545 0.10794 0.10913 0.11063 0.11269 0.1155 0.11883 0.12211 0.12498 0.127 0.12806 0.12849 0.12865 0.12861 0.12845 0.12841 0.12865 0.12907 0.13 0.13119 0.13251 0.13405 0.13576 0.13762 0.13971 0.14202 0.14457 0.14731 0.15037 0.15366 0.15726 0.16115 0.16495 0.16849 0.17216 0.17621
0.07609 0.07804 0.08012 0.08222 0.08355 0.08462 0.08526 0.08579 0.08614 0.08637 0.08643 0.08649 0.08643 0.08626 0.08608 0.08585 0.08614 0.0882 0.0905 0.09257 0.09386 0.09503 0.09618 0.09737 0.09874 0.09955 0.0994 0.0999 0.1003 0.1009 0.10193 0.1033 0.10397 0.10325 0.10339 0.10445 0.10621 0.10863 0.11113 0.11353 0.11589 0.11781 0.11916 0.11983 0.12029 0.12087 0.12149 0.12223 0.12304 0.12414 0.12542 0.12696 0.12869 0.13065 0.13282 0.13531 0.13799 0.14096 0.14422 0.14772 0.15159 0.15572 0.15969 0.16337 0.16712 0.1712 0.17561
0.06935 0.07183 0.07423 0.07642 0.07772 0.07906 0.07987 0.0805 0.08106 0.08142 0.08173 0.08185 0.08204 0.08204 0.0821 0.08216 0.08367 0.08567 0.08809 0.0905 0.09209 0.09338 0.09471 0.09638 0.09834 0.1001 0.10124 0.10242 0.10339 0.10359 0.10291 0.10149 0.09965 0.09772 0.09767 0.09894 0.10045 0.10208 0.10349 0.10464 0.10555 0.10654 0.1077 0.10872 0.10941 0.10995 0.11072 0.1118 0.11327 0.11515 0.11735 0.11958 0.12182 0.12418 0.12661 0.12934 0.13236 0.13568 0.13928 0.14318 0.14731 0.15123 0.15479 0.1584 0.16223 0.16658 0.17181
0.06269 0.06542 0.0679 0.07 0.07169 0.07321 0.07416 0.07497 0.07563 0.07616 0.07668 0.07701 0.07727 0.07752 0.07759 0.07804 0.07975 0.08106 0.0827 0.08456 0.08602 0.08718 0.08849 0.09061 0.09333 0.09654 0.1 0.10325 0.10682 0.10964 0.10995 0.10531 0.09607 0.09236 0.09471 0.09721 0.09834 0.09874 0.09894 0.09894 0.09889 0.09905 0.09935 0.09985 0.10065 0.10114 0.10129 0.10134 0.10188 0.1033 0.1054 0.10812 0.11118 0.11467 0.11828 0.12194 0.12558 0.12934 0.13319 0.13733 0.1411 0.14453 0.14802 0.15176 0.15627 0.16162 0.1679
0.05595 0.05882 0.06116 0.06348 0.0655 0.06723 0.06834 0.06928 0.07 0.07071 0.07113 0.07127 0.07106 0.07071 0.07007 0.07071 0.07155 0.07218 0.07287 0.07409 0.0755 0.07655 0.0781 0.08099 0.08468 0.08922 0.09482 0.10134 0.11036 0.1217 0.13353 0.13842 0.12231 0.10918 0.1064 0.10402 0.10075 0.09762 0.09534 0.0937 0.09241 0.0916 0.09127 0.09127 0.09171 0.09241 0.09333 0.09391 0.09413 0.09439 0.09529 0.09685 0.09915 0.10218 0.10592 0.11027 0.11502 0.12012 0.12502 0.12927 0.13285 0.13624 0.14007 0.14478 0.1504 0.15672 0.16285
0.04909 0.05187 0.05441 0.05692 0.05933 0.06124 0.06237 0.06309 0.0634 0.06332 0.06285 0.06205 0.06107 0.05975 0.05891 0.0595 0.06 0.06042 0.06083 0.06173 0.06293 0.06372 0.06535 0.06797 0.07134 0.0757 0.08173 0.09028 0.10359 0.1241 0.15553 0.19581 0.20206 0.16691 0.13528 0.11683 0.10479 0.0967 0.09138 0.08775 0.08526 0.08355 0.08234 0.08173 0.08167 0.08204 0.08295 0.08426 0.08562 0.08678 0.08775 0.08905 0.09066 0.09268 0.09524 0.09859 0.10262 0.10719 0.11185 0.11628 0.12095 0.12621 0.13187 0.13809 0.14426 0.15017 0.15579
0.04231 0.04517 0.04785 0.0504 0.05282 0.05422 0.05431 0.05394 0.0532 0.05225 0.05099 0.0496 0.04827 0.04701 0.04701 0.04754 0.04785 0.04806 0.04806 0.04837 0.04879 0.04899 0.0497 0.0507 0.05215 0.05459 0.05865 0.06488 0.07463 0.09011 0.11467 0.15356 0.18953 0.17709 0.14325 0.1187 0.10276 0.09214 0.08521 0.0805 0.07707 0.0745 0.07266 0.07148 0.07092 0.07078 0.07141 0.07253 0.07423 0.07655 0.0788 0.08075 0.08258 0.08479 0.08741 0.09039 0.09327 0.09586 0.09859 0.10213 0.1071 0.11353 0.12087 0.1283 0.13528 0.14153 0.14711
0.03606 0.0386 0.04074 0.04243 0.04382 0.04416 0.04324 0.04207 0.04087 0.03962 0.03821 0.03688 0.03536 0.03435 0.03479 0.03521 0.0355 0.03521 0.03479 0.03421 0.03347 0.0324 0.0313 0.03 0.02898 0.02846 0.02828 0.02898 0.02983 0.02966 0.02324 0.02145 0.09083 0.12349 0.11679 0.10445 0.09354 0.08468 0.07797 0.07301 0.06899 0.06573 0.06317 0.06124 0.05983 0.05933 0.05933 0.06017 0.06156 0.06403 0.06708 0.07036 0.07328 0.07589 0.07868 0.08136 0.08367 0.08602 0.08883 0.09263 0.09752 0.10315 0.10913 0.11546 0.12211 0.12896 0.13565
0.02933 0.03066 0.03178 0.03256 0.03376 0.03391 0.03256 0.03114 0.02966 0.02793 0.02627 0.02449 0.02302 0.02214 0.0228 0.02324 0.02324 0.02258 0.02121 0.01924 0.01703 0.01549 0.01225 0.00894 0.00548 0.00548 0.01095 0.01897 0.0295 0.04359 0.06504 0.09503 0.10807 0.10677 0.1032 0.09659 0.08894 0.08136 0.07463 0.06899 0.06411 0.05975 0.05595 0.05263 0.0501 0.04837 0.04743 0.04743 0.04848 0.0506 0.05367 0.05753 0.06173 0.06542 0.06819 0.07043 0.07273 0.0757 0.07975 0.08479 0.09017 0.09529 0.10015 0.10502 0.1105 0.11649 0.12252
0.02449 0.0253 0.02627 0.02683 0.02793 0.02793 0.02627 0.02429 0.02214 0.01975 0.01732 0.01449 0.01225 0.0114 0.01225 0.01183 0.01095 0.00949 0.00632 0.00447 0.00316 0.00548 0.00775 0.0114 0.01732 0.0255 0.03521 0.0468 0.0605 0.07622 0.09295 0.10747 0.11541 0.11567 0.11059 0.10296 0.09466 0.08631 0.07842 0.07134 0.06488 0.05891 0.05339 0.04827 0.04382 0.04012 0.03728 0.03578 0.0355 0.03688 0.03962 0.04336 0.04754 0.05177 0.05541 0.05831 0.06148 0.06573 0.07092 0.07629 0.08142 0.08643 0.09165 0.09716 0.10281 0.10775 0.11194
0.02702 0.02828 0.02898 0.02933 0.02983 0.02933 0.02757 0.0253 0.0228 0.02 0.01703 0.01414 0.0114 0.01 0.00894 0.00775 0.00632 0.00632 0.00707 0.01 0.01378 0.01761 0.02258 0.02864 0.03606 0.04494 0.05559 0.0676 0.08087 0.09445 0.10714 0.1173 0.12353 0.12478 0.121 0.11389 0.1055 0.09649 0.08758 0.07918 0.07127 0.0638 0.05666 0.0498 0.04336 0.03728 0.03194 0.02757 0.0247 0.02387 0.0255 0.02846 0.03178 0.03578 0.04012 0.04506 0.0504 0.05577 0.06124 0.06648 0.07176 0.07746 0.08349 0.08955 0.09497 0.0994 0.10305
0.03391 0.0355 0.03688 0.03795 0.03834 0.03768 0.03592 0.03391 0.03146 0.02898 0.02646 0.02408 0.02236 0.02074 0.01975 0.01871 0.01817 0.01817 0.01924 0.02191 0.0249 0.02915 0.03464 0.04123 0.04919 0.05865 0.06971 0.08191 0.09497 0.10766 0.11895 0.12779 0.13345 0.13506 0.13198 0.1255 0.11726 0.10817 0.09879 0.08967 0.08087 0.07246 0.06427 0.0563 0.04858 0.04123 0.03391 0.02683 0.02049 0.01581 0.01378 0.01414 0.01612 0.01924 0.02429 0.03082 0.03808 0.04472 0.0505 0.05621 0.06253 0.06907 0.07543 0.08124 0.08631 0.09138 0.09539
0.04359 0.04506 0.04648 0.04764 0.04889 0.04909 0.04806 0.04626 0.04438 0.04231 0.04025 0.03847 0.03688 0.03521 0.03347 0.03194 0.03066 0.03 0.03017 0.03114 0.03286 0.03661 0.04207 0.04889 0.05736 0.06775 0.0795 0.09252 0.10607 0.11916 0.13069 0.13953 0.14522 0.1468 0.14356 0.13704 0.12872 0.11946 0.10986 0.1004 0.09127 0.08246 0.07396 0.06573 0.05771 0.0499 0.04207 0.03493 0.02828 0.02302 0.01817 0.01342 0.00837 0.00447 0.00894 0.01673 0.0247 0.03225 0.03962 0.0469 0.05385 0.0605 0.06671 0.07266 0.07874 0.0842 0.08944
0.05495 0.05621 0.05745 0.05865 0.05967 0.06058 0.06075 0.0605 0.05967 0.05822 0.05648 0.05486 0.05273 0.0505 0.04806 0.04528 0.04254 0.04012 0.03847 0.03674 0.03674 0.0395 0.04472 0.05215 0.06148 0.07287 0.08585 0.1002 0.11533 0.13004 0.14297 0.15284 0.15871 0.15966 0.15531 0.14775 0.13864 0.12892 0.11912 0.10968 0.10065 0.09203 0.08379 0.07576 0.06797 0.06058 0.05394 0.04827 0.04301 0.03808 0.03302 0.02775 0.02098 0.01378 0.00894 0.00949 0.01517 0.02236 0.03017 0.03755 0.04405 0.0505 0.05718 0.06419 0.07106 0.07688 0.08276
0.06716 0.06841 0.06971 0.07099 0.07218 0.07335 0.07416 0.0749 0.07523 0.07483 0.07355 0.07162 0.06877 0.06565 0.06213 0.05805 0.05376 0.0493 0.04461 0.04012 0.03768 0.0386 0.04347 0.05148 0.06197 0.0749 0.08967 0.10602 0.12349 0.14093 0.15662 0.16849 0.17456 0.17349 0.16619 0.15614 0.1455 0.13517 0.12546 0.11645 0.10803 0.1001 0.09257 0.08532 0.07887 0.07328 0.06834 0.06364 0.05891 0.05431 0.0493 0.04313 0.03633 0.03033 0.0253 0.02214 0.02098 0.02191 0.0247 0.02898 0.03479 0.04195 0.0498 0.05788 0.06458 0.07029 0.07635
0.08044 0.08191 0.08343 0.08491 0.08637 0.08758 0.08854 0.08916 0.0895 0.08944 0.08877 0.08724 0.08456 0.08087 0.07655 0.07155 0.06595 0.05958 0.05196 0.04427 0.03768 0.03493 0.0386 0.04754 0.06008 0.07543 0.09252 0.11127 0.13122 0.15186 0.17155 0.18756 0.1937 0.1866 0.1726 0.15868 0.14677 0.13667 0.12798 0.12029 0.11331 0.10677 0.1009 0.09581 0.09143 0.08741 0.08337 0.07925 0.07503 0.07064 0.0655 0.05975 0.05441 0.0496 0.04517 0.04123 0.03782 0.03493 0.03347 0.03362 0.03619 0.04159 0.04909 0.05559 0.06066 0.06603 0.07092
0.0946 0.09618 0.09767 0.09905 0.1003 0.10144 0.10227 0.10291 0.10315 0.10315 0.10271 0.10188 0.10025 0.09742 0.09327 0.08786 0.08142 0.07314 0.06332 0.05225 0.0405 0.03066 0.03 0.04074 0.05753 0.07694 0.09752 0.1187 0.14032 0.16196 0.18281 0.20425 0.21513 0.18458 0.16208 0.14809 0.13874 0.13183 0.12625 0.12128 0.11705 0.11345 0.11036 0.10761 0.10474 0.10169 0.09869 0.09581 0.0929 0.08911 0.08462 0.08019 0.07609 0.07197 0.06768 0.06325 0.05899 0.05468 0.0507 0.04827 0.04806 0.0501 0.05339 0.05718 0.06107 0.06481 0.06797
0.10807 0.1095 0.11086 0.11207 0.1134 0.11463 0.11572 0.11658 0.11722 0.11752 0.11756 0.11713 0.11628 0.11476 0.11203 0.10761 0.10104 0.0922 0.08142 0.06826 0.05225 0.03362 0.01924 0.03082 0.05586 0.08234 0.10766 0.13142 0.1533 0.17283 0.18976 0.18612 0.14153 0.12198 0.12116 0.12161 0.12211 0.12227 0.12223 0.12207 0.1219 0.12166 0.12095 0.12004 0.11908 0.11807 0.117 0.11584 0.11367 0.11059 0.1071 0.10339 0.09935 0.09513 0.09055 0.08532 0.07969 0.07416 0.06907 0.06504 0.06293 0.06261 0.06372 0.06465 0.06648 0.06921 0.07246
0.12037 0.12182 0.12329 0.1247 0.12637 0.12795 0.12938 0.13073 0.13183 0.13278 0.13353 0.13387 0.13387 0.13342 0.13221 0.12981 0.1249 0.11773 0.10807 0.0955 0.07887 0.0563 0.02702 0.01265 0.05367 0.09247 0.12361 0.14893 0.1673 0.17675 0.17381 0.14653 0.09487 0.06957 0.08198 0.09685 0.10789 0.11584 0.12178 0.12629 0.12969 0.13229 0.13439 0.13601 0.13737 0.13846 0.1391 0.13835 0.13631 0.13319 0.12969 0.12602 0.1217 0.11649 0.1105 0.10392 0.0969 0.09017 0.0845 0.08031 0.07829 0.07746 0.07609 0.0751 0.0755 0.07733 0.07956
0.13225 0.13383 0.13543 0.13715 0.13918 0.14117 0.14311 0.14502 0.14687 0.14859 0.1503 0.15166 0.15291 0.15388 0.15437 0.15359 0.15172 0.14846 0.14304 0.13476 0.1228 0.10512 0.07861 0.03701 0.03066 0.10474 0.14339 0.17352 0.1845 0.18094 0.16523 0.14 0.11185 0.0922 0.09017 0.09955 0.11113 0.12145 0.13015 0.13744 0.14356 0.14873 0.1531 0.15675 0.15959 0.16171 0.16211 0.16034 0.15748 0.15414 0.15013 0.14498 0.13885 0.13187 0.12426 0.11653 0.10918 0.10257 0.09772 0.09466 0.09257 0.09077 0.08866 0.08683 0.08573 0.08591 0.08746
0.14363 0.14536 0.14717 0.14923 0.15166 0.15411 0.15665 0.15925 0.1619 0.1645 0.16727 0.16991 0.17266 0.17536 0.17748 0.17891 0.18022 0.18141 0.1821 0.18171 0.17961 0.17541 0.16897 0.15878 0.12869 0.13953 0.22771 0.22993 0.21799 0.2009 0.17969 0.15811 0.14039 0.12787 0.12317 0.12617 0.13327 0.14174 0.15017 0.15811 0.16526 0.17129 0.17635 0.18022 0.18289 0.18374 0.18207 0.17891 0.17453 0.16941 0.1634 0.15636 0.14859 0.14057 0.1327 0.12526 0.11904 0.11419 0.11041 0.10807 0.10649 0.10412 0.10104 0.09874 0.09726 0.0969 0.09793
0.15421 0.15611 0.15811 0.16072 0.16355 0.16655 0.16971 0.17297 0.17641 0.18 0.18382 0.18775 0.19202 0.19619 0.19985 0.20386 0.20842 0.21368 0.2198 0.22711 0.23563 0.24585 0.25962 0.27991 0.31148 0.34353 0.31544 0.28843 0.26119 0.23592 0.21267 0.1938 0.17983 0.16938 0.16395 0.16392 0.16748 0.17315 0.17953 0.18596 0.19173 0.19647 0.19997 0.20229 0.20281 0.20017 0.1955 0.18997 0.18398 0.177 0.16935 0.16162 0.15382 0.14608 0.13936 0.13368 0.12903 0.12586 0.12369 0.12202 0.11992 0.11709 0.11419 0.1118 0.11009 0.10936 0.10982
0.1638 0.16589 0.1682 0.17135 0.17467 0.17816 0.18188 0.18582 0.19005 0.1945 0.19932 0.20443 0.20983 0.21483 0.22016 0.22632 0.23345 0.24179 0.25163 0.26348 0.27785 0.29548 0.31713 0.34366 0.37269 0.3839 0.36097 0.32871 0.29932 0.27379 0.25189 0.23522 0.22293 0.21331 0.20765 0.20567 0.20623 0.20845 0.21145 0.21455 0.21723 0.21904 0.21939 0.21817 0.2142 0.20816 0.20127 0.19416 0.1869 0.17944 0.17181 0.16438 0.15773 0.15179 0.14663 0.143 0.14043 0.13835 0.13693 0.13576 0.13379 0.13096 0.1283 0.12602 0.12418 0.1228 0.12219
0.17228 0.17464 0.17751 0.18102 0.18477 0.18873 0.19295 0.19748 0.20234 0.20756 0.21319 0.21913 0.22479 0.23054 0.23713 0.24468 0.25334 0.26327 0.27474 0.28794 0.30312 0.32039 0.33912 0.35702 0.37007 0.37264 0.36281 0.34463 0.32422 0.30466 0.28761 0.27455 0.26418 0.25491 0.24827 0.24399 0.24135 0.23983 0.23898 0.23799 0.2365 0.23412 0.23072 0.22508 0.21739 0.20943 0.20192 0.19465 0.18727 0.18022 0.17378 0.1679 0.16279 0.15906 0.1563 0.15411 0.15261 0.15162 0.1511 0.15023 0.14843 0.14588 0.14339 0.14107 0.13896 0.13719 0.13579
0.17967 0.18224 0.1858 0.18958 0.19365 0.19802 0.20271 0.2077 0.21307 0.21884 0.22499 0.2308 0.23652 0.24294 0.2502 0.25832 0.26749 0.2777 0.28907 0.30156 0.31509 0.32953 0.34374 0.35613 0.36428 0.36614 0.36143 0.35188 0.34021 0.32778 0.31624 0.30628 0.29687 0.28766 0.27987 0.27333 0.26766 0.26235 0.2572 0.25209 0.24666 0.2406 0.23356 0.22494 0.2164 0.2083 0.20095 0.19419 0.18804 0.18246 0.1776 0.17384 0.17097 0.1687 0.1673 0.16661 0.16622 0.16607 0.16604 0.16532 0.16365 0.16171 0.15975 0.15783 0.15595 0.15414 0.15261
0.18588 0.18881 0.19285 0.19695 0.20132 0.20601 0.211 0.21631 0.22204 0.22812 0.2339 0.23931 0.24525 0.25187 0.25925 0.26736 0.27628 0.28604 0.29673 0.30822 0.32025 0.33248 0.34369 0.35283 0.35897 0.3617 0.36054 0.3562 0.35033 0.34271 0.3349 0.32717 0.31815 0.30889 0.29972 0.29077 0.28194 0.27329 0.26469 0.25673 0.249 0.24102 0.2318 0.22253 0.21429 0.20741 0.20137 0.19596 0.19136 0.18746 0.18445 0.18229 0.18102 0.18044 0.18017 0.18019 0.18058 0.18116 0.18155 0.18111 0.17978 0.17833 0.17689 0.17547 0.17413 0.17289 0.17178
0.19095 0.19458 0.19877 0.2031 0.20768 0.21258 0.21776 0.22327 0.22915 0.23471 0.23975 0.24513 0.25104 0.25755 0.26482 0.27286 0.28164 0.29107 0.301 0.31126 0.32162 0.3315 0.3399 0.34704 0.35269 0.35669 0.35843 0.35742 0.35457 0.34944 0.34341 0.33642 0.32711 0.31719 0.3065 0.29548 0.28466 0.27441 0.26488 0.25601 0.24722 0.23799 0.22898 0.22107 0.21445 0.20902 0.20438 0.20017 0.19708 0.19501 0.19373 0.19316 0.19303 0.19342 0.19396 0.19463 0.19542 0.19639 0.1968 0.19652 0.19558 0.19463 0.19375 0.19295 0.19225 0.19173 0.19139
0.19506 0.19932 0.20359 0.20804 0.21277 0.21774 0.223 0.22854 0.23371 0.23824 0.2429 0.24823 0.25407 0.2606 0.26769 0.27539 0.28358 0.29213 0.30073 0.30916 0.31741 0.32564 0.33315 0.3401 0.34605 0.35041 0.35279 0.35316 0.35148 0.34735 0.34177 0.33411 0.32431 0.31367 0.30267 0.29139 0.28055 0.27026 0.26107 0.25257 0.24425 0.23582 0.22828 0.22213 0.21691 0.21251 0.20914 0.20688 0.20555 0.20511 0.20509 0.20538 0.20596 0.20671 0.20756 0.20852 0.20962 0.21078 0.21131 0.21105 0.2105 0.20998 0.2095 0.20917 0.209 0.20902 0.20931
