data/pm10_slope_horn_max.asc
ncols	541
nrows	200
xllcorner	12.09692
yllcorner	48.55814
cellsize	0.0125
NODATA_value	-9999.0
[rows 120 to 149 of 200, columns 335 to 401 of 541]
2.20428 2.25135 2.29207 2.32726 2.35711 2.38182 2.40157 2.41652 2.42696 2.43342 2.43634 2.44048 2.44962 2.46544 2.48542 2.50215 2.51432 2.5228 2.52756 2.52856 2.52537 2.51825 2.5066 2.49043 2.46983 2.44522 2.4173 2.38568 2.34838 2.30593 2.26129 2.21776 2.17807 2.15455 2.14353 2.13708 2.132 2.12624 2.12465 2.12734 2.12787 2.12287 2.1107 2.09048 2.06187 2.02428 1.97599 1.91821 1.8592 1.80747 1.75669 1.70199 1.64119 1.57146 1.49649 1.42192 1.34701 1.27443 1.20377 1.13782 1.07707 1.02615 0.99672 0.99732 1.02741 1.09165 1.17354
2.18676 2.23745 2.28218 2.32166 2.3559 2.38496 2.409 2.4282 2.44268 2.45301 2.4599 2.46505 2.4727 2.48495 2.50335 2.5234 2.53931 2.55032 2.55727 2.56062 2.55972 2.55547 2.54685 2.53438 2.51768 2.49603 2.46944 2.43852 2.40335 2.36335 2.31763 2.27071 2.22657 2.19282 2.17289 2.16121 2.15647 2.15137 2.14675 2.14565 2.14782 2.14532 2.13598 2.11942 2.09507 2.06168 2.01821 1.96488 1.90572 1.85098 1.79682 1.74099 1.682 1.61738 1.54461 1.46874 1.39193 1.31575 1.24204 1.17206 1.11205 1.06156 1.02889 1.01023 1.01595 1.0785 1.16264
2.16855 2.22168 2.26928 2.31207 2.34986 2.3825 2.41051 2.43374 2.45234 2.46671 2.47748 2.48521 2.49189 2.50143 2.51561 2.53667 2.55617 2.57003 2.57899 2.58412 2.58571 2.58377 2.57777 2.56869 2.55541 2.53756 2.5143 2.48581 2.45189 2.41303 2.37015 2.32461 2.27806 2.23532 2.20285 2.18312 2.1759 2.17038 2.1656 2.1661 2.16719 2.16411 2.15524 2.14004 2.11745 2.08701 2.04765 1.9989 1.94286 1.8867 1.83018 1.77028 1.71058 1.65035 1.58284 1.50827 1.43169 1.3531 1.27821 1.20639 1.14713 1.09574 1.0585 1.03035 1.01849 1.06939 1.15388
2.1523 2.20655 2.25611 2.30127 2.34151 2.37668 2.40767 2.43414 2.45662 2.47535 2.48993 2.50066 2.50812 2.51523 2.52552 2.54586 2.56744 2.58317 2.59453 2.60184 2.60435 2.60386 2.60085 2.5946 2.58393 2.56934 2.54918 2.52402 2.49359 2.45771 2.41691 2.37193 2.32584 2.27925 2.23802 2.21589 2.20592 2.20057 2.19764 2.19726 2.19635 2.19223 2.18279 2.16752 2.14591 2.11732 2.08039 2.0346 1.98004 1.92097 1.86372 1.80095 1.73597 1.67471 1.61263 1.54282 1.46747 1.38901 1.31066 1.237 1.17655 1.12363 1.08271 1.04657 1.02761 1.06244 1.13554
2.13738 2.1932 2.24413 2.28993 2.33108 2.36814 2.40137 2.43028 2.45552 2.47727 2.49512 2.50925 2.51957 2.52851 2.53906 2.55759 2.57754 2.59281 2.60545 2.61474 2.61906 2.62054 2.61835 2.61245 2.60432 2.5923 2.5748 2.55259 2.52507 2.49262 2.45541 2.41312 2.36688 2.31931 2.2799 2.26216 2.251 2.24392 2.24039 2.23919 2.23821 2.23375 2.22394 2.20875 2.18754 2.15923 2.12327 2.07928 2.02633 1.9658 1.90465 1.84205 1.77433 1.70611 1.64308 1.5788 1.50788 1.43211 1.35287 1.27333 1.20428 1.14577 1.10148 1.0583 1.03103 1.05466 1.10964
2.1227 2.17916 2.23128 2.27839 2.321 2.35881 2.39234 2.42235 2.44944 2.47315 2.49336 2.51037 2.52348 2.53521 2.54818 2.56911 2.59119 2.60662 2.61737 2.62544 2.63063 2.63373 2.63302 2.62781 2.62014 2.60814 2.59221 2.57223 2.54694 2.51676 2.48189 2.44219 2.39872 2.35603 2.32302 2.30776 2.29738 2.28971 2.28675 2.28581 2.28592 2.28226 2.27366 2.25908 2.23918 2.21291 2.17817 2.13528 2.08504 2.02728 1.96179 1.89451 1.82684 1.7559 1.68551 1.62005 1.55409 1.48319 1.40808 1.32922 1.25 1.17742 1.12073 1.071 1.02915 1.03546 1.06655
2.10803 2.16401 2.21618 2.26361 2.30716 2.34607 2.38072 2.41181 2.43935 2.46394 2.48595 2.50494 2.52023 2.53473 2.5504 2.57525 2.60028 2.61858 2.63198 2.64114 2.64559 2.64615 2.64372 2.63913 2.63233 2.62099 2.60652 2.58673 2.56244 2.53429 2.50075 2.46365 2.42576 2.39155 2.3662 2.35202 2.34231 2.33529 2.33209 2.33222 2.33326 2.3311 2.32401 2.31112 2.29232 2.26853 2.2375 2.19757 2.14943 2.09513 2.03326 1.96251 1.88921 1.8178 1.74566 1.67342 1.60575 1.53886 1.46987 1.39763 1.32201 1.24522 1.16979 1.10388 1.04501 1.02136 1.0134
2.09432 2.14792 2.19837 2.24558 2.28927 2.32869 2.36423 2.397 2.42615 2.45202 2.47448 2.49396 2.5111 2.52802 2.54647 2.57438 2.60245 2.62328 2.63813 2.64869 2.65517 2.65763 2.6561 2.65129 2.64367 2.63354 2.62203 2.60343 2.57965 2.55172 2.51902 2.48778 2.45936 2.43268 2.40927 2.39358 2.38355 2.3778 2.37476 2.37571 2.37773 2.37721 2.37152 2.36052 2.34405 2.32206 2.29428 2.25871 2.21495 2.1639 2.10733 2.0419 1.96747 1.88966 1.81611 1.74325 1.67009 1.60033 1.53518 1.47027 1.40445 1.33655 1.26753 1.20197 1.13729 1.08815 1.03492
2.07894 2.13019 2.17941 2.22557 2.2679 2.30677 2.34294 2.37661 2.40695 2.43459 2.45912 2.48031 2.49863 2.51658 2.53764 2.56476 2.59466 2.61878 2.63627 2.64906 2.65873 2.66366 2.66387 2.66244 2.65951 2.6573 2.64997 2.63313 2.61247 2.58731 2.55792 2.52916 2.50163 2.47517 2.45126 2.43018 2.42044 2.41484 2.41278 2.41397 2.4174 2.41839 2.41482 2.40595 2.39202 2.3732 2.34805 2.31604 2.27768 2.23202 2.17983 2.12124 2.05407 1.97823 1.89852 1.82315 1.75007 1.67751 1.60803 1.54601 1.48666 1.43034 1.37368 1.31727 1.26253 1.21059 1.14087
2.06407 2.1088 2.15564 2.20128 2.24367 2.28249 2.318 2.35099 2.38181 2.41059 2.4367 2.45976 2.48037 2.49898 2.52016 2.54575 2.57572 2.60202 2.62218 2.63788 2.65196 2.66169 2.66835 2.6779 2.68588 2.68969 2.68364 2.66899 2.64917 2.62272 2.59426 2.56667 2.53937 2.51383 2.48985 2.46865 2.45077 2.44522 2.44458 2.44702 2.45188 2.4552 2.4533 2.44686 2.43577 2.42063 2.39966 2.37158 2.33692 2.29715 2.25112 2.19848 2.13896 2.07211 1.99676 1.91776 1.84076 1.76906 1.70015 1.63324 1.57178 1.51935 1.46911 1.4195 1.36666 1.30933 1.24551
2.05611 2.08889 2.12996 2.17193 2.2129 2.25213 2.2883 2.32207 2.35332 2.38174 2.40771 2.43238 2.45615 2.47707 2.49918 2.52681 2.5578 2.58634 2.61142 2.63451 2.65516 2.67236 2.68786 2.70179 2.71229 2.71686 2.71228 2.69908 2.67799 2.65042 2.62422 2.59842 2.57191 2.54662 2.52282 2.50109 2.48255 2.46875 2.46858 2.47318 2.47957 2.4857 2.48689 2.4826 2.47453 2.46277 2.44614 2.42326 2.39372 2.35828 2.31862 2.27357 2.22192 2.16368 2.09841 2.02689 1.9511 1.87411 1.80458 1.73937 1.6742 1.61226 1.55737 1.50843 1.45686 1.40353 1.34774
2.05979 2.08028 2.1125 2.14711 2.18305 2.21994 2.25548 2.28976 2.32231 2.35256 2.38034 2.4068 2.43401 2.4632 2.49526 2.52836 2.55982 2.58983 2.61873 2.64633 2.67184 2.69352 2.71055 2.72337 2.73622 2.74173 2.73642 2.72119 2.6977 2.67042 2.6467 2.62228 2.59696 2.57185 2.54867 2.52711 2.50844 2.49286 2.48529 2.49163 2.5007 2.50887 2.51347 2.51295 2.50794 2.4999 2.48717 2.46867 2.44548 2.41616 2.38174 2.34399 2.30228 2.25435 2.19865 2.13683 2.07091 2.0001 1.92588 1.85468 1.78879 1.72577 1.66028 1.59783 1.54171 1.49089 1.43961
2.07831 2.08583 2.10485 2.13033 2.16134 2.19564 2.2297 2.26293 2.29491 2.32614 2.35873 2.3947 2.43346 2.47247 2.51008 2.54593 2.5802 2.61286 2.6437 2.6714 2.69457 2.71268 2.72732 2.74071 2.7547 2.75909 2.75166 2.7338 2.70893 2.68372 2.66181 2.63776 2.61323 2.58894 2.56623 2.54564 2.52739 2.51246 2.5009 2.50127 2.51355 2.52524 2.53257 2.53572 2.53509 2.53116 2.5233 2.50978 2.49111 2.46863 2.44155 2.41039 2.37687 2.33995 2.29609 2.24488 2.18828 2.12716 2.06042 1.98962 1.9139 1.84433 1.77834 1.71185 1.64215 1.57884 1.52464
2.09665 2.1003 2.11354 2.13222 2.15582 2.18401 2.21526 2.24869 2.28404 2.32111 2.35983 2.40011 2.44147 2.48313 2.52376 2.56262 2.59954 2.63343 2.66304 2.68764 2.70721 2.72217 2.73437 2.74848 2.76093 2.76351 2.75468 2.73542 2.71084 2.68736 2.6674 2.64439 2.62068 2.59734 2.5753 2.55566 2.53859 2.52459 2.51483 2.5081 2.51626 2.53196 2.54382 2.55065 2.55421 2.55497 2.55176 2.54454 2.53229 2.51599 2.49624 2.4732 2.44716 2.41914 2.38653 2.34727 2.30056 2.2471 2.18755 2.12297 2.05164 1.97595 1.89845 1.82869 1.76047 1.69148 1.62457
2.10878 2.11034 2.12043 2.13508 2.15608 2.18273 2.21368 2.24715 2.28298 2.32115 2.36147 2.40371 2.44744 2.49169 2.53504 2.57589 2.61297 2.64505 2.67162 2.69279 2.70883 2.72089 2.73131 2.74465 2.75363 2.75379 2.74368 2.72444 2.70157 2.67935 2.66195 2.64105 2.61825 2.59613 2.57533 2.5567 2.54134 2.52886 2.52056 2.51608 2.51501 2.52869 2.54468 2.55683 2.56512 2.5713 2.57385 2.57238 2.56703 2.55859 2.54624 2.53084 2.51323 2.493 2.46889 2.43925 2.40216 2.35712 2.30393 2.24386 2.17908 2.10809 2.0303 1.95037 1.87459 1.80403 1.73866
2.11376 2.11462 2.12361 2.13583 2.15435 2.1793 2.20958 2.24352 2.28011 2.31907 2.36061 2.40441 2.44993 2.49558 2.5393 2.5789 2.61356 2.64288 2.66657 2.68462 2.69723 2.70639 2.7164 2.72724 2.73206 2.72923 2.71787 2.69987 2.6796 2.65945 2.64375 2.62609 2.60526 2.58422 2.56502 2.54803 2.53423 2.52797 2.5306 2.53676 2.54037 2.53912 2.55668 2.57033 2.57973 2.58549 2.58929 2.59498 2.59636 2.5947 2.59068 2.58354 2.57347 2.56039 2.54343 2.52081 2.49059 2.45266 2.40684 2.35248 2.29098 2.22508 2.15379 2.07584 1.99697 1.91702 1.84553
2.11099 2.11265 2.12172 2.13352 2.14998 2.17373 2.20313 2.23727 2.27467 2.31438 2.35657 2.40012 2.44438 2.4878 2.52888 2.5659 2.59806 2.62494 2.6461 2.66135 2.67139 2.67884 2.68867 2.6956 2.69595 2.68973 2.67926 2.66337 2.64498 2.62742 2.61218 2.59753 2.5799 2.56092 2.54319 2.52818 2.52704 2.53061 2.53744 2.54835 2.55821 2.56274 2.56486 2.58584 2.60305 2.61647 2.62636 2.63269 2.63468 2.63088 2.628 2.62843 2.62579 2.61874 2.60764 2.59218 2.56866 2.53528 2.4939 2.44568 2.38951 2.32661 2.26028 2.18823 2.11198 2.0333 1.95406
2.10039 2.1041 2.11404 2.12677 2.14289 2.16471 2.19306 2.22678 2.26422 2.30342 2.34355 2.38382 2.42402 2.46326 2.50072 2.53506 2.56487 2.58947 2.60835 2.62117 2.62919 2.63726 2.6465 2.64983 2.64625 2.63768 2.62981 2.61607 2.59805 2.58234 2.56773 2.55487 2.54004 2.52415 2.51047 2.51005 2.51343 2.52226 2.53543 2.55146 2.56706 2.57876 2.58463 2.59371 2.6189 2.64088 2.65898 2.6729 2.68169 2.68556 2.68332 2.67324 2.66533 2.66502 2.65979 2.64928 2.63278 2.60623 2.5686 2.52277 2.47151 2.41317 2.34998 2.28352 2.21201 2.13809 2.06046
2.083 2.08944 2.10034 2.11393 2.13057 2.15078 2.177 2.2077 2.24161 2.27715 2.3131 2.34915 2.38513 2.42046 2.45448 2.48588 2.51309 2.53532 2.55206 2.56318 2.57125 2.58151 2.5889 2.58894 2.58423 2.57823 2.57159 2.55751 2.54047 2.52636 2.51262 2.50004 2.48638 2.4728 2.47429 2.47935 2.48846 2.5027 2.523 2.54648 2.56885 2.58754 2.6019 2.61061 2.62651 2.65617 2.68233 2.70403 2.71998 2.72971 2.73189 2.72689 2.71348 2.69923 2.70222 2.69814 2.6859 2.66444 2.63083 2.58697 2.53738 2.48327 2.42367 2.36115 2.29472 2.22479 2.1535
2.05975 2.06827 2.07933 2.09267 2.10816 2.12543 2.14599 2.17113 2.1995 2.23002 2.26156 2.2935 2.3254 2.35688 2.38743 2.41595 2.44105 2.46143 2.47613 2.48703 2.49792 2.50866 2.51324 2.51172 2.50789 2.50385 2.49792 2.4862 2.4731 2.46072 2.44672 2.43186 2.41712 2.41584 2.42309 2.43397 2.45029 2.47176 2.49946 2.53115 2.5621 2.58909 2.61159 2.62998 2.64242 2.6616 2.69469 2.72299 2.74515 2.7599 2.76633 2.76574 2.75837 2.74436 2.73603 2.74323 2.73657 2.71487 2.68017 2.63666 2.58724 2.53529 2.47999 2.42091 2.35984 2.29464 2.23011
2.02977 2.03771 2.04618 2.0561 2.06756 2.08057 2.09541 2.11399 2.13631 2.16142 2.18802 2.2149 2.24218 2.26965 2.2967 2.32231 2.34526 2.36373 2.37886 2.39275 2.40622 2.41531 2.41837 2.41752 2.41541 2.41364 2.41184 2.40765 2.39995 2.38725 2.36984 2.35021 2.3313 2.3391 2.35423 2.37299 2.39773 2.42871 2.46485 2.5043 2.54422 2.58112 2.61275 2.6403 2.66347 2.68033 2.69652 2.73024 2.75514 2.77212 2.7821 2.78657 2.79008 2.79163 2.7812 2.78929 2.79491 2.7681 2.72312 2.67191 2.61858 2.56654 2.51637 2.46219 2.40543 2.34684 2.29063
1.98778 1.99191 1.99587 2.00113 2.00776 2.01579 2.02528 2.03702 2.05268 2.07106 2.0916 2.11318 2.1353 2.1575 2.17982 2.20172 2.22242 2.24113 2.26052 2.27827 2.29214 2.30083 2.30573 2.30792 2.30945 2.3138 2.32097 2.32647 2.32286 2.30665 2.28103 2.2521 2.22765 2.24203 2.26376 2.29232 2.32729 2.36931 2.41621 2.4646 2.51313 2.56035 2.60295 2.64014 2.67343 2.70196 2.72342 2.73732 2.74895 2.76673 2.77692 2.7838 2.79225 2.79766 2.79004 2.769 2.79798 2.77592 2.7329 2.68462 2.63247 2.57889 2.53146 2.48373 2.43228 2.38292 2.33498
1.93228 1.93179 1.93066 1.93045 1.93135 1.93348 1.93694 1.94191 1.9497 1.96028 1.97322 1.9881 2.00408 2.02043 2.0373 2.05518 2.07538 2.09802 2.12014 2.13846 2.15359 2.16682 2.17812 2.18724 2.21168 2.21666 2.22 2.24684 2.25052 2.22063 2.17488 2.12818 2.10657 2.12323 2.15027 2.18784 2.23476 2.2901 2.35006 2.4102 2.46855 2.5256 2.57998 2.62864 2.67171 2.71027 2.74227 2.76555 2.77979 2.78639 2.78757 2.78671 2.78412 2.77547 2.75098 2.69871 2.73462 2.71688 2.69294 2.66043 2.61947 2.57226 2.52913 2.48682 2.44359 2.40444 2.3646
1.86326 1.85788 1.85133 1.84529 1.83992 1.83539 1.83185 1.82946 1.82867 1.83031 1.83463 1.84077 1.84842 1.85734 1.86978 1.88724 1.90869 1.93003 1.94918 1.96748 1.98728 2.00953 2.03423 2.06935 2.13476 2.17386 2.14092 2.19888 2.19041 2.11477 2.02983 1.95786 1.95866 1.97885 2.01323 2.06113 2.12104 2.19032 2.26464 2.33931 2.41027 2.47767 2.54268 2.60362 2.65776 2.70446 2.74417 2.77547 2.79809 2.81248 2.82126 2.8289 2.83522 2.83643 2.82713 2.79972 2.81046 2.77849 2.7303 2.67714 2.6205 2.56329 2.51351 2.47577 2.44375 2.41349 2.38172
1.79911 1.77824 1.75989 1.74561 1.73356 1.72186 1.71067 1.70018 1.69058 1.6823 1.6762 1.6717 1.67007 1.67241 1.68243 1.69671 1.71218 1.72772 1.74362 1.76237 1.78616 1.81804 1.8599 1.91322 1.9933 2.09915 2.12849 2.1637 2.07735 1.92773 1.80023 1.76309 1.76844 1.79841 1.8475 1.91168 1.98873 2.07441 2.16279 2.25151 2.33723 2.41729 2.4922 2.56351 2.62845 2.68405 2.72997 2.76598 2.79352 2.81298 2.82582 2.83482 2.84036 2.83614 2.81738 2.79612 2.79609 2.7746 2.7373 2.69035 2.63902 2.58929 2.54634 2.51038 2.48198 2.45164 2.41631
1.75912 1.72818 1.69861 1.66922 1.6403 1.61164 1.58307 1.55728 1.5354 1.51628 1.49867 1.48379 1.47528 1.47375 1.47645 1.48098 1.48645 1.49461 1.50556 1.52055 1.54117 1.57262 1.61941 1.68314 1.76328 1.86531 1.95216 1.93234 1.7868 1.61116 1.52326 1.4934 1.51726 1.57348 1.65123 1.74249 1.84264 1.94795 2.05269 2.15375 2.25119 2.34385 2.42999 2.50925 2.58146 2.64453 2.69642 2.73735 2.76838 2.79041 2.80473 2.81228 2.81482 2.80768 2.78823 2.76837 2.764 2.74515 2.71416 2.67471 2.63386 2.59616 2.56661 2.54347 2.51956 2.4906 2.45666
1.71919 1.68013 1.63987 1.59895 1.55808 1.5178 1.47784 1.44023 1.40343 1.36685 1.3334 1.30929 1.29278 1.27821 1.26365 1.25346 1.24747 1.24518 1.24521 1.24988 1.26236 1.28386 1.33051 1.41872 1.54343 1.68069 1.79466 1.85823 1.81606 1.65529 1.41237 1.23972 1.2212 1.3103 1.43429 1.56411 1.69381 1.81996 1.94115 2.05517 2.16173 2.26205 2.35634 2.44263 2.51951 2.58666 2.64289 2.68839 2.72282 2.74703 2.76232 2.76931 2.76937 2.76108 2.74296 2.72358 2.71741 2.6995 2.67211 2.64127 2.61432 2.59305 2.57784 2.56101 2.53883 2.51147 2.47905
1.66746 1.622 1.57277 1.52188 1.47092 1.41969 1.36872 1.31942 1.2751 1.23386 1.19936 1.17408 1.15162 1.12937 1.11001 1.09418 1.07778 1.06172 1.05376 1.06091 1.08411 1.12673 1.20139 1.29824 1.39082 1.44778 1.47336 1.49098 1.47322 1.41469 1.20112 0.98863 0.9354 1.05256 1.23224 1.40169 1.55912 1.7044 1.83837 1.96198 2.07608 2.18152 2.27874 2.36763 2.44713 2.5163 2.57429 2.62165 2.65813 2.68459 2.7015 2.70957 2.70959 2.70138 2.68441 2.66457 2.65696 2.63942 2.61708 2.59964 2.58911 2.58159 2.57178 2.55652 2.53587 2.50991 2.4788
1.59468 1.5427 1.48647 1.42781 1.36856 1.30862 1.25434 1.20086 1.15789 1.12433 1.09868 1.07784 1.05658 1.03307 1.00764 0.98071 0.95957 0.94974 0.95864 0.98722 1.03421 1.10702 1.18895 1.25971 1.33397 1.35444 1.22208 1.06979 1.01767 1.08301 0.98057 0.81497 0.76421 0.88949 1.09552 1.28707 1.45922 1.6141 1.75456 1.88245 1.99937 2.10702 2.20479 2.29188 2.36954 2.43725 2.49491 2.54254 2.5796 2.60678 2.6247 2.63388 2.63472 2.62706 2.61147 2.59212 2.58379 2.56724 2.55488 2.55221 2.55203 2.54859 2.53981 2.52578 2.50647 2.48187 2.45203
1.50072 1.4421 1.37912 1.31328 1.25011 1.19007 1.14577 1.11433 1.0946 1.0761 1.05456 1.03107 1.00613 0.98019 0.95892 0.94605 0.94978 0.96798 1.00471 1.06633 1.14342 1.2314 1.30451 1.34645 1.36892 1.26958 1.13869 1.23805 1.21203 1.16997 1.01146 0.87119 0.87493 1.02974 1.21433 1.36994 1.50285 1.61976 1.72506 1.82398 1.93825 2.04213 2.13619 2.21968 2.29302 2.3562 2.41007 2.45492 2.49054 2.51704 2.53499 2.54462 2.54607 2.53883 2.5234 2.50502 2.4958 2.48459 2.48478 2.48952 2.49154 2.48837 2.4802 2.46708 2.4494 2.42755 2.40142
