data/pm10_aspect_4cell_modal.asc
ncols	541
nrows	200
xllcorner	12.09692
yllcorner	48.55814
cellsize	0.0125
NODATA_value	-9999.0
[rows 54 to 80 of 200, columns 0 to 59 of 541]
-9999.0 -9999.0 -9999.0 -9999.0 -9999.0 -9999.0 -9999.0 -9999.0 -9999.0 -9999.0 -9999.0 -9999.0 -9999.0 -9999.0 -9999.0 -9999.0 -9999.0 -9999.0 -9999.0 -9999.0 -9999.0 -9999.0 -9999.0 -9999.0 -9999.0 -9999.0 -9999.0 -9999.0 -9999.0 -9999.0 -9999.0 -9999.0 -9999.0 230.19418 212.24685 205.25333 201.69927 199.13185 197.07779 195.41965 194.06461 192.8402 191.67766 190.63144 189.66544 188.75271 188.23533 188.07204 187.84057 187.40913 186.70668 186.00538 185.3545 184.71852 184.07222 183.47291 182.91657 182.41695 181.95228 181.47386
-9999.0 -9999.0 -9999.0 -9999.0 -9999.0 -9999.0 -9999.0 -9999.0 -9999.0 -9999.0 -9999.0 -9999.0 -9999.0 -9999.0 -9999.0 -9999.0 -9999.0 -9999.0 -9999.0 -9999.0 -9999.0 -9999.0 -9999.0 -9999.0 -9999.0 -9999.0 -9999.0 -9999.0 -9999.0 -9999.0 -9999.0 -9999.0 216.82077 209.41415 202.78617 198.98058 197.37573 196.3255 195.41507 194.5923 193.82626 193.0436 192.29703 191.47369 190.63488 189.74565 189.03977 188.7275 188.53843 188.21299 187.63717 186.96566 186.28155 185.52983 184.79759 184.1003 183.44827 182.86958 182.36022 181.87837
-9999.0 -9999.0 -9999.0 -9999.0 -9999.0 -9999.0 -9999.0 -9999.0 -9999.0 -9999.0 -9999.0 -9999.0 -9999.0 -9999.0 -9999.0 -9999.0 -9999.0 -9999.0 -9999.0 -9999.0 -9999.0 -9999.0 -9999.0 -9999.0 -9999.0 -9999.0 -9999.0 -9999.0 -9999.0 -9999.0 -9999.0 -9999.0 190.51513 192.5858 192.86712 192.46491 192.46319 192.84077 193.05276 193.11865 193.06479 192.86311 192.51647 192.03462 191.46395 190.76895 190.04015 189.54225 189.32911 189.05638 188.66792 188.09267 187.34152 186.47979 185.64098 184.82738 184.08254 183.40014 182.79567 182.25537
-9999.0 -9999.0 -9999.0 -9999.0 -9999.0 -9999.0 -9999.0 -9999.0 -9999.0 -9999.0 -9999.0 -9999.0 -9999.0 -9999.0 -9999.0 -9999.0 -9999.0 -9999.0 -9999.0 -9999.0 -9999.0 -9999.0 -9999.0 -9999.0 -9999.0 -9999.0 -9999.0 -9999.0 -9999.0 185.88907 -9999.0 180.07183 181.86175 184.43204 186.52849 187.78728 188.66505 189.67174 190.68587 191.48744 192.08733 192.40303 192.54971 192.48668 192.25234 191.84268 191.28576 190.65264 190.306 190.08943 189.84133 189.41047 188.63411 187.65837 186.67746 185.73552 184.84686 184.03555 183.29472 182.63467
-9999.0 -9999.0 -9999.0 -9999.0 -9999.0 -9999.0 -9999.0 -9999.0 -9999.0 -9999.0 -9999.0 -9999.0 -9999.0 -9999.0 -9999.0 -9999.0 -9999.0 -9999.0 -9999.0 -9999.0 -9999.0 -9999.0 -9999.0 -9999.0 -9999.0 -9999.0 -9999.0 -9999.0 186.5623 182.8438 180.64823 180.00021 180.60124 182.00442 183.66886 185.17803 186.32738 187.45898 188.79168 190.0602 191.10356 191.95039 192.59268 192.98859 193.14329 193.06823 192.75368 192.23171 191.69714 191.42327 191.25368 190.96147 190.24355 189.16754 188.01474 186.88315 185.81172 184.80618 183.88544 183.07012
-9999.0 -9999.0 -9999.0 -9999.0 -9999.0 -9999.0 -9999.0 -9999.0 -9999.0 -9999.0 -9999.0 -9999.0 -9999.0 -9999.0 -9999.0 -9999.0 -9999.0 -9999.0 -9999.0 -9999.0 -9999.0 -9999.0 -9999.0 -9999.0 -9999.0 -9999.0 -9999.0 187.05848 184.02982 181.80847 180.48723 180.00021 180.30101 181.1805 182.42382 183.78689 185.03307 186.14633 187.41142 188.90283 190.32778 191.64157 192.76571 193.6326 194.25368 194.55792 194.56766 194.28863 193.74948 193.29398 193.14501 192.89405 192.2701 191.15856 189.78805 188.4141 187.0665 185.79167 184.62283 183.58865
-9999.0 -9999.0 -9999.0 258.14707 256.65853 254.99408 253.07639 -9999.0 -9999.0 -9999.0 -9999.0 -9999.0 -9999.0 -9999.0 -9999.0 -9999.0 -9999.0 -9999.0 -9999.0 -9999.0 -9999.0 -9999.0 -9999.0 -9999.0 -9999.0 190.518 187.47903 184.899 182.82146 181.30083 180.37607 180.00021 180.18184 180.83616 181.82451 183.02027 184.28651 185.43758 186.59094 188.05944 189.80065 191.5264 193.14157 194.5499 195.69353 196.4991 196.94773 196.99013 196.65323 196.10319 195.76457 195.52966 194.92519 193.83829 192.26896 190.53175 188.7911 187.12437 185.58827 184.22921
-9999.0 -9999.0 -9999.0 253.784 251.75057 249.69251 247.45339 -9999.0 -9999.0 -9999.0 -9999.0 -9999.0 -9999.0 -9999.0 -9999.0 -9999.0 -9999.0 -9999.0 -9999.0 -9999.0 -9999.0 -9999.0 -9999.0 -9999.0 190.49221 187.88067 185.58197 183.67402 182.13792 181.01205 180.297 180.01625 180.13256 180.64651 181.48933 182.53612 183.75538 185.01646 186.23858 187.62341 189.47521 191.62094 193.78615 195.82932 197.62038 199.07512 200.09556 200.59919 200.60778 200.22963 199.68303 199.243 198.62879 197.53043 195.81843 193.62286 191.32243 189.06154 186.95764 185.09495
-9999.0 -9999.0 -9999.0 -9999.0 246.3281 243.85693 241.08668 -9999.0 -9999.0 -9999.0 -9999.0 -9999.0 -9999.0 -9999.0 -9999.0 -9999.0 -9999.0 -9999.0 -9999.0 -9999.0 -9999.0 -9999.0 -9999.0 190.50539 188.2107 186.16008 184.37818 182.89938 181.71622 180.82699 180.26606 180.01683 180.08386 180.49811 181.22462 182.16714 183.3142 184.69159 186.09763 187.56383 189.41792 191.87476 194.66736 197.51324 200.18723 202.50771 204.33602 205.51517 206.02109 206.01708 205.54611 204.77261 203.9785 202.82399 200.98594 198.38242 195.31308 192.15494 189.11597 186.39671
-9999.0 -9999.0 -9999.0 243.24788 240.61342 237.68045 234.50282 231.18654 -9999.0 -9999.0 -9999.0 -9999.0 -9999.0 -9999.0 -9999.0 -9999.0 -9999.0 -9999.0 -9999.0 -9999.0 -9999.0 -9999.0 190.518 188.45535 186.60584 184.99067 183.57088 182.40262 181.44406 180.72615 180.25117 180.01683 180.0512 180.36805 180.96335 181.81591 182.9137 184.30885 185.94579 187.68243 189.67403 192.285 195.76457 199.64923 203.52643 207.09596 210.03351 212.16205 213.39105 213.92905 213.81675 212.98654 211.84177 210.59845 208.71858 205.90363 202.1032 197.67309 193.08026 188.73381
-9999.0 243.50972 240.5481 237.61914 234.62314 231.40083 227.71843 223.4264 218.56428 214.14105 210.7119 -9999.0 -9999.0 -9999.0 -9999.0 -9999.0 -9999.0 -9999.0 -9999.0 -9999.0 -9999.0 190.29283 188.59859 186.92842 185.44331 184.13697 183.01569 182.04854 181.27733 180.65682 180.25231 180.03402 180.0174 180.23283 180.70896 181.46698 182.46221 183.79835 185.55446 187.65894 190.06937 193.00234 196.98956 202.20806 207.80757 213.1166 217.56447 220.8882 222.99783 224.1489 224.52247 224.09447 222.93595 221.5809 220.05512 217.64125 213.90843 208.6332 201.93533 194.36197
-9999.0 -9999.0 -9999.0 -9999.0 -9999.0 224.7167 220.13533 215.01939 210.29249 206.4044 203.1987 201.06615 -9999.0 -9999.0 -9999.0 -9999.0 -9999.0 -9999.0 -9999.0 -9999.0 189.32453 188.24278 187.04759 185.76016 184.55351 183.50614 182.5917 181.8056 181.16045 180.63562 180.26893 180.06839 180.00021 180.10907 180.45686 181.04586 181.94254 183.13429 184.8142 187.13124 190.07396 193.77412 198.53998 205.02643 213.04154 220.7759 227.08875 231.54693 234.3063 235.88021 236.63193 236.65944 236.122 235.14167 234.24098 233.35633 231.70335 228.7721 223.73408 215.03142
-9999.0 -9999.0 -9999.0 -9999.0 -9999.0 -9999.0 212.25372 207.45119 203.62383 200.02738 197.39063 195.94563 194.85414 -9999.0 -9999.0 -9999.0 -9999.0 -9999.0 -9999.0 -9999.0 187.27047 186.45114 185.67593 184.793 183.85564 183.01569 182.26912 181.61653 181.09055 180.64479 180.33482 180.11939 180.00021 180.03688 180.23111 180.63276 181.3352 182.33559 183.7697 185.92058 189.1555 193.64692 199.87956 208.3112 219.07937 229.98104 238.09527 243.03302 245.67034 246.96866 247.56741 247.75075 247.75075 247.71236 247.79544 248.44346 249.65183 251.05958 252.73205 254.73912
-9999.0 -9999.0 -9999.0 -9999.0 -9999.0 -9999.0 -9999.0 201.45863 197.92004 195.14406 193.26648 191.8232 190.76265 190.07739 -9999.0 -9999.0 -9999.0 -9999.0 -9999.0 186.19675 185.55217 184.96718 184.45439 183.92268 183.27123 182.59857 182.00556 181.49391 181.05216 180.70037 180.41389 180.18642 180.05235 180.00021 180.07641 180.30502 180.74448 181.45438 182.51435 184.15874 186.92613 191.52984 198.99949 210.68497 225.88668 240.14474 249.11095 253.13254 254.55577 254.97804 255.07946 255.2015 255.5086 256.13427 257.12549 258.60257 260.83711 263.64919 266.67211 269.37418
-9999.0 -9999.0 -9999.0 -9999.0 -9999.0 -9999.0 -9999.0 -9999.0 193.46243 191.62381 190.13011 188.74641 187.61826 186.95305 -9999.0 -9999.0 -9999.0 -9999.0 -9999.0 184.54262 184.06707 183.69006 183.3566 183.07814 182.71202 182.26626 181.79758 181.38849 181.05904 180.76626 180.50327 180.2993 180.11996 180.01797 180.00021 180.07928 180.29758 180.71641 181.34895 182.30866 183.97768 187.15416 193.60681 206.8937 229.79024 249.99216 258.20666 259.86022 259.45284 258.84723 258.57851 258.74982 259.37549 260.43948 261.88963 263.68184 265.75538 267.97674 269.68472 269.65378
-9999.0 -9999.0 -9999.0 -9999.0 -9999.0 -9999.0 -9999.0 -9999.0 -9999.0 188.92804 187.56956 186.40015 185.33674 184.55064 -9999.0 -9999.0 -9999.0 -9999.0 -9999.0 -9999.0 182.82031 182.58883 182.41695 182.28058 182.15568 181.93681 181.63028 181.34895 181.09341 180.84131 180.61786 180.40529 180.23398 180.10392 180.01797 180.00021 180.06037 180.23627 180.5365 180.97424 181.63658 182.80083 185.3058 192.00253 214.14162 254.72365 263.96145 261.06113 259.05979 258.12358 258.11556 258.78477 259.96621 261.52237 263.34093 265.28383 267.19809 268.86768 269.90932 269.66753
-9999.0 -9999.0 -9999.0 -9999.0 -9999.0 -9999.0 -9999.0 -9999.0 -9999.0 -9999.0 185.5453 184.51741 183.58406 182.85125 -9999.0 -9999.0 -9999.0 -9999.0 -9999.0 181.84227 181.74086 181.66293 181.60449 181.59762 181.58788 181.57986 181.50365 181.32489 181.12435 180.92611 180.72615 180.52103 180.33998 180.1996 180.08615 180.01797 180.00021 180.05808 180.18356 180.36461 180.60927 180.88486 181.26645 181.84685 183.31878 200.10817 240.08286 249.64953 249.88387 250.97822 252.87242 255.08347 257.4664 259.92267 262.35201 264.6616 266.71508 268.39328 269.53002 269.99985
-9999.0 -9999.0 -9999.0 -9999.0 -9999.0 -9999.0 -9999.0 -9999.0 -9999.0 -9999.0 183.95362 183.01282 182.28517 181.67439 181.16503 -9999.0 -9999.0 -9999.0 180.74506 180.81496 180.84532 180.87684 180.92497 181.02351 181.12092 181.25499 181.35411 181.33348 181.18623 181.01034 180.83215 180.63218 180.44082 180.27351 180.14803 180.05006 180.00021 180.0174 180.08673 180.22653 180.39899 180.57603 180.79548 181.14785 182.17974 186.79492 200.36829 219.04843 229.42355 236.22513 242.12373 247.23624 251.6503 255.53496 258.97156 261.9687 264.49258 266.5346 268.01684 268.99889
-9999.0 -9999.0 -9999.0 -9999.0 -9999.0 -9999.0 -9999.0 -9999.0 -9999.0 183.65224 182.76129 181.99181 181.34265 180.79949 180.41274 180.15548 180.08959 180.03745 180.06266 180.10506 180.20075 180.29299 180.40472 180.55082 180.75079 180.97539 181.19998 181.31801 181.2865 181.13352 180.94445 180.74735 180.52619 180.34399 180.17267 180.06266 180.00021 180.01568 180.10564 180.26434 180.50842 180.85163 181.31801 182.15682 183.77027 186.8419 192.59841 201.86199 211.91797 220.89278 228.91935 236.23831 242.75685 248.28647 252.9618 256.88771 260.08997 262.64364 264.56191 265.84877
-9999.0 -9999.0 -9999.0 -9999.0 -9999.0 -9999.0 -9999.0 -9999.0 -9999.0 182.69426 181.96431 181.23092 180.6912 180.23455 180.06954 180.00021 180.10564 180.26721 180.25403 180.14574 180.0237 180.00021 180.06954 180.22309 180.48436 180.79662 181.09628 181.34208 181.42172 181.32661 181.09227 180.84303 180.56859 180.32107 180.15147 180.03001 180.00021 180.04261 180.1784 180.42076 180.78631 181.33749 182.09724 183.20018 184.94197 187.68644 191.85242 197.59804 204.25122 211.38397 218.59923 225.50624 232.32386 238.84928 244.50781 249.27024 253.16921 256.25516 258.55788 260.05559
-9999.0 -9999.0 -9999.0 -9999.0 -9999.0 -9999.0 -9999.0 -9999.0 -9999.0 182.13964 181.42344 180.78001 180.31362 180.00021 180.08959 180.48092 181.11519 181.86633 182.23475 181.88295 181.09571 180.39441 180.03459 180.04719 180.33138 180.75365 181.16274 181.45953 181.60965 181.51798 181.22348 180.84532 180.52561 180.25804 180.08902 180.01454 180.01396 180.12168 180.32451 180.65797 181.15701 181.84743 182.82088 184.10202 185.81573 188.20898 191.4628 195.72962 200.65305 206.04687 211.86411 217.62635 223.14623 228.83111 234.5647 239.71616 244.02825 247.46255 250.02539 251.65546
-9999.0 -9999.0 -9999.0 -9999.0 -9999.0 -9999.0 -9999.0 -9999.0 -9999.0 -9999.0 -9999.0 180.66599 180.13027 180.00021 180.37722 181.68814 184.11749 187.37361 189.7445 189.4712 186.35947 182.76301 180.61729 180.00021 180.32737 181.00633 181.5959 181.84915 181.81018 181.57699 181.21087 180.78688 180.43108 180.18585 180.03001 180.00021 180.06954 180.25289 180.53535 180.96393 181.55235 182.34934 183.40587 184.79243 186.4712 188.55791 191.21414 194.53386 198.36236 202.67502 207.40192 212.07496 216.55435 220.7209 224.98714 229.46137 233.6875 237.14702 239.73622 241.38691
-9999.0 -9999.0 -9999.0 -9999.0 -9999.0 -9999.0 -9999.0 -9999.0 -9999.0 -9999.0 -9999.0 -9999.0 -9999.0 180.00021 180.3755 182.95725 190.47445 207.09539 225.99211 231.47474 218.02341 194.22045 182.60488 180.01625 180.88715 182.32413 182.77848 182.47367 181.93853 181.42229 180.99487 180.60812 180.28784 180.081 180.00021 180.04433 180.18241 180.44253 180.80865 181.30484 181.9666 182.81744 183.89117 185.26283 186.93357 188.8272 191.04626 193.7214 196.70021 200.0927 204.09652 208.07858 211.68936 215.01825 217.91512 220.69225 223.70371 226.72778 229.1216 230.66343
-9999.0 -9999.0 -9999.0 -9999.0 -9999.0 -9999.0 -9999.0 -9999.0 -9999.0 -9999.0 -9999.0 -9999.0 -9999.0 -9999.0 180.00021 181.09456 191.82148 251.07563 269.99985 266.20973 266.88812 269.68873 208.12041 180.87111 190.52315 188.60317 184.99984 182.76244 181.55866 180.89059 180.48035 180.24315 180.09188 180.00021 180.0323 180.15147 180.3881 180.7124 181.14097 181.70132 182.38715 183.2569 184.30714 185.6066 187.17651 188.98018 190.93969 193.13355 195.50846 198.08219 201.2982 204.82762 208.04535 210.71705 212.97221 214.78849 216.19797 217.74724 219.51253 220.85783
-9999.0 -9999.0 -9999.0 -9999.0 -9999.0 -9999.0 -9999.0 -9999.0 -9999.0 -9999.0 -9999.0 -9999.0 -9999.0 -9999.0 -9999.0 181.48761 180.83043 180.00021 197.103 196.66698 207.86143 218.97567 216.44835 180.09647 253.30099 192.33886 182.03708 180.64823 180.2208 180.06725 180.02771 180.00021 180.02026 180.05464 180.18413 180.39154 180.68089 181.0705 181.53631 182.12818 182.83062 183.67115 184.67669 185.86787 187.28308 188.93492 190.78442 192.70956 194.63241 196.57359 199.04189 201.94048 204.84423 207.35207 209.22908 210.60647 211.49627 211.87901 212.2033 212.73959
-9999.0 -9999.0 -9999.0 -9999.0 -9999.0 -9999.0 -9999.0 -9999.0 -9999.0 -9999.0 -9999.0 -9999.0 -9999.0 -9999.0 -9999.0 -9999.0 -9999.0 -9999.0 243.95834 269.99985 215.59063 245.82504 244.14055 239.92759 255.77388 263.50079 193.19085 182.66103 181.05789 180.59781 180.46774 180.41159 180.41847 180.44425 180.53994 180.75709 181.09399 181.50251 181.99296 182.57738 183.2569 184.06477 184.99984 186.09534 187.34496 188.78365 190.47102 192.285 193.98325 195.43168 197.28234 199.61141 201.97372 204.25982 206.17407 207.45062 208.08546 208.28943 208.01613 207.42827
-9999.0 -9999.0 -9999.0 -9999.0 -9999.0 -9999.0 -9999.0 -9999.0 -9999.0 -9999.0 -9999.0 -9999.0 -9999.0 -9999.0 -9999.0 -9999.0 -9999.0 -9999.0 -9999.0 180.99487 181.23379 192.64138 248.14953 265.03402 263.16504 246.05938 212.6611 193.05849 186.05981 183.45744 182.33444 181.75289 181.48016 181.34036 181.28822 181.3564 181.59189 181.98666 182.45935 183.02142 183.67574 184.42975 185.28174 186.26207 187.36902 188.6175 190.06078 191.71433 193.35471 194.58084 195.90265 197.76649 199.6647 201.50618 203.24797 204.68667 205.49225 205.63033 205.33297 204.64714
