data/pm10_aspect_4cell_modal.asc
ncols	541
nrows	200
xllcorner	12.09692
yllcorner	48.55814
cellsize	0.0125
NODATA_value	-9999.0
[rows 27 to 53 of 200, columns 120 to 179 of 541]
-9999.0 -9999.0 -9999.0 252.7733 249.237 245.77691 -9999.0 -9999.0 -9999.0 -9999.0 231.30457 229.09983 227.13 225.17793 223.01731 220.20924 215.86107 208.79077 -9999.0 -9999.0 182.29548 180.32852 180.00308 180.09131 180.08444 180.04376 180.02084 180.02714 180.09188 180.33711 180.97309 182.28058 184.4985 187.54492 190.21662 190.25043 187.00749 183.13486 180.72844 180.00021 180.69005 182.72921 186.43968 192.53997 202.40172 217.95007 239.52308 260.93337 269.54549 204.94393 185.02391 223.87675 254.43373 266.00118 269.55237 269.82968 268.41161 266.05618 263.08883 259.72844
-9999.0 -9999.0 253.40355 249.69308 246.14017 242.81529 239.77575 237.14702 235.03281 233.42738 232.35595 231.98181 232.41611 233.62734 235.4356 237.74118 239.91212 240.88042 237.9314 214.42867 182.12588 182.58826 183.51703 181.97921 180.52389 180.01969 180.08501 180.25919 180.22137 180.02542 180.22997 182.03765 187.29282 199.29571 214.28142 222.06906 204.80241 188.0984 181.93738 180.15777 180.17726 181.43261 183.99373 188.3356 195.63394 208.06483 228.94513 256.86594 266.18567 180.00021 197.44735 229.1703 250.91463 262.20361 267.62207 269.71222 269.88297 268.84419 266.90932 264.38715
257.04757 253.39381 249.51317 245.5632 241.85845 238.51983 235.60176 233.26466 231.66668 230.92012 231.06565 232.39033 235.26772 239.91441 246.26049 253.88656 261.64842 267.62265 269.99469 261.87989 199.36217 205.53236 269.70592 208.51575 180.12512 182.18318 185.29434 187.34095 187.8526 186.8144 183.34514 181.0917 210.23462 244.20128 253.54049 249.78991 210.16587 187.23495 182.30923 180.56916 180.00021 180.3457 181.64345 184.24296 188.86215 197.22046 215.96076 258.69024 188.12991 190.43721 211.20063 231.4014 247.34281 257.99524 264.56534 268.13544 269.78327 269.93854 269.0241 267.39748
252.87242 248.87318 244.63673 240.33897 236.31222 232.74098 229.68196 227.30991 225.82652 225.41858 226.22931 228.6025 233.2532 240.81051 251.15355 262.33081 269.62514 264.88104 233.95336 197.16545 185.37627 182.2061 181.52141 183.23513 195.31022 241.69917 268.00538 269.69561 268.64538 269.35928 269.11864 209.55395 269.06421 268.97254 262.76454 240.68217 205.45157 190.52659 185.71031 182.87932 181.19998 180.25632 180.00021 180.62302 182.05999 184.66695 189.46261 180.00021 194.03596 204.1458 216.87005 229.88536 242.34375 252.8581 260.51568 265.42192 268.42593 269.77697 269.93453 269.23667
248.06989 243.73317 239.08477 234.29369 229.73581 225.67583 222.16933 219.3945 217.53009 216.74399 217.24533 219.31887 223.88018 232.39376 246.05594 262.54911 269.59305 239.98144 197.81118 186.53308 184.5283 185.54587 187.56383 190.33866 195.014 201.95882 208.30662 209.66968 202.30718 188.55963 180.15663 185.05714 212.1907 261.9412 268.7382 249.30862 229.3462 215.37176 204.75313 196.88356 191.42556 188.03308 186.29702 185.79281 190.78442 255.96353 230.19418 204.90497 203.08525 208.00925 215.40327 225.21117 236.17815 246.5017 254.99981 261.48169 265.72902 268.39671 269.76551 269.99985
243.43008 238.81376 233.71959 228.32863 223.04538 218.25087 214.0425 210.58871 208.0018 206.3345 205.64638 205.989 207.75944 212.11507 221.3775 241.01563 268.41906 213.48959 181.12378 180.67172 187.09916 200.48231 204.04668 202.70195 201.17501 199.75293 196.89215 192.15322 186.36291 181.4985 180.09017 184.32089 199.42749 234.8592 264.19579 269.87896 264.90683 257.51968 251.1037 247.08727 246.62317 251.76776 261.25365 269.99985 257.00517 224.99974 206.56483 201.5715 201.96741 205.31291 211.06541 218.9814 228.51656 238.59832 248.10484 255.85982 261.66274 265.7634 268.32337 269.66582
239.6795 234.88785 229.34563 223.24076 217.04365 211.33527 206.36888 202.28197 199.10778 196.73344 195.01801 193.78959 192.85681 192.15494 191.46051 189.99145 185.57223 184.6108 267.97845 215.0956 254.83767 251.78151 235.97246 219.56123 208.12155 200.58028 194.34994 188.71089 184.06363 180.89173 180.06782 182.67707 190.74374 208.33985 235.25569 256.29699 265.83044 268.9542 269.66009 269.48992 267.83865 260.75403 245.65888 226.42011 211.26365 201.97429 197.6009 196.94085 197.91259 200.73212 205.52319 212.09903 220.26081 229.8441 239.58897 248.52539 255.99791 261.74639 265.67746 268.30676
237.40829 232.64415 226.73008 219.77036 212.3242 205.37537 199.56787 195.06327 191.69714 189.17097 187.20687 185.57509 184.05561 182.56019 181.10487 180.0535 180.91293 185.61921 187.78613 180.44253 192.49814 269.16161 253.30844 226.55246 209.31789 199.63719 192.93359 187.62857 183.62302 180.96622 180.00021 181.43547 185.99736 194.80372 208.71456 225.1384 238.57025 246.17569 248.40221 245.55632 237.10462 222.57098 207.69928 199.75293 195.56175 193.24069 192.124 192.39959 193.66124 196.2069 200.17807 205.45501 212.57401 221.09618 230.61989 240.08229 248.67493 255.92858 261.46278 265.39327
237.18312 232.96042 227.14318 219.39965 210.05758 200.88395 193.84917 189.14003 185.99392 183.83215 182.29032 181.14613 180.33482 180.00021 180.5365 182.68337 187.26933 193.4567 196.22351 190.10489 180.00021 269.01207 232.08093 211.25391 201.39102 195.71816 191.40093 187.24469 183.721 181.23665 180.02829 180.75652 183.74277 189.24317 197.1517 206.42445 214.69051 219.91761 221.00566 218.01539 211.59081 203.4932 195.72848 190.92938 189.00711 188.30294 188.14996 188.84496 190.10375 192.41048 195.65456 200.099 206.01135 213.28448 221.84905 231.11091 240.27709 248.59586 255.4874 260.85544
239.20222 236.47093 232.23907 225.42144 214.30491 199.3828 189.12628 184.39881 181.83597 180.6127 180.07412 180.07126 180.7737 182.61404 186.38182 193.29856 204.58468 220.32498 238.77881 258.59914 266.98724 181.01377 184.8079 190.21376 192.08962 191.82549 190.39309 187.48075 184.20744 181.6171 180.12225 180.4729 182.94636 187.48075 193.56671 200.08926 205.44813 208.44585 208.41032 205.65898 201.12459 195.93359 191.08523 187.37819 185.47081 185.13048 185.36252 186.05236 187.33178 189.28098 192.23974 196.03214 200.98937 207.27931 214.61316 223.007 231.71767 240.14359 247.85102 254.53572
242.72878 242.29333 241.53932 240.2387 237.49309 222.98522 191.05142 180.31534 180.01052 180.34857 181.27791 183.1257 186.42593 191.99566 201.07245 214.90938 233.18502 251.9024 265.8883 269.11578 237.17968 187.78613 180.00021 183.96164 189.11482 191.81804 192.05467 189.71643 186.07356 182.49487 180.3182 180.3967 183.29243 188.48686 195.01113 201.16126 205.45329 207.07533 205.8704 202.3215 197.57455 192.73706 188.6301 185.48113 183.53307 182.9137 183.21221 183.94503 185.13907 187.14156 189.82185 193.31231 197.74471 203.08239 209.358 216.4558 223.9243 231.69418 239.38442 246.70797
246.0674 247.47344 249.46275 252.39744 256.35715 260.32889 250.68315 185.90741 180.18413 182.64155 186.37494 191.60662 199.01553 209.08584 221.7992 236.04293 249.77788 261.12817 268.62991 268.24488 236.91612 188.76532 180.00021 187.70592 199.27852 204.24034 202.6521 197.35396 190.48247 184.1192 180.55827 180.44425 184.32031 191.89482 201.07761 209.16548 213.84712 214.47336 211.26824 205.25676 198.1349 191.73152 187.05733 184.03383 182.16255 181.45552 181.61366 182.34189 183.70839 185.72521 188.44446 191.90627 196.13986 200.91947 206.23194 212.06522 218.09274 224.5918 231.43062 238.27919
247.9702 249.89992 252.46448 256.04604 260.83539 265.93471 267.06058 245.64857 183.67745 183.0323 193.63432 205.13415 216.45179 227.20047 236.9207 245.48986 252.84435 259.16808 264.51034 268.57204 269.79817 242.12316 229.34735 262.87512 264.3121 260.44291 249.5739 230.03375 205.86639 187.89786 180.5428 181.18337 188.62896 201.16756 214.21553 224.29787 229.96958 231.00148 227.17928 217.68365 204.2306 192.35948 185.73953 182.4645 180.91522 180.44253 180.52447 181.37875 182.9137 185.36138 188.54015 192.50731 196.62344 201.0375 205.43839 209.74474 214.38054 219.14068 224.17354 229.76389
248.60389 249.77616 251.01031 252.69137 255.00955 257.10601 255.89592 241.31071 193.04589 182.04796 201.29361 219.82192 231.62314 239.00455 243.81854 247.11935 249.27768 250.33823 249.99904 246.84319 231.74518 190.69504 181.8818 194.49719 206.41987 218.85363 237.48278 260.3627 269.99985 211.60743 180.00021 190.38908 211.60743 231.64548 243.65983 249.91252 253.21333 254.12605 252.97441 247.83097 232.47971 199.79877 184.68872 180.43509 180.00021 180.00021 180.00021 180.83845 183.46832 187.40684 191.68053 196.11866 200.0629 203.82953 206.84042 209.81808 212.47145 215.47203 218.511 222.23408
249.5974 249.27711 247.53417 244.71923 242.33286 240.6455 236.11226 220.32727 188.75844 183.38467 211.63665 233.13002 242.06185 245.53398 246.42378 245.648 243.16537 238.4018 229.95869 216.05014 198.48841 186.49641 181.62455 180.05464 180.27638 180.86824 181.24811 181.60621 181.15759 180.00021 221.18614 269.99985 268.23743 267.7974 268.16065 268.40875 268.83617 269.19427 269.50653 269.72139 269.93797 269.99985 255.96353 230.19418 184.76378 180.00021 181.36385 184.68586 191.59229 198.60988 203.6542 207.03064 209.27893 210.66663 211.49226 212.13283 212.74647 213.28448 214.39601 215.90461
253.40756 252.77788 248.31855 236.10825 226.94379 224.08645 218.61241 203.62956 182.15109 193.51858 232.54503 247.31244 250.86478 250.64362 248.44804 244.55537 238.7112 230.52764 219.89641 208.00811 197.35854 189.78518 185.14709 182.56764 181.29968 180.78001 180.74047 181.03039 181.79529 184.58445 194.25024 217.9833 245.46236 259.21564 264.16313 265.84992 265.85565 264.82604 262.27008 256.27751 240.41517 205.8641 191.25597 185.74239 186.4288 202.24931 260.53745 263.66007 247.24884 238.87735 233.48869 229.53757 226.16915 222.9073 219.80531 217.11241 214.91683 213.06045 211.75239 211.11125
260.15472 262.20934 262.93757 259.40815 246.36248 232.30266 231.74747 213.57611 182.24563 250.73472 261.52122 261.94922 259.95991 256.54737 251.88636 245.70128 237.86207 228.34238 217.90653 207.91185 199.6498 193.47102 189.11826 186.29358 184.61481 183.83215 183.87742 184.34724 185.30179 187.79358 192.8041 201.6414 214.31523 227.99402 238.42013 243.97381 245.4847 243.82083 238.65906 229.00415 215.66855 203.30642 196.07683 193.50769 195.04895 203.13567 224.99974 257.24237 269.99985 267.53728 261.00269 252.51203 244.52385 237.15791 230.41821 224.31964 218.93269 214.32382 210.64085 207.68553
265.91753 268.73304 269.99985 267.06344 257.96372 247.73815 232.49117 201.40763 180.55598 235.06088 266.793 269.99985 267.68911 263.24124 257.10314 249.42837 240.28454 230.03776 219.72624 210.44146 203.00103 197.41698 193.23153 190.24756 188.32987 187.35241 187.18682 187.62341 188.5476 190.18625 193.04818 197.41125 203.23422 209.61869 215.86966 220.45905 222.65577 222.25929 219.38705 214.64239 209.13282 204.29935 201.12688 200.61695 203.5058 211.92084 228.01293 249.27425 265.27581 269.99985 268.75481 264.21126 257.54718 249.17341 240.0439 231.34009 223.32499 216.30912 210.23634 205.37938
268.78461 269.99068 267.17116 255.96238 239.46979 225.09027 209.79115 194.13623 182.25136 182.18948 211.9449 257.0384 269.45439 268.72903 263.22233 254.91215 244.82351 233.90866 223.28775 214.07745 206.78312 201.29763 197.14827 194.00215 191.87304 190.59477 190.14042 190.34038 191.06517 192.05352 193.5627 195.81786 198.78349 201.72906 204.60073 207.1693 209.05433 209.69146 209.26346 207.97717 206.34481 205.01154 204.87002 206.51326 211.01327 219.47242 232.84755 248.80614 262.06954 268.95821 269.99985 267.89996 263.67841 257.53974 248.87547 238.44019 227.70812 217.97643 209.76021 203.21417
269.72827 269.5707 265.77314 257.08882 244.17034 229.14051 213.85056 199.46301 187.51226 180.61786 182.95839 207.50219 253.10447 269.14729 268.34916 260.8606 250.20416 238.52728 227.29444 217.78391 210.27473 204.69297 200.46283 197.12477 194.76132 193.19486 192.36751 192.31078 192.72618 193.37648 194.02106 195.11369 196.51457 197.91947 199.15706 200.55622 202.00695 203.17979 203.81348 204.1607 204.50905 205.22983 206.90746 210.07305 215.52417 223.93003 235.68884 248.72192 260.14956 267.35737 269.84057 269.29282 266.37532 261.69769 254.85772 245.39418 233.40332 220.66073 209.55108 200.84098
269.9649 269.23724 265.74335 258.71373 248.38616 235.46883 221.11051 206.9235 194.39005 184.88525 180.21106 183.18987 206.56483 253.9089 269.76035 266.04243 255.40318 242.58439 230.52306 220.43098 212.7098 207.06616 202.72429 199.23784 196.5925 194.85472 193.7724 193.26361 193.5604 194.06117 194.2617 194.53844 194.98191 195.58294 196.26992 196.97752 197.9802 199.28425 200.4571 201.599 202.96952 204.83048 207.62193 211.62347 217.40118 225.66208 236.53281 247.85904 257.66063 265.0197 268.95191 269.99985 268.54339 264.89766 258.93947 250.41329 238.92606 224.93557 210.76805 199.2344
269.99985 269.00806 265.94789 260.20571 251.69098 241.03855 228.53031 215.24342 202.52605 191.49317 183.69464 180.14173 182.73838 206.32304 260.15873 269.63029 259.26549 244.86247 231.60251 221.01711 213.25984 207.76632 203.45023 199.93914 197.19869 195.35777 194.11331 193.3994 193.53691 193.90475 194.02393 193.86235 193.75636 193.946 194.25655 194.7407 195.38814 196.50999 197.93551 199.51916 201.4317 203.92807 207.15383 211.45445 217.22814 225.2232 234.55095 244.14799 253.144 260.90987 266.53174 269.36501 269.92708 268.26837 264.03765 256.52331 244.83382 229.31011 212.62672 198.52279
269.92708 268.76054 265.98513 261.30178 254.31857 245.4509 235.2723 223.79997 211.82916 200.27375 190.32262 183.66428 180.44425 180.9794 212.47145 268.9393 261.02733 243.43523 228.65235 218.30473 211.12271 206.14141 202.48479 199.25732 196.46301 194.63928 193.39768 192.63336 192.57262 193.04188 193.13871 192.85796 192.65055 192.52392 192.56976 192.96625 193.46644 194.33218 195.68493 197.50464 199.69735 202.36734 205.63377 209.79688 215.08356 221.66799 229.23447 237.39855 245.86056 253.90661 260.94884 266.02753 269.00176 269.99985 268.74163 264.29949 254.93736 238.15887 216.08452 197.48058
269.69618 268.36119 265.78861 261.83062 256.246 249.03819 240.93026 232.00014 222.22548 212.05491 201.69526 193.68531 191.07033 187.27506 180.00021 255.96353 256.42934 233.44743 219.54633 211.31006 205.934 202.17081 199.50427 196.92023 194.50406 192.8253 191.74298 191.10241 191.04856 191.36598 191.61578 191.59745 191.36827 191.14481 191.11158 191.29378 191.78481 192.42652 193.59249 195.41679 197.58944 200.13739 203.13968 206.75333 211.12099 216.28792 222.26444 228.9606 236.1856 243.72687 251.13865 258.04795 263.48761 267.38315 269.62857 269.74546 266.41199 255.58137 229.49173 198.33429
269.2275 267.72062 265.3016 261.86729 257.4177 251.73682 245.39131 239.05784 232.33991 225.7211 219.97204 216.78983 215.45083 210.71877 205.70997 198.43513 224.99974 206.56483 203.11447 200.19067 198.07932 196.38967 195.02718 193.35528 191.65818 190.30486 189.40932 188.9607 188.92689 189.18472 189.6322 189.88488 189.86425 189.81097 189.65913 189.68148 190.10432 190.75119 191.74069 193.23038 195.18302 197.49147 200.07264 203.10473 206.54936 210.52454 215.03028 220.07574 225.60135 231.56183 237.83572 244.59662 251.14381 257.15528 262.15835 266.20171 269.09916 269.83828 263.03956 215.04861
268.37838 266.72196 264.44732 261.48742 257.83194 253.57601 248.79239 244.11992 239.97056 236.20909 233.44342 232.09697 232.41439 234.58304 240.94516 256.75937 236.30993 180.00021 185.27371 188.37857 189.50673 189.8018 189.69237 189.0644 188.1683 187.43778 186.84534 186.49469 186.52276 186.91409 187.37246 187.89442 188.20038 188.26054 188.25195 188.21814 188.42957 189.11368 190.00635 191.10814 192.68263 194.64272 196.86637 199.27967 202.00122 204.98862 208.25219 211.77187 215.51844 219.49477 223.63954 228.1321 233.09392 238.24424 242.98088 247.20472 250.9788 254.49618 257.77809 251.30538
267.12589 265.37665 263.19426 260.64116 257.69902 254.47097 250.96505 247.57027 244.91633 242.82332 241.57312 241.50093 242.99749 247.10274 254.69385 264.61061 267.70916 205.20119 181.08081 180.52103 182.46278 183.95247 184.87723 185.05599 184.73227 184.55523 184.34724 184.22577 184.26646 184.66695 185.19808 185.79625 186.33655 186.66085 186.8207 186.86081 186.97769 187.46585 188.27315 189.17613 190.34325 191.90284 193.71969 195.70155 197.80201 200.00962 202.30374 204.6712 207.02377 209.32419 211.45445 213.4174 215.60324 217.73808 219.049 218.96764 216.89125 211.54326 200.84957 186.17269
