data/pm10_slope_horn_modal.asc
ncols	541
nrows	200
xllcorner	12.09692
yllcorner	48.55814
cellsize	0.0125
NODATA_value	-9999.0
[rows 120 to 149 of 200, columns 134 to 200 of 541]
0.18997 0.19196 0.19432 0.19677 0.19905 0.20107 0.20283 0.20433 0.2056 0.20664 0.20739 0.20794 0.20828 0.20837 0.20818 0.2078 0.20722 0.20645 0.20555 0.2045 0.2034 0.20209 0.20045 0.19854 0.19642 0.19406 0.19147 0.18865 0.18563 0.18235 0.17883 0.17507 0.17111 0.16685 0.16217 0.15697 0.15162 0.14731 0.14325 0.13799 0.13225 0.12625 0.12 0.11353 0.10682 0.09985 0.09268 0.08526 0.07765 0.06979 0.06164 0.05339 0.04506 0.03661 0.02811 0.02025 0.01581 0.01789 0.02588 0.03633 0.04764 0.0595 0.07141 0.08246 0.09182 0.09965 0.10649
0.19316 0.1956 0.19807 0.20045 0.20276 0.20496 0.20705 0.20905 0.21088 0.21253 0.21389 0.21492 0.21564 0.21606 0.21612 0.21594 0.21545 0.21473 0.21373 0.21251 0.21114 0.20967 0.20799 0.20601 0.20376 0.20132 0.19865 0.19575 0.19269 0.18937 0.18582 0.1821 0.17813 0.17393 0.16929 0.16416 0.15915 0.15521 0.15116 0.14584 0.14018 0.13431 0.12818 0.1219 0.11533 0.10849 0.10149 0.09418 0.08666 0.07893 0.07092 0.06269 0.05431 0.04572 0.03701 0.02828 0.02098 0.01817 0.02236 0.03114 0.04171 0.05339 0.06565 0.0774 0.08803 0.09788 0.10663
0.1988 0.2013 0.20374 0.20611 0.20837 0.21057 0.2126 0.21445 0.2161 0.21753 0.21879 0.21982 0.22066 0.22129 0.22165 0.22177 0.22159 0.22111 0.22039 0.21941 0.21817 0.21675 0.21517 0.21331 0.21112 0.20864 0.20594 0.203 0.19985 0.19649 0.19295 0.18921 0.18526 0.18111 0.17658 0.17152 0.16688 0.16325 0.15909 0.15382 0.14829 0.14258 0.13664 0.13046 0.12406 0.11743 0.11054 0.10344 0.09612 0.08849 0.08068 0.07259 0.06427 0.05568 0.0468 0.03782 0.02933 0.02324 0.02236 0.0272 0.03606 0.04712 0.05925 0.07141 0.08283 0.09397 0.10459
0.2063 0.20866 0.21093 0.21305 0.21506 0.21691 0.21859 0.22011 0.22147 0.22264 0.22361 0.22439 0.22501 0.22541 0.22563 0.22565 0.22552 0.22512 0.22459 0.22381 0.22278 0.22152 0.22009 0.21852 0.21661 0.21441 0.21192 0.20919 0.2062 0.203 0.19962 0.19598 0.19217 0.18812 0.18374 0.17889 0.17467 0.17129 0.167 0.1619 0.15652 0.15096 0.14519 0.13925 0.13304 0.12665 0.11996 0.11309 0.10592 0.09854 0.09088 0.08301 0.07483 0.06633 0.05745 0.04827 0.03937 0.03162 0.02665 0.02665 0.03225 0.04171 0.05329 0.0658 0.07817 0.09044 0.10276
0.21485 0.21673 0.21859 0.22032 0.22195 0.22343 0.22479 0.22599 0.22702 0.22788 0.2286 0.22913 0.22948 0.22967 0.22965 0.22946 0.22911 0.22854 0.22779 0.22689 0.22574 0.22443 0.22293 0.22131 0.21954 0.21755 0.21527 0.21277 0.21 0.20705 0.20386 0.20047 0.19685 0.19308 0.18894 0.18447 0.18083 0.17774 0.17358 0.1687 0.16362 0.1583 0.15284 0.14711 0.14121 0.13506 0.12869 0.12202 0.11515 0.10807 0.1006 0.09284 0.08485 0.07655 0.0679 0.05882 0.0499 0.04159 0.03521 0.03209 0.03391 0.04074 0.05099 0.0634 0.07642 0.08961 0.1032
0.22387 0.22512 0.22643 0.22773 0.22895 0.23009 0.23111 0.23197 0.2327 0.23328 0.23369 0.23397 0.23407 0.23399 0.23375 0.23335 0.23279 0.23201 0.23106 0.22998 0.22867 0.2272 0.22554 0.22372 0.22174 0.21966 0.21735 0.21478 0.21204 0.20907 0.20594 0.20266 0.19917 0.19552 0.19162 0.18748 0.18439 0.18158 0.17751 0.17292 0.16814 0.16313 0.15796 0.15255 0.14697 0.14114 0.13513 0.12884 0.12231 0.11546 0.10831 0.1009 0.09327 0.08544 0.0772 0.06856 0.06 0.05206 0.04528 0.04087 0.04025 0.04405 0.05225 0.06348 0.07642 0.09011 0.10426
0.2333 0.23399 0.23467 0.23537 0.23609 0.23683 0.23749 0.23801 0.23845 0.2387 0.23885 0.23883 0.23868 0.23837 0.23789 0.23726 0.23645 0.23548 0.23437 0.23305 0.23158 0.22993 0.22812 0.22616 0.22401 0.22174 0.21934 0.21675 0.21394 0.21093 0.20777 0.20445 0.20097 0.19736 0.19352 0.18968 0.18695 0.18431 0.18031 0.1759 0.17132 0.16661 0.16171 0.15662 0.15136 0.14588 0.14018 0.13428 0.12806 0.12161 0.11493 0.10812 0.10109 0.09386 0.08614 0.07817 0.07021 0.06269 0.05595 0.0506 0.04796 0.04909 0.05441 0.06372 0.07589 0.0895 0.10421
0.2428 0.24306 0.24329 0.24345 0.2436 0.24376 0.24393 0.24409 0.24417 0.24415 0.24401 0.24372 0.24331 0.24273 0.24201 0.24116 0.24015 0.23898 0.23761 0.23614 0.23448 0.23268 0.23069 0.22858 0.22627 0.22385 0.22129 0.21861 0.21575 0.2127 0.2095 0.20618 0.20268 0.19907 0.19532 0.19181 0.18945 0.1869 0.18303 0.17877 0.17444 0.17 0.16535 0.16056 0.15566 0.1505 0.14516 0.13953 0.13375 0.12779 0.1217 0.11546 0.10909 0.10242 0.09534 0.08792 0.08062 0.07342 0.06671 0.06091 0.05683 0.0555 0.05771 0.06403 0.07443 0.08752 0.10223
0.25213 0.25207 0.25191 0.25171 0.25146 0.2511 0.25072 0.25038 0.25 0.2496 0.24914 0.24858 0.24789 0.24708 0.24611 0.24501 0.24378 0.24238 0.24085 0.23914 0.23734 0.23533 0.2332 0.23091 0.2285 0.22594 0.22323 0.22039 0.21746 0.21436 0.21114 0.20777 0.20428 0.2007 0.197 0.19378 0.19178 0.18934 0.18555 0.18155 0.17745 0.17323 0.16888 0.16435 0.15966 0.15479 0.14977 0.1446 0.13932 0.13394 0.12841 0.1228 0.11705 0.111 0.1045 0.09778 0.09099 0.08426 0.07778 0.07176 0.06671 0.0634 0.06269 0.06535 0.07266 0.08379 0.09747
0.26127 0.26084 0.26038 0.25987 0.25927 0.25859 0.25784 0.25702 0.25612 0.25524 0.25432 0.25342 0.25241 0.25136 0.25016 0.24882 0.24737 0.24574 0.24399 0.2421 0.24008 0.23793 0.23563 0.2332 0.23061 0.2279 0.22508 0.22213 0.21907 0.21589 0.2126 0.20919 0.20572 0.20211 0.19844 0.19552 0.19386 0.19155 0.18788 0.18409 0.18019 0.17615 0.17196 0.16766 0.16322 0.15871 0.15414 0.14947 0.14471 0.13989 0.13498 0.12996 0.12486 0.11942 0.11353 0.10752 0.10139 0.09518 0.08905 0.08313 0.07772 0.07321 0.07007 0.06914 0.07204 0.07944 0.09006
0.27011 0.26939 0.26863 0.26781 0.26691 0.26595 0.2649 0.26378 0.26256 0.26125 0.25988 0.25848 0.25706 0.2556 0.25409 0.25253 0.25082 0.24902 0.24704 0.24497 0.24276 0.2404 0.23791 0.23533 0.23259 0.22976 0.22678 0.22372 0.22054 0.21728 0.21392 0.21048 0.20691 0.20332 0.19967 0.19695 0.1956 0.19347 0.18995 0.1862 0.1824 0.17847 0.1745 0.17047 0.16643 0.16233 0.15821 0.15401 0.1498 0.1455 0.14117 0.13675 0.13225 0.1274 0.12223 0.11688 0.11149 0.10602 0.1005 0.09503 0.08972 0.08491 0.08056 0.07701 0.07576 0.07817 0.08349
0.27862 0.27761 0.27657 0.27546 0.27428 0.27304 0.27175 0.27035 0.26889 0.26732 0.26569 0.26391 0.26207 0.26019 0.25824 0.25628 0.25426 0.25219 0.25 0.24771 0.2453 0.24276 0.2401 0.23732 0.23444 0.23143 0.22832 0.22512 0.22183 0.21845 0.21501 0.21152 0.20789 0.20428 0.2006 0.19799 0.1969 0.19483 0.19134 0.18767 0.18398 0.18028 0.17661 0.17292 0.16923 0.16556 0.16183 0.15811 0.15437 0.15063 0.14683 0.14304 0.13914 0.13491 0.13038 0.12586 0.12116 0.11649 0.11176 0.10705 0.10242 0.09803 0.0937 0.0895 0.08626 0.0855 0.08649
0.28678 0.2855 0.28418 0.28283 0.28139 0.27991 0.27833 0.27671 0.27501 0.2732 0.27133 0.26935 0.26726 0.26507 0.26277 0.2604 0.25797 0.2555 0.25298 0.25038 0.24775 0.24499 0.24216 0.23919 0.23609 0.23294 0.2297 0.22634 0.22291 0.21943 0.21587 0.2123 0.20866 0.20494 0.20112 0.19842 0.19738 0.1955 0.19209 0.1886 0.18512 0.18169 0.17827 0.17487 0.17155 0.16823 0.16492 0.16168 0.15843 0.15515 0.15192 0.14869 0.14533 0.14167 0.13788 0.13409 0.13023 0.12637 0.12256 0.11874 0.11511 0.11167 0.10826 0.10498 0.10213 0.10139 0.10266
0.29452 0.293 0.29144 0.28983 0.28817 0.28646 0.28466 0.28281 0.28089 0.27887 0.27675 0.27457 0.27227 0.26987 0.26736 0.26476 0.26203 0.25921 0.2563 0.25332 0.25032 0.24722 0.24409 0.24091 0.23766 0.23429 0.23085 0.22733 0.22376 0.22014 0.21645 0.21267 0.20885 0.20499 0.201 0.19817 0.19723 0.1956 0.19243 0.18908 0.1858 0.18257 0.17942 0.17632 0.17332 0.17035 0.16742 0.16456 0.16177 0.159 0.15627 0.15356 0.15073 0.14765 0.14453 0.14142 0.13835 0.13535 0.13236 0.12954 0.127 0.12466 0.12252 0.12062 0.11929 0.11983 0.12317
0.30179 0.30007 0.29828 0.29648 0.2946 0.29266 0.29069 0.28862 0.2865 0.28427 0.28198 0.27957 0.27709 0.2745 0.27183 0.26902 0.2661 0.26306 0.2599 0.25663 0.25326 0.24984 0.24631 0.24276 0.23917 0.23552 0.23184 0.2281 0.22425 0.22036 0.2164 0.21239 0.20835 0.20435 0.20037 0.19753 0.19662 0.19522 0.19228 0.18908 0.18596 0.18292 0.18 0.17717 0.17444 0.17181 0.16923 0.16679 0.16438 0.16208 0.15981 0.15761 0.15521 0.15268 0.15017 0.14775 0.14536 0.14307 0.14093 0.139 0.13737 0.13601 0.13491 0.13424 0.13409 0.1355 0.13968
0.30861 0.30668 0.30471 0.3027 0.30065 0.29853 0.29636 0.29411 0.2918 0.2894 0.28693 0.28438 0.28171 0.27894 0.27606 0.27311 0.27 0.26678 0.26344 0.26 0.2564 0.25271 0.2489 0.24501 0.241 0.23692 0.23277 0.22856 0.22432 0.22007 0.2158 0.21161 0.20744 0.20332 0.1993 0.19637 0.19552 0.19442 0.19168 0.18857 0.18553 0.18267 0.17994 0.17737 0.1749 0.17257 0.17035 0.16823 0.16625 0.16435 0.16257 0.16072 0.15871 0.15672 0.15479 0.15294 0.15116 0.14953 0.14802 0.1468 0.14588 0.14516 0.14478 0.14474 0.14516 0.14659 0.1502
0.31466 0.31279 0.31068 0.30851 0.30628 0.30401 0.30168 0.2993 0.29683 0.29428 0.29165 0.28895 0.28611 0.2832 0.28018 0.27702 0.27375 0.27037 0.26685 0.26319 0.25942 0.25548 0.25138 0.24714 0.2428 0.23831 0.23371 0.22906 0.22443 0.21984 0.21524 0.21076 0.20635 0.20204 0.19784 0.1947 0.19383 0.193 0.19058 0.18764 0.18463 0.18185 0.17925 0.17689 0.17467 0.17263 0.1707 0.16897 0.1673 0.1658 0.16438 0.16294 0.16134 0.15981 0.15834 0.15697 0.15572 0.15456 0.15359 0.15287 0.15235 0.15202 0.15192 0.15205 0.15248 0.15349 0.15592
0.31736 0.31675 0.31552 0.3137 0.31151 0.30911 0.30664 0.30412 0.30153 0.29886 0.29611 0.29327 0.29031 0.28726 0.28411 0.28082 0.2774 0.27381 0.27004 0.26612 0.26205 0.2578 0.2534 0.24884 0.24417 0.23944 0.23463 0.22974 0.22483 0.21993 0.21501 0.21017 0.20543 0.20077 0.19629 0.19277 0.19162 0.19095 0.18879 0.18609 0.18328 0.1805 0.17796 0.17573 0.17372 0.17196 0.17035 0.16891 0.16763 0.16649 0.16541 0.16426 0.16303 0.16193 0.16087 0.15994 0.15909 0.1583 0.15767 0.15726 0.15697 0.15675 0.15665 0.15668 0.15691 0.15732 0.15852
0.31542 0.31601 0.31618 0.31582 0.31479 0.31319 0.31109 0.30863 0.30592 0.30318 0.30032 0.29737 0.29431 0.29112 0.28777 0.28425 0.28059 0.27679 0.27278 0.26859 0.26425 0.25977 0.25517 0.25042 0.24556 0.2406 0.23552 0.23037 0.22519 0.22 0.2148 0.20967 0.20462 0.19967 0.19486 0.19084 0.18929 0.18863 0.18655 0.18398 0.18138 0.17875 0.1763 0.1741 0.17222 0.17062 0.16929 0.16817 0.16721 0.1664 0.16559 0.16474 0.16392 0.16316 0.16248 0.1619 0.16134 0.16084 0.16044 0.16019 0.15997 0.15972 0.15953 0.15959 0.16019 0.16115 0.16279
0.31214 0.31233 0.31275 0.31319 0.3134 0.31318 0.31247 0.31116 0.30924 0.30686 0.30404 0.30097 0.29772 0.29436 0.29083 0.28714 0.28332 0.27934 0.27521 0.27092 0.26648 0.26184 0.25706 0.25213 0.24702 0.24181 0.23645 0.23102 0.22552 0.21998 0.21445 0.20895 0.20357 0.19829 0.19324 0.18876 0.18674 0.18606 0.18409 0.18155 0.17911 0.17666 0.17441 0.17237 0.17056 0.16903 0.16784 0.16691 0.16622 0.16571 0.16517 0.16456 0.16407 0.16368 0.16331 0.16297 0.16267 0.16236 0.16227 0.16248 0.16291 0.16362 0.16459 0.16595 0.16781 0.17003 0.17245
0.31124 0.3101 0.30932 0.30892 0.30884 0.30889 0.30889 0.30863 0.30796 0.30681 0.30511 0.3028 0.3001 0.29697 0.29351 0.28981 0.28595 0.28196 0.27778 0.27342 0.26887 0.26412 0.25917 0.25403 0.24872 0.24321 0.23755 0.23178 0.22585 0.21993 0.21396 0.20806 0.20224 0.1966 0.19115 0.18617 0.18358 0.18281 0.18108 0.17861 0.17635 0.17416 0.1721 0.17038 0.16891 0.16763 0.16661 0.16583 0.16532 0.16492 0.16462 0.16429 0.16413 0.1642 0.16447 0.16492 0.16556 0.16643 0.16748 0.16891 0.17062 0.17266 0.1749 0.17709 0.179 0.18047 0.18141
0.31418 0.31212 0.31002 0.30804 0.30633 0.30496 0.30394 0.30322 0.30264 0.30213 0.30143 0.30038 0.29896 0.29709 0.29465 0.29174 0.28839 0.28468 0.28057 0.27617 0.27155 0.2667 0.26161 0.25628 0.25072 0.24491 0.23889 0.2327 0.22636 0.21995 0.21345 0.20703 0.2007 0.19453 0.18863 0.18314 0.17975 0.17877 0.17729 0.17487 0.17277 0.17091 0.1692 0.16778 0.16673 0.16604 0.16565 0.16553 0.16562 0.16589 0.16634 0.16706 0.16805 0.16923 0.1707 0.17239 0.1743 0.1763 0.1783 0.18017 0.18193 0.18358 0.18501 0.18606 0.1866 0.18649 0.18553
0.32037 0.31758 0.31482 0.31219 0.30963 0.3072 0.30493 0.30282 0.30101 0.29947 0.29816 0.29697 0.29584 0.29455 0.293 0.29103 0.28867 0.2859 0.28258 0.27875 0.27448 0.26978 0.26465 0.25913 0.2533 0.24718 0.24075 0.23412 0.22724 0.22025 0.21314 0.20606 0.1991 0.19235 0.1859 0.17992 0.1757 0.17438 0.17332 0.17123 0.16947 0.16832 0.16745 0.16685 0.16673 0.16712 0.1679 0.16903 0.17041 0.17187 0.17358 0.17541 0.1774 0.17944 0.18141 0.1833 0.18499 0.18655 0.18791 0.18916 0.19018 0.191 0.19147 0.19162 0.19131 0.19029 0.18844
0.32848 0.32472 0.32101 0.31774 0.31494 0.31251 0.31018 0.30786 0.30555 0.30325 0.301 0.29883 0.29683 0.29492 0.29309 0.29122 0.28919 0.28693 0.28431 0.28119 0.27763 0.27357 0.26894 0.2637 0.25795 0.25171 0.24501 0.23787 0.23039 0.22262 0.21478 0.20693 0.1992 0.19178 0.18477 0.17835 0.17349 0.17178 0.17135 0.17003 0.169 0.16879 0.16914 0.16985 0.17088 0.17237 0.17418 0.17621 0.1783 0.18039 0.18246 0.18439 0.1862 0.18788 0.18942 0.19074 0.19191 0.19295 0.19396 0.19501 0.19591 0.19652 0.19677 0.19649 0.1955 0.19378 0.19152
0.33657 0.33281 0.32856 0.32416 0.32012 0.31665 0.31375 0.31129 0.30918 0.30718 0.30524 0.30322 0.30113 0.29896 0.29675 0.29447 0.29213 0.28965 0.28698 0.28408 0.28082 0.27715 0.27295 0.26812 0.2627 0.25661 0.24992 0.24263 0.23471 0.22638 0.21778 0.20914 0.2006 0.19243 0.1848 0.17796 0.17254 0.17035 0.17044 0.17006 0.16965 0.17015 0.17132 0.17286 0.17464 0.17661 0.17883 0.18116 0.18347 0.18571 0.18794 0.19 0.19189 0.19352 0.19494 0.19619 0.19731 0.19844 0.1996 0.20072 0.20152 0.20189 0.20172 0.2008 0.19917 0.19708 0.19453
0.34195 0.33932 0.33607 0.33202 0.3276 0.32322 0.31911 0.31537 0.31214 0.30943 0.30712 0.30512 0.30323 0.30138 0.29945 0.29736 0.29504 0.29254 0.28976 0.28669 0.28328 0.27948 0.27519 0.27035 0.26488 0.25873 0.25183 0.24421 0.23582 0.22676 0.21732 0.20768 0.19819 0.18918 0.18089 0.17367 0.16787 0.16532 0.16592 0.16676 0.1673 0.16861 0.17065 0.17312 0.17573 0.17838 0.18111 0.1839 0.18668 0.18945 0.19212 0.19463 0.19693 0.19897 0.2007 0.20216 0.20345 0.20467 0.20582 0.20666 0.20712 0.20703 0.20625 0.20482 0.20295 0.20067 0.19791
0.34367 0.34213 0.34029 0.33773 0.33442 0.33077 0.32697 0.32309 0.3192 0.31547 0.31201 0.30887 0.30606 0.3036 0.30135 0.2992 0.297 0.29472 0.29222 0.28934 0.28609 0.28237 0.27805 0.27306 0.26734 0.26083 0.25338 0.24497 0.23558 0.22532 0.21436 0.20305 0.19181 0.18111 0.17152 0.16343 0.15723 0.15424 0.15534 0.1578 0.15994 0.16263 0.16607 0.17 0.17407 0.17799 0.18171 0.18536 0.18892 0.1923 0.1955 0.19842 0.2011 0.20345 0.20557 0.20746 0.20917 0.21052 0.21142 0.21183 0.21159 0.21062 0.20905 0.2071 0.20469 0.20182 0.19839
0.34261 0.34154 0.34059 0.33938 0.33754 0.33513 0.33246 0.32965 0.32665 0.32348 0.32025 0.31691 0.31358 0.31031 0.3072 0.30427 0.30143 0.2987 0.29597 0.29312 0.28998 0.28644 0.2824 0.2777 0.27216 0.26561 0.2579 0.2489 0.23847 0.22669 0.21368 0.1999 0.18588 0.17248 0.1605 0.15073 0.14356 0.13979 0.14085 0.14474 0.14853 0.15255 0.15729 0.16242 0.16772 0.17283 0.17754 0.18196 0.18615 0.19008 0.19367 0.19695 0.19987 0.20251 0.20494 0.20715 0.20897 0.21019 0.21081 0.21062 0.20957 0.20789 0.20569 0.20303 0.19982 0.19616 0.19194
0.34029 0.33929 0.33857 0.33801 0.33715 0.33578 0.33413 0.33243 0.33062 0.32866 0.32653 0.32422 0.32168 0.319 0.31616 0.31321 0.31011 0.30692 0.30369 0.3004 0.29695 0.29324 0.28915 0.28455 0.27923 0.27286 0.2652 0.25593 0.24477 0.23152 0.21622 0.19922 0.18149 0.16444 0.14953 0.13791 0.13012 0.12629 0.12748 0.13259 0.13813 0.14328 0.14883 0.1546 0.16041 0.16604 0.17126 0.17601 0.18039 0.18439 0.18807 0.19142 0.19447 0.19728 0.19985 0.20197 0.20349 0.20433 0.20443 0.20379 0.20253 0.20075 0.19839 0.1955 0.19204 0.18812 0.18371
0.33808 0.33696 0.33614 0.33563 0.33525 0.33456 0.33347 0.33228 0.33116 0.33009 0.32898 0.32778 0.32642 0.32487 0.32311 0.32114 0.3189 0.3164 0.31369 0.31071 0.30746 0.30383 0.29978 0.29528 0.29007 0.28392 0.27642 0.26711 0.25546 0.24083 0.22267 0.20112 0.17776 0.15527 0.1366 0.12349 0.11628 0.11402 0.11666 0.12353 0.13138 0.13813 0.14453 0.1509 0.1571 0.16303 0.16858 0.17358 0.17799 0.18199 0.18566 0.18905 0.19225 0.19514 0.19753 0.1993 0.20027 0.20047 0.20007 0.19922 0.19791 0.19604 0.19362 0.19058 0.187 0.18289 0.1783
