data/pm10_aspect_horn_modal.asc
ncols	541
nrows	200
xllcorner	12.09692
yllcorner	48.55814
cellsize	0.0125
NODATA_value	-9999.0
[rows 81 to 107 of 200, columns 240 to 299 of 541]
183.17955 182.65759 182.13047 181.83941 181.61481 181.55751 181.77581 182.56076 184.34323 186.39442 186.80409 186.02142 184.95343 183.87512 182.93204 182.10067 181.4074 180.84762 180.43509 180.19444 180.07641 180.00021 180.00021 180.07298 180.14345 180.28211 180.44941 180.64479 180.831 181.00919 181.17879 181.27504 181.27046 181.20457 181.17019 181.11118 181.0281 180.9771 181.00862 181.2229 181.61423 182.03364 182.55102 183.36061 184.48361 185.9034 187.63717 189.84821 192.819 196.84861 204.73824 232.78338 190.5392 256.4832 268.94733 269.71566 268.26321 267.4393 267.57509 267.81344
182.67535 182.19235 181.7632 181.4624 181.23092 181.07966 181.07508 181.41198 183.5113 186.77429 187.25386 186.12456 184.86462 183.7359 182.72463 181.92248 181.23895 180.74219 180.41618 180.22252 180.09475 180.03115 180.00021 180.03058 180.09074 180.1784 180.29185 180.42993 180.58921 180.71354 180.831 180.88715 180.83386 180.80694 180.75709 180.70896 180.6637 180.62072 180.64307 180.82642 181.11805 181.43662 181.9242 182.6066 183.44999 184.42631 185.53441 186.78518 188.08064 189.20077 190.24928 190.31288 181.78727 210.03523 248.03207 250.87452 251.37414 251.77062 251.47842 249.26393
182.48971 182.11099 181.78383 181.52141 181.28192 181.06419 180.94273 181.00346 182.33559 184.92937 185.76531 185.12818 184.21031 183.23341 182.34877 181.60507 181.02982 180.61098 180.34685 180.18757 180.08043 180.02657 180.00021 180.00021 180.05235 180.10277 180.20189 180.297 180.3881 180.49754 180.55426 180.55999 180.51874 180.4792 180.44082 180.40472 180.37034 180.33826 180.35831 180.49181 180.67687 180.94043 181.32088 181.79128 182.31897 182.85927 183.39098 183.85507 184.09285 183.89117 183.23513 181.97405 180.12053 183.11882 195.3297 206.22277 213.73883 218.03888 219.08797 217.51806
182.64269 182.32871 182.07088 181.86633 181.63944 181.48532 181.40797 181.47558 182.2485 183.55943 184.23666 184.06878 183.45457 182.649 181.87722 181.23494 180.77485 180.45285 180.27695 180.14001 180.07069 180.0237 180.00021 180.00021 180.02313 180.06839 180.11194 180.19731 180.25747 180.31362 180.34513 180.33367 180.28325 180.25346 180.22596 180.1996 180.17496 180.13658 180.15892 180.22023 180.3543 180.5514 180.80178 181.08138 181.36442 181.61824 181.80446 181.88352 181.77122 181.38734 180.83043 180.23799 180.04662 181.47902 185.12475 189.57376 193.73573 196.77642 198.13948 198.19334
182.95897 182.7464 182.54472 182.382 182.21985 182.15969 182.20323 182.4221 182.85068 183.39212 183.71183 183.58865 183.05178 182.23933 181.43031 180.84074 180.48665 180.30331 180.187 180.10564 180.04261 180.02141 180.00021 180.00021 180.02084 180.04146 180.06094 180.11881 180.15491 180.18814 180.18184 180.15777 180.13428 180.09647 180.07699 180.05865 180.04204 180.02657 180.02542 180.07183 180.14803 180.25976 180.40988 180.55942 180.6849 180.78516 180.82126 180.78115 180.6276 180.3755 180.12512 180.00021 180.21335 181.06133 182.62092 184.61367 186.6958 188.38889 189.39901 189.86081
183.38181 183.19502 183.05007 182.93376 182.865 182.85984 182.95725 183.16867 183.45858 183.74334 183.91409 183.78574 183.28097 182.21126 181.04529 180.44941 180.25747 180.17267 180.11824 180.07985 180.04032 180.02026 180.00021 180.00021 180.00021 180.01912 180.03745 180.05464 180.07126 180.08615 180.06667 180.04777 180.03058 180.01454 180.01396 180.00021 180.00021 180.00021 180.00021 180.00021 180.03058 180.0873 180.14632 180.21507 180.27294 180.29815 180.28898 180.24601 180.15033 180.04777 180.00021 180.06839 180.32909 180.87168 181.71221 182.76989 183.92497 184.94025 185.6576 186.12398
183.83101 183.61787 183.50328 183.44254 183.4053 183.45687 183.5726 183.73819 183.9668 184.16561 184.33464 184.35985 184.08024 182.75786 180.96908 180.26606 180.15491 180.11709 180.09819 180.05865 180.0386 180.01912 180.01912 180.00021 180.00021 180.00021 180.00021 180.01683 180.03344 180.0323 180.01568 180.00021 180.00021 180.00021 180.01282 180.02428 180.03459 180.05522 180.05235 180.02026 180.00021 180.00881 180.02542 180.04032 180.0598 180.06324 180.05178 180.03001 180.00537 180.00537 180.06839 180.1996 180.43681 180.81267 181.34036 181.99697 182.72921 183.39556 183.91638 184.27218
184.2888 184.02982 183.89919 183.8333 183.8396 183.87799 183.9582 184.06993 184.22119 184.35927 184.51168 184.5558 184.3885 183.15893 181.27963 180.40644 180.21335 180.16408 180.11996 180.09761 180.07641 180.05579 180.03631 180.01797 180.0174 180.00021 180.00021 180.00021 180.00021 180.00021 180.00021 180.01396 180.02657 180.05063 180.0724 180.10334 180.1423 180.16694 180.14975 180.09532 180.04547 180.0174 180.00823 180.00021 180.00021 180.00021 180.00021 180.00594 180.03344 180.10449 180.20934 180.35487 180.56916 180.86194 181.22061 181.67382 182.17516 182.63066 183.02142 183.24602
184.78326 184.43032 184.21317 184.13983 184.0917 184.09285 184.10717 184.13639 184.18223 184.21031 184.18395 184.03727 183.61386 182.69884 181.52714 180.76912 180.44082 180.29299 180.2208 180.17439 180.13142 180.09131 180.07126 180.05178 180.03402 180.03287 180.01625 180.01568 180.01511 180.01454 180.04146 180.0661 180.10162 180.14517 180.19616 180.24257 180.28497 180.31419 180.29242 180.22366 180.1509 180.10965 180.07985 180.06782 180.05693 180.06037 180.07641 180.1022 180.16522 180.27179 180.39555 180.54624 180.74849 180.99028 181.25499 181.57585 181.91733 182.22214 182.49659 182.58998
185.4754 185.03193 184.68758 184.46527 184.33636 184.24526 184.18338 184.10832 184.02237 183.90263 183.72215 183.42192 182.92459 182.2823 181.58215 181.04128 180.7061 180.4941 180.37664 180.28669 180.22195 180.17955 180.13944 180.10162 180.08272 180.06438 180.04662 180.04547 180.05865 180.08444 180.13486 180.18127 180.23627 180.29815 180.36519 180.42764 180.46488 180.49868 180.48894 180.42076 180.33883 180.28039 180.242 180.2145 180.20418 180.20819 180.22481 180.27122 180.3669 180.50499 180.63791 180.79032 180.96507 181.1616 181.36442 181.60335 181.82623 181.99525 182.12474 182.10297
186.44713 185.8885 185.39805 184.99984 184.72539 184.53173 184.34667 184.18395 184.00175 183.77257 183.48895 183.11366 182.65415 182.14422 181.63142 181.21717 180.93356 180.70037 180.53936 180.42592 180.35659 180.29185 180.23054 180.18986 180.16809 180.13085 180.11137 180.10793 180.14861 180.2145 180.27466 180.34284 180.41675 180.50842 180.58119 180.63906 180.68203 180.73016 180.75193 180.6826 180.58978 180.51129 180.46431 180.42878 180.41102 180.41675 180.45571 180.52962 180.66599 180.82183 180.95132 181.08425 181.22921 181.36672 181.51912 181.69044 181.81133 181.86576 181.84915 181.72825
187.72712 186.97712 186.29415 185.70171 185.23819 184.89384 184.632 184.37016 184.10259 183.78059 183.43681 183.04319 182.61404 182.16771 181.75346 181.42172 181.13409 180.91694 180.74849 180.60755 180.51244 180.42248 180.35487 180.30961 180.26549 180.22366 180.20075 180.22596 180.29414 180.38524 180.46889 180.57088 180.67687 180.76396 180.83501 180.89173 180.95533 181.02523 181.07794 181.02008 180.90434 180.81438 180.74907 180.71354 180.70323 180.73073 180.79777 180.91408 181.07565 181.22176 181.31859 181.42401 181.51798 181.58845 181.687 181.7907 181.83941 181.80675 181.6721 181.46526
189.71356 188.67078 187.73113 186.90091 186.19102 185.60488 185.17058 184.79358 184.43548 184.03784 183.6213 183.19846 182.77104 182.33387 181.96202 181.65606 181.39708 181.16503 180.98283 180.82814 180.72271 180.62072 180.52332 180.46946 180.4179 180.36862 180.37378 180.42649 180.53879 180.64135 180.76454 180.87856 180.98799 181.06878 181.13467 181.19712 181.2802 181.39479 181.48876 181.44521 181.31114 181.19311 181.13123 181.10545 181.13008 181.19884 181.28306 181.42573 181.59246 181.69559 181.75289 181.79414 181.8119 181.8056 181.86061 181.92764 181.91733 181.82737 181.6085 181.35182
192.66659 191.21128 189.94275 188.81116 187.79645 186.91868 186.19904 185.62035 185.10011 184.62054 184.11691 183.64422 183.14059 182.6891 182.2886 181.9941 181.72711 181.48933 181.28306 181.13066 180.98398 180.86595 180.77428 180.68719 180.62531 180.58577 180.62244 180.74563 180.85736 180.99544 181.12378 181.24926 181.32833 181.4074 181.49678 181.59533 181.70304 181.84571 181.97806 181.97749 181.82623 181.7231 181.69387 181.7082 181.77523 181.84284 181.93509 182.06859 182.19292 182.21183 182.18891 182.1488 182.09208 182.04739 182.09265 182.13849 182.09265 181.92478 181.65205 181.36041
196.09574 194.213 192.54799 191.06116 189.70898 188.51608 187.47273 186.60011 185.91142 185.31439 184.72539 184.17478 183.62532 183.1383 182.71374 182.40778 182.1064 181.86805 181.66293 181.46412 181.32432 181.1891 181.05961 180.98341 180.88658 180.88027 180.99601 181.14097 181.29624 181.44349 181.55293 181.64689 181.74086 181.83138 181.95056 182.08062 182.21928 182.39747 182.60946 182.67077 182.57852 182.51607 182.51607 182.54357 182.59399 182.63524 182.70113 182.79625 182.81 182.71489 182.60889 182.49544 182.39288 182.38486 182.43929 182.4645 182.36595 182.10182 181.79185 181.48073
199.32952 197.0818 195.07301 193.27794 191.63813 190.17193 188.83236 187.67269 186.76398 185.98074 185.32528 184.71394 184.14212 183.60927 183.17612 182.84323 182.57852 182.28689 182.06286 181.87264 181.71737 181.56496 181.44578 181.33005 181.26759 181.34895 181.51167 181.66293 181.81018 181.93853 182.02791 182.11614 182.24162 182.35908 182.48799 182.66618 182.85125 183.07699 183.37894 183.615 183.60755 183.56859 183.55771 183.55541 183.53823 183.5176 183.52104 183.51588 183.38639 183.21221 183.05064 182.92058 182.82031 182.86615 182.95037 182.94178 182.7401 182.40377 182.07661 181.74601
201.4105 199.10091 196.9844 195.02775 193.21777 191.60776 190.11005 188.79454 187.61196 186.67975 185.90225 185.25366 184.61138 184.07795 183.65167 183.33139 183.0111 182.76359 182.51893 182.30923 182.13562 181.96603 181.82967 181.72481 181.75633 181.93222 182.09323 182.20553 182.32585 182.42611 182.52524 182.64155 182.77161 182.91599 183.0959 183.28498 183.53937 183.87398 184.3524 184.78384 184.88353 184.80733 184.73915 184.65549 184.5495 184.416 184.32146 184.21603 183.98628 183.77887 183.62016 183.48379 183.43624 183.56573 183.68891 183.59552 183.28097 182.93261 182.60545 182.2336
201.89465 199.74606 197.70862 195.8064 193.98783 192.34058 190.82797 189.43683 188.16257 187.05046 186.17097 185.47368 184.8652 184.33063 183.93643 183.615 183.32852 183.0747 182.82203 182.64212 182.45992 182.31324 182.1998 182.14021 182.30064 182.5281 182.6192 182.67478 182.76416 182.87875 182.98475 183.1383 183.30847 183.49525 183.72272 183.99888 184.38105 184.89614 185.5516 186.15091 186.34858 186.21222 186.04091 185.83178 185.56764 185.32299 185.16886 184.96661 184.72539 184.52543 184.36615 184.2464 184.34896 184.59648 184.72081 184.54319 184.17478 183.82872 183.49984 183.08673
201.99549 199.65381 197.64846 195.81614 194.10242 192.5245 191.05371 189.67518 188.39633 187.25901 186.26264 185.48743 184.85202 184.33406 183.99201 183.72215 183.44713 183.24201 183.03517 182.86042 182.72119 182.57909 182.53039 182.61863 182.87188 182.98532 183.03345 183.08845 183.19961 183.33368 183.4901 183.66829 183.89632 184.1427 184.46699 184.9053 185.51894 186.20363 186.93587 187.66238 187.93568 187.73629 187.38163 186.97024 186.57891 186.32337 186.16065 185.93319 185.68911 185.5155 185.37226 185.39346 185.73953 186.19159 186.2466 185.97731 185.65244 185.33731 184.98895 184.47616
202.61084 199.75408 197.44219 195.54226 193.90876 192.3824 190.99413 189.71414 188.51436 187.39137 186.42135 185.53556 184.82452 184.35125 184.0281 183.77257 183.5514 183.36004 183.2019 183.03918 182.94464 182.84265 182.9286 183.15549 183.32738 183.36863 183.38582 183.49468 183.66141 183.82241 184.04243 184.25614 184.52314 184.90588 185.43873 186.11768 186.87284 187.65149 188.40092 189.21509 189.59897 189.2827 188.75386 188.20554 187.8228 187.61769 187.42861 187.16791 187.00176 186.89748 186.8843 187.27105 188.0411 188.62552 188.6301 188.34821 188.18892 187.94943 187.57987 187.01264
203.58373 200.50809 197.74758 195.48497 193.64921 192.09993 190.76036 189.57033 188.4565 187.4395 186.49068 185.63754 184.89499 184.34495 183.98857 183.7846 183.61557 183.4391 183.33139 183.21737 183.13658 183.15091 183.35774 183.60583 183.67058 183.67745 183.78517 183.92153 184.1215 184.3524 184.61653 184.93911 185.3545 185.93835 186.72845 187.53518 188.36654 189.18472 189.94962 190.70937 191.20268 190.96548 190.30199 189.75081 189.4437 189.3039 189.11883 188.94637 188.8971 188.98075 189.42709 190.5094 191.89711 192.53481 192.59669 192.65628 192.83848 192.94963 192.69638 192.25234
203.99969 201.06902 198.29762 195.81728 193.65723 191.9143 190.50826 189.31536 188.25768 187.30141 186.43739 185.63353 184.95859 184.38162 183.99201 183.75881 183.60011 183.4752 183.38238 183.32738 183.26951 183.46374 183.76225 183.89231 183.96164 184.02868 184.16275 184.41084 184.65721 184.93682 185.28517 185.77333 186.45859 187.3123 188.22044 189.09993 189.96853 190.75921 191.41926 192.14634 192.87171 192.95593 192.38183 191.84439 191.68397 191.64558 191.53729 191.62782 191.95555 192.58236 194.03596 196.44295 198.46263 199.49682 200.28865 201.56921 202.84404 203.95157 204.74454 205.04248
203.75619 200.96703 198.41278 196.01266 193.84058 191.92117 190.33923 189.06097 188.00844 187.09343 186.26722 185.52868 184.87952 184.36042 183.98399 183.71527 183.56401 183.45858 183.40243 183.35144 183.44369 183.80007 184.04587 184.14441 184.2464 184.38162 184.64403 184.899 185.24392 185.62436 186.16524 186.97196 187.9139 188.89595 189.86425 190.76552 191.56995 192.2363 192.87515 193.64749 194.73497 195.49757 195.21339 194.93608 195.05582 195.20537 195.56404 196.30831 197.46511 199.61542 203.37402 207.92904 211.27397 214.19777 218.19071 222.58874 227.1787 231.23696 234.19113 236.09106
203.41012 200.59919 198.08161 195.77202 193.72828 191.84611 190.20172 188.84267 187.71509 186.7995 186.03632 185.35221 184.75748 184.25099 183.92325 183.66027 183.47807 183.32165 183.22654 183.28899 183.62532 184.01149 184.19541 184.39136 184.57585 184.80618 185.13334 185.50748 185.96757 186.57204 187.49966 188.58426 189.64366 190.70077 191.65933 192.45058 193.09058 193.6538 194.37228 195.4483 197.00159 198.78864 199.48765 199.80335 200.43819 201.32971 202.91107 205.53293 209.25773 215.24456 223.20409 230.46003 237.32464 245.37642 252.73434 258.76071 262.9582 265.46202 266.80561 267.43987
202.99129 200.19124 197.64731 195.36293 193.3444 191.55047 189.94561 188.54817 187.37876 186.45 185.72177 185.10641 184.56096 184.14098 183.82814 183.55198 183.3268 183.05465 183.03345 183.31363 183.75251 184.03269 184.33979 184.59877 184.90931 185.27028 185.74698 186.33311 187.0791 188.07892 189.34687 190.52888 191.66105 192.70498 193.43034 194.03596 194.54704 195.23401 196.2344 197.6221 199.88528 203.25943 206.23194 208.39314 210.43745 213.49933 218.46344 225.35154 234.65179 245.04525 254.32029 261.87015 267.32471 269.99985 268.99488 266.84514 263.70304 261.96412 260.90987 260.73226
202.59136 199.71741 197.16374 194.89368 192.87343 191.11788 189.55314 188.21528 187.039 186.04262 185.27887 184.72024 184.24411 183.89862 183.58234 183.29529 183.03173 182.91657 183.10908 183.39957 183.68548 184.03326 184.33979 184.78555 185.2508 185.78136 186.50958 187.38048 188.65245 190.09745 191.56479 192.84306 193.98668 194.74356 195.24834 195.66602 196.30888 197.22561 198.52566 200.65878 203.9848 210.13321 217.59083 224.02915 229.96958 238.15084 248.19881 258.50345 265.73189 269.26532 269.27506 262.97138 249.17914 234.53663 223.95811 219.90271 217.95408 217.85324 218.50068 220.26654
202.31749 199.27967 196.66011 194.37114 192.38928 190.65092 189.11654 187.82223 186.66371 185.69484 184.86119 184.20687 183.74793 183.40358 183.1595 182.90224 182.79281 182.96641 183.30159 183.5388 183.75423 183.99774 184.416 184.94885 185.58655 186.38754 187.47273 188.99049 190.72885 192.51074 194.05601 195.36407 196.29513 196.76496 197.22676 197.76992 198.53425 199.65381 201.75599 204.84252 210.51021 221.18614 236.72533 249.55041 258.69024 267.33674 269.99985 265.71069 257.98836 242.04925 217.51921 200.8066 193.86121 191.05371 190.59477 191.05257 191.60261 192.38068 193.54092 195.15896
