data/pm10_slope_4cell_modal.asc
ncols	541
nrows	200
xllcorner	12.09692
yllcorner	48.55814
cellsize	0.0125
NODATA_value	-9999.0
[rows 30 to 59 of 200, columns 201 to 267 of 541]
0.14276 0.14139 0.14004 0.13831 0.13708 0.13653 0.13598 0.13539 0.1348 0.13409 0.13338 0.13259 0.13164 0.13081 0.13107 0.13233 0.1336 0.13398 0.13282 0.13103 0.12907 0.12653 0.12268 0.11798 0.11318 0.10831 0.10334 0.09839 0.09349 0.08888 0.08473 0.0813 0.07874 0.07733 0.0781 0.08068 0.08432 0.08933 0.09726 0.10714 0.1176 0.12865 0.14029 0.15248 0.1652 0.17799 0.19026 0.20144 0.21105 0.21861 0.22298 0.22441 0.22596 0.22924 0.23448 0.24104 0.2488 0.25681 0.26406 0.26996 0.27437 0.27736 0.279 0.27878 0.27666 0.27276 0.26822
0.13795 0.13689 0.13579 0.13483 0.13398 0.1336 0.13338 0.13312 0.13278 0.1324 0.13198 0.13142 0.13092 0.13069 0.13126 0.13289 0.13446 0.13506 0.13409 0.13263 0.131 0.12884 0.12542 0.12104 0.11653 0.11207 0.10766 0.10339 0.09925 0.09534 0.09176 0.08854 0.08579 0.08343 0.0824 0.08289 0.08414 0.08689 0.09279 0.10139 0.111 0.12137 0.13225 0.14339 0.1546 0.16565 0.17615 0.18588 0.19455 0.20204 0.20828 0.21218 0.21399 0.21571 0.21968 0.22552 0.23216 0.23937 0.24643 0.25239 0.25685 0.25987 0.2618 0.26285 0.2631 0.26182 0.2588
0.13285 0.1321 0.13145 0.13103 0.13077 0.13081 0.13088 0.13096 0.13096 0.13096 0.13084 0.131 0.13134 0.13195 0.13263 0.13413 0.13568 0.13667 0.13627 0.1352 0.13401 0.13233 0.1295 0.1257 0.12186 0.11786 0.11393 0.11018 0.10663 0.10344 0.10035 0.09752 0.09482 0.09198 0.08955 0.08792 0.08637 0.0862 0.09033 0.09823 0.10756 0.11756 0.12775 0.13795 0.14799 0.15764 0.16682 0.17533 0.18314 0.19011 0.19629 0.20179 0.20572 0.20717 0.20864 0.21265 0.21811 0.22394 0.23009 0.23614 0.24127 0.24501 0.24733 0.24876 0.24966 0.25004 0.2493
0.12748 0.12716 0.12712 0.12716 0.12724 0.12767 0.12849 0.12892 0.12934 0.12985 0.13058 0.13161 0.13282 0.13372 0.13439 0.13561 0.13748 0.139 0.13914 0.13864 0.13795 0.13682 0.13454 0.13142 0.1283 0.12506 0.12182 0.11866 0.11563 0.11283 0.11041 0.10821 0.10611 0.10383 0.10134 0.09869 0.09381 0.08683 0.0911 0.09965 0.10904 0.11849 0.12763 0.13657 0.14519 0.15349 0.16137 0.1687 0.17553 0.18177 0.18746 0.19274 0.19786 0.201 0.20164 0.20281 0.20647 0.21126 0.21612 0.22122 0.22636 0.23098 0.23433 0.23647 0.2378 0.23856 0.23883
0.12194 0.12231 0.12272 0.12321 0.12377 0.12446 0.12582 0.12704 0.12814 0.12954 0.13126 0.13304 0.13446 0.1355 0.13638 0.13766 0.13989 0.14188 0.14269 0.14272 0.14262 0.14199 0.14032 0.13795 0.13546 0.133 0.13054 0.12806 0.12578 0.12361 0.1217 0.12021 0.11912 0.11836 0.1179 0.11862 0.11874 0.11023 0.10602 0.11153 0.11841 0.12534 0.13225 0.13918 0.14598 0.15261 0.159 0.16508 0.17082 0.17615 0.18108 0.18588 0.19055 0.19458 0.19652 0.19657 0.19731 0.20055 0.20467 0.20866 0.21288 0.2173 0.22149 0.22481 0.22702 0.22858 0.23002
0.11653 0.11739 0.11828 0.11925 0.12029 0.12137 0.12292 0.12534 0.12771 0.13015 0.13244 0.13435 0.13598 0.13744 0.13882 0.14032 0.14276 0.14529 0.1467 0.14731 0.14778 0.14768 0.14663 0.14498 0.14325 0.14146 0.13968 0.13799 0.13635 0.13491 0.13368 0.13278 0.13244 0.13282 0.13405 0.13693 0.14071 0.14335 0.1362 0.13304 0.13372 0.13642 0.14018 0.1446 0.1493 0.15418 0.159 0.16374 0.16826 0.17257 0.17666 0.18078 0.18474 0.1882 0.19084 0.19196 0.19134 0.19176 0.19468 0.19819 0.20154 0.20511 0.20897 0.21305 0.21716 0.22036 0.22264
0.11118 0.11247 0.11389 0.11533 0.11688 0.11849 0.12071 0.1241 0.12787 0.13092 0.13338 0.13557 0.13762 0.13961 0.14149 0.14342 0.14608 0.14906 0.1511 0.15235 0.15339 0.15382 0.15339 0.15238 0.15133 0.1502 0.14906 0.14795 0.14694 0.14601 0.14536 0.14495 0.14491 0.14536 0.14663 0.14903 0.15225 0.15353 0.15116 0.14839 0.147 0.14728 0.14876 0.15103 0.15392 0.15713 0.16047 0.16386 0.16721 0.17047 0.17358 0.17695 0.18014 0.18289 0.18491 0.18668 0.18706 0.18582 0.18606 0.18876 0.19183 0.19483 0.19837 0.20293 0.20775 0.2122 0.21522
0.10583 0.10766 0.1095 0.11149 0.11367 0.11628 0.11942 0.12337 0.12763 0.13126 0.13413 0.13686 0.13943 0.14199 0.1444 0.1468 0.14973 0.15313 0.15576 0.15761 0.15928 0.16022 0.16037 0.16006 0.15966 0.15912 0.15856 0.15789 0.15726 0.15668 0.1562 0.15595 0.15588 0.15601 0.15636 0.15704 0.15811 0.1583 0.15761 0.15668 0.15592 0.15569 0.15611 0.15716 0.15868 0.16059 0.16267 0.16489 0.16712 0.16938 0.17155 0.17407 0.17647 0.17838 0.17969 0.18086 0.18193 0.18158 0.17989 0.18028 0.18295 0.1866 0.19047 0.19486 0.19882 0.20313 0.2072
0.10075 0.10296 0.10536 0.10798 0.11113 0.1148 0.11866 0.12264 0.12693 0.13115 0.13494 0.1382 0.14135 0.1444 0.14738 0.15033 0.15356 0.15738 0.16062 0.1631 0.16532 0.16682 0.1676 0.16796 0.16811 0.16808 0.16793 0.16763 0.16727 0.16682 0.16637 0.16595 0.16553 0.16517 0.16459 0.16416 0.16392 0.16343 0.16294 0.16267 0.16233 0.16208 0.16208 0.16245 0.16313 0.16404 0.16517 0.16637 0.16766 0.16894 0.17026 0.17187 0.17344 0.17453 0.1751 0.17556 0.1761 0.17652 0.17556 0.17407 0.17581 0.17975 0.18374 0.18751 0.19092 0.19473 0.1989
0.09581 0.09854 0.10159 0.10521 0.10941 0.11367 0.11786 0.12178 0.12621 0.13088 0.13546 0.13953 0.14321 0.1468 0.15037 0.15385 0.15754 0.16177 0.16559 0.1687 0.17149 0.17361 0.17499 0.17598 0.17669 0.17714 0.17731 0.17726 0.17697 0.17655 0.17593 0.17521 0.17438 0.17346 0.17225 0.17103 0.17015 0.16912 0.16829 0.1679 0.16757 0.16733 0.16712 0.16706 0.16715 0.16733 0.16769 0.16811 0.16855 0.16897 0.16956 0.17024 0.17097 0.17117 0.17097 0.17068 0.17053 0.17059 0.17114 0.17076 0.1707 0.17318 0.17686 0.18067 0.18415 0.18764 0.19139
0.09121 0.09466 0.09864 0.1032 0.10798 0.11252 0.11679 0.12095 0.12562 0.13065 0.13568 0.14057 0.14495 0.14906 0.1532 0.15726 0.16143 0.16607 0.1705 0.1743 0.17765 0.1805 0.18251 0.18415 0.18542 0.18628 0.18671 0.18679 0.18652 0.18593 0.18507 0.18401 0.18273 0.18125 0.1795 0.17774 0.17632 0.17499 0.1739 0.17309 0.17245 0.17196 0.17155 0.17117 0.17085 0.17056 0.17026 0.17 0.16974 0.16941 0.16932 0.16912 0.169 0.16832 0.16724 0.16619 0.16535 0.16556 0.16649 0.16745 0.16667 0.16703 0.17038 0.17416 0.17779 0.18111 0.18401
0.08741 0.09176 0.09664 0.10173 0.10663 0.11122 0.11572 0.12025 0.12506 0.13038 0.13572 0.14114 0.14629 0.15103 0.15566 0.16034 0.16514 0.17018 0.17524 0.17978 0.18377 0.1874 0.19021 0.19251 0.19429 0.1955 0.19616 0.19627 0.19588 0.19506 0.19386 0.19235 0.19066 0.1886 0.18639 0.1842 0.18237 0.18078 0.17942 0.17841 0.17734 0.17641 0.17564 0.17501 0.17436 0.1737 0.17292 0.17213 0.17126 0.17026 0.16956 0.16855 0.16754 0.16595 0.16401 0.16223 0.16143 0.16131 0.16165 0.16227 0.16273 0.1623 0.16383 0.1667 0.16956 0.1721 0.17441
0.08468 0.08978 0.09518 0.1004 0.10521 0.11005 0.1148 0.11958 0.1245 0.12992 0.13557 0.14124 0.147 0.15245 0.15764 0.16288 0.16826 0.17381 0.17961 0.18499 0.18984 0.19432 0.19799 0.20105 0.20335 0.20491 0.20567 0.20569 0.20509 0.20389 0.20224 0.20022 0.19799 0.19547 0.19287 0.19024 0.18802 0.18623 0.18466 0.18347 0.18224 0.18097 0.17978 0.17875 0.17782 0.17686 0.17581 0.17461 0.17323 0.17178 0.17038 0.1687 0.16682 0.16429 0.16165 0.15966 0.15818 0.15691 0.15617 0.15601 0.15636 0.15611 0.15537 0.15636 0.15852 0.16078 0.16352
0.08301 0.0886 0.09413 0.09915 0.10407 0.10904 0.11393 0.11883 0.12381 0.12927 0.13502 0.14085 0.14687 0.15297 0.15875 0.16453 0.1705 0.17669 0.18328 0.18958 0.19555 0.2011 0.20584 0.20971 0.21263 0.21448 0.21524 0.21508 0.21403 0.2123 0.21007 0.20751 0.20465 0.20164 0.19857 0.1956 0.19311 0.19113 0.18942 0.18807 0.18676 0.18542 0.18404 0.18267 0.18141 0.18025 0.17897 0.17754 0.17584 0.17416 0.1721 0.16985 0.16709 0.16401 0.16093 0.15799 0.15463 0.15143 0.1488 0.14704 0.14622 0.14618 0.14536 0.14491 0.14717 0.15 0.15414
0.08246 0.08826 0.09338 0.09839 0.1033 0.10817 0.11305 0.11794 0.12288 0.12822 0.1339 0.13979 0.14588 0.15222 0.15862 0.16486 0.17144 0.17833 0.18577 0.19311 0.20062 0.20753 0.21359 0.21856 0.22213 0.22423 0.22488 0.22421 0.22251 0.22 0.21698 0.21368 0.21019 0.20669 0.20325 0.2 0.19728 0.19529 0.19352 0.19217 0.19084 0.18953 0.18823 0.18684 0.18534 0.18393 0.18254 0.18105 0.17925 0.17743 0.17501 0.17234 0.16929 0.16574 0.16115 0.15547 0.14963 0.14394 0.13892 0.13543 0.13387 0.13439 0.1352 0.13517 0.13693 0.14089 0.14639
0.08283 0.08815 0.09311 0.09798 0.10281 0.10747 0.11216 0.11688 0.12161 0.12661 0.13206 0.13777 0.1437 0.15 0.15668 0.16343 0.17038 0.17799 0.18636 0.19501 0.2043 0.21312 0.22102 0.22744 0.23188 0.23414 0.23431 0.23274 0.22996 0.22636 0.22235 0.21822 0.2141 0.21019 0.20642 0.20308 0.20032 0.19842 0.19675 0.1955 0.19435 0.19324 0.19209 0.19092 0.18963 0.18818 0.18674 0.18526 0.18371 0.18182 0.17944 0.17686 0.17315 0.16796 0.16103 0.15287 0.14401 0.13539 0.12795 0.12284 0.12091 0.12211 0.12458 0.12696 0.12876 0.13405 0.14039
0.08367 0.0886 0.09333 0.09793 0.10237 0.10682 0.11118 0.11546 0.11983 0.12442 0.12938 0.13465 0.14014 0.14612 0.15258 0.15947 0.16655 0.17464 0.18385 0.19409 0.2055 0.21686 0.22749 0.23618 0.24183 0.24399 0.24296 0.23969 0.23514 0.23002 0.22479 0.2198 0.21517 0.21093 0.20705 0.20379 0.20125 0.19952 0.19827 0.19733 0.19652 0.19578 0.19506 0.19432 0.19349 0.19248 0.19126 0.18997 0.18884 0.18692 0.18463 0.18182 0.17734 0.17076 0.16248 0.15268 0.14135 0.12907 0.1176 0.10964 0.10761 0.11054 0.11559 0.12091 0.12506 0.13073 0.13748
0.08538 0.08978 0.09402 0.09808 0.10208 0.10602 0.10986 0.11371 0.11752 0.12145 0.12574 0.13023 0.13506 0.14025 0.14598 0.15225 0.15893 0.16685 0.17598 0.18746 0.20067 0.21508 0.22974 0.24245 0.2501 0.25122 0.24741 0.24112 0.23414 0.22724 0.221 0.21541 0.21062 0.2064 0.20273 0.19987 0.19784 0.1966 0.19593 0.19555 0.19529 0.19509 0.19491 0.1947 0.19447 0.19409 0.19357 0.19251 0.19108 0.18958 0.18812 0.18523 0.18105 0.17547 0.16808 0.15849 0.14588 0.12958 0.11068 0.09633 0.09597 0.10412 0.11323 0.12095 0.12795 0.13319 0.13885
0.08786 0.0916 0.09518 0.09859 0.10188 0.10512 0.10826 0.1114 0.11446 0.11747 0.12066 0.12394 0.12732 0.131 0.13502 0.13961 0.14481 0.15133 0.15919 0.17018 0.18366 0.2003 0.22054 0.24238 0.25571 0.25245 0.24261 0.23257 0.22363 0.21594 0.20959 0.20435 0.20012 0.19657 0.19362 0.1916 0.19055 0.19 0.19003 0.19024 0.19058 0.19097 0.19142 0.19186 0.19228 0.19225 0.19168 0.19097 0.18989 0.18921 0.18836 0.18692 0.18477 0.18163 0.17726 0.17111 0.16205 0.14721 0.12104 0.08301 0.09894 0.11428 0.12418 0.13126 0.13755 0.14146 0.14422
0.09116 0.09402 0.09675 0.0993 0.10159 0.10363 0.10555 0.10728 0.1089 0.11045 0.11203 0.11362 0.11528 0.11705 0.11895 0.1212 0.12414 0.12798 0.1333 0.14093 0.1507 0.1638 0.18218 0.21019 0.24143 0.22902 0.21904 0.20986 0.20234 0.19634 0.19176 0.18826 0.18553 0.18336 0.18166 0.18072 0.1808 0.18122 0.18213 0.18306 0.18412 0.18523 0.18641 0.1873 0.18767 0.1877 0.18732 0.18722 0.18762 0.1878 0.18786 0.18812 0.1882 0.18804 0.18764 0.18724 0.18682 0.18639 0.18442 0.15789 0.15264 0.15023 0.14869 0.149 0.1502 0.1511 0.15073
0.09439 0.09597 0.09721 0.09818 0.09894 0.0995 0.0999 0.10015 0.10025 0.10025 0.1003 0.10035 0.10035 0.10035 0.10035 0.1002 0.10055 0.10109 0.10262 0.1044 0.10611 0.10752 0.10798 0.10502 0.12422 0.17021 0.17286 0.17213 0.17091 0.16962 0.16861 0.1679 0.16742 0.16709 0.167 0.16757 0.16894 0.17062 0.17254 0.17444 0.17641 0.17816 0.17936 0.18022 0.18067 0.1808 0.18149 0.18278 0.18407 0.18526 0.18647 0.18794 0.18982 0.19199 0.19481 0.19857 0.20374 0.21078 0.22061 0.23597 0.20413 0.18387 0.17176 0.16483 0.16056 0.15783 0.15521
0.09539 0.09529 0.09492 0.09445 0.09381 0.09317 0.09241 0.09154 0.0905 0.08944 0.08815 0.08683 0.08526 0.08355 0.08155 0.07918 0.07714 0.07483 0.07246 0.06856 0.06253 0.05263 0.03742 0.02702 0.05745 0.0923 0.11636 0.12896 0.13583 0.14 0.143 0.14543 0.14741 0.14906 0.1508 0.15317 0.15592 0.159 0.16199 0.16477 0.16691 0.16867 0.16991 0.17082 0.17176 0.17289 0.17501 0.17692 0.17869 0.18075 0.18289 0.18515 0.1878 0.19105 0.19512 0.20005 0.20599 0.21274 0.21904 0.21868 0.20756 0.19311 0.18097 0.17199 0.16526 0.16022 0.15627
0.09418 0.09279 0.09138 0.08994 0.08837 0.08672 0.08497 0.08313 0.08106 0.07887 0.07642 0.07382 0.07099 0.06782 0.06442 0.0605 0.05666 0.05292 0.04827 0.04159 0.03332 0.02408 0.02121 0.03376 0.05187 0.06921 0.08473 0.09721 0.1064 0.11323 0.11879 0.12349 0.12748 0.13092 0.13442 0.13846 0.14255 0.1468 0.15023 0.15304 0.15534 0.15707 0.15871 0.16037 0.16196 0.1645 0.16682 0.16906 0.17149 0.17395 0.17652 0.17911 0.18182 0.18491 0.18871 0.19287 0.19713 0.20085 0.20263 0.19997 0.19373 0.18558 0.17726 0.16968 0.16322 0.15815 0.15437
0.09263 0.09028 0.08792 0.08544 0.08301 0.0805 0.07785 0.0751 0.07211 0.06892 0.06557 0.06197 0.05822 0.05431 0.0502 0.04604 0.04171 0.03742 0.0324 0.02702 0.02236 0.02168 0.02702 0.03688 0.04796 0.05865 0.06841 0.07733 0.08515 0.09203 0.09829 0.10402 0.10918 0.11393 0.11879 0.12406 0.12907 0.13334 0.13697 0.13975 0.1423 0.14467 0.14697 0.14913 0.15169 0.15466 0.15707 0.15966 0.16236 0.16492 0.16754 0.16997 0.17234 0.17476 0.17745 0.18036 0.18287 0.18463 0.18404 0.18141 0.17754 0.17266 0.16769 0.16285 0.15859 0.15511 0.15255
0.09083 0.08752 0.08432 0.08112 0.07785 0.0745 0.07113 0.0676 0.06387 0.06 0.05595 0.05187 0.04796 0.04393 0.04012 0.03647 0.03271 0.02881 0.0255 0.02324 0.0228 0.02569 0.0313 0.03795 0.04494 0.05158 0.05797 0.06419 0.07 0.07576 0.08167 0.08758 0.09317 0.09854 0.10445 0.10977 0.11489 0.11912 0.12272 0.1261 0.12919 0.13214 0.13483 0.13748 0.14078 0.14332 0.14618 0.14893 0.15156 0.15405 0.15633 0.15843 0.16022 0.1619 0.16349 0.16502 0.16634 0.1667 0.16574 0.16462 0.16276 0.16065 0.15834 0.15611 0.15405 0.15215 0.1506
0.08866 0.08462 0.08068 0.07681 0.07287 0.06892 0.06496 0.06083 0.05666 0.05225 0.04796 0.04405 0.0405 0.03755 0.03507 0.03194 0.02846 0.02588 0.0247 0.0249 0.02627 0.02933 0.03332 0.03768 0.04207 0.04626 0.0503 0.05431 0.05848 0.06293 0.06819 0.07376 0.07931 0.08479 0.09044 0.09571 0.1005 0.10498 0.10904 0.11287 0.11636 0.11962 0.12239 0.1257 0.12853 0.13153 0.13439 0.13711 0.13953 0.14177 0.14363 0.14519 0.14639 0.14734 0.14816 0.14903 0.15017 0.15037 0.1507 0.1509 0.1509 0.15073 0.15013 0.1492 0.14822 0.14728 0.14646
0.08573 0.08142 0.07694 0.07259 0.06812 0.06387 0.0595 0.05505 0.0506 0.04615 0.04207 0.03886 0.03647 0.03521 0.03347 0.03066 0.02793 0.02646 0.02646 0.02775 0.0295 0.03162 0.03421 0.03674 0.03924 0.04159 0.04405 0.04648 0.04919 0.05263 0.05692 0.06197 0.06686 0.07204 0.07688 0.08216 0.08718 0.09187 0.09623 0.1002 0.10397 0.1071 0.11014 0.11327 0.11623 0.11942 0.12223 0.12466 0.12685 0.12872 0.13012 0.13103 0.13198 0.13304 0.13398 0.13502 0.13587 0.13715 0.13846 0.13932 0.14021 0.14075 0.141 0.141 0.14089 0.14075 0.14068
0.08155 0.07733 0.07308 0.06848 0.06387 0.05933 0.05477 0.0503 0.04593 0.04183 0.0386 0.03661 0.03606 0.03592 0.03421 0.03114 0.02933 0.02846 0.02898 0.03033 0.03178 0.03302 0.03435 0.03564 0.03661 0.03755 0.03847 0.03975 0.04135 0.0437 0.04722 0.05128 0.05541 0.05992 0.06465 0.07014 0.07523 0.08 0.08444 0.08849 0.09209 0.09487 0.09788 0.1009 0.1044 0.10742 0.11005 0.11221 0.11406 0.11567 0.11705 0.11798 0.11891 0.12008 0.12145 0.12276 0.12377 0.12514 0.12645 0.12787 0.12923 0.13031 0.13122 0.13195 0.13255 0.13319 0.13383
0.07649 0.07239 0.06848 0.06434 0.06 0.0555 0.05109 0.0469 0.04301 0.03962 0.03755 0.03728 0.03834 0.03834 0.03564 0.03286 0.03146 0.03114 0.03162 0.03271 0.03347 0.03391 0.03421 0.03435 0.03421 0.03406 0.03362 0.03362 0.03406 0.0355 0.03847 0.04171 0.04483 0.04909 0.05431 0.05967 0.06481 0.06957 0.07396 0.07797 0.08081 0.08331 0.08614 0.08989 0.09333 0.09623 0.09849 0.1007 0.10276 0.10402 0.10502 0.10611 0.10724 0.1084 0.10968 0.11072 0.11207 0.11314 0.11454 0.11632 0.11803 0.11958 0.121 0.12235 0.12365 0.12486 0.1257
0.07148 0.0676 0.06395 0.06042 0.05692 0.0531 0.04919 0.04539 0.04207 0.03987 0.03924 0.04087 0.04219 0.04074 0.03755 0.03521 0.03406 0.03362 0.03391 0.0345 0.03493 0.03479 0.03406 0.03317 0.03209 0.03082 0.02933 0.02828 0.02793 0.02881 0.03066 0.03286 0.03606 0.04025 0.04593 0.05128 0.05621 0.06099 0.06527 0.06856 0.0705 0.07287 0.07668 0.08068 0.08402 0.08672 0.08883 0.09061 0.0922 0.09343 0.09418 0.09492 0.09576 0.09675 0.09783 0.09905 0.10025 0.10134 0.10286 0.10469 0.10668 0.10858 0.11054 0.11238 0.11424 0.11563 0.11563
