data/pm10_slope_4cell_max.asc
ncols	541
nrows	200
xllcorner	12.09692
yllcorner	48.55814
cellsize	0.0125
NODATA_value	-9999.0
[rows 30 to 59 of 200, columns 268 to 334 of 541]
0.77694 0.80606 0.83778 0.87788 0.91665 0.95376 0.98857 1.02069 1.05002 1.07652 1.10056 1.12325 1.14482 1.17828 1.21135 1.24925 1.28842 1.32839 1.36883 1.40987 1.45148 1.49322 1.53684 1.5807 1.62247 1.66268 1.69972 1.73518 1.76955 1.80207 1.83315 1.86469 -9999.0 -9999.0 -9999.0 -9999.0 -9999.0 -9999.0 -9999.0 -9999.0 2.06551 2.07226 -9999.0 -9999.0 -9999.0 -9999.0 -9999.0 -9999.0 -9999.0 -9999.0 -9999.0 -9999.0 -9999.0 -9999.0 -9999.0 -9999.0 -9999.0 -9999.0 -9999.0 -9999.0 -9999.0 -9999.0 -9999.0 -9999.0 -9999.0 -9999.0 -9999.0
0.76511 0.79304 0.81983 0.85625 0.89311 0.9285 0.96199 0.99296 1.02101 1.04609 1.06865 1.09262 1.11738 1.14138 1.17048 1.202 1.23838 1.27722 1.31604 1.35594 1.39579 1.43677 1.47761 1.51952 1.55846 1.59345 1.62589 1.65636 1.68505 1.71382 1.74098 1.76694 1.79382 -9999.0 -9999.0 -9999.0 1.88845 1.90587 1.9217 1.93425 1.94466 1.95053 1.95258 -9999.0 -9999.0 -9999.0 -9999.0 -9999.0 -9999.0 -9999.0 -9999.0 -9999.0 -9999.0 -9999.0 -9999.0 -9999.0 -9999.0 -9999.0 -9999.0 -9999.0 -9999.0 -9999.0 -9999.0 -9999.0 -9999.0 -9999.0 -9999.0
0.75397 0.78003 0.80498 0.83535 0.8696 0.90265 0.934 0.96332 0.98985 1.01432 1.04204 1.06835 1.09219 1.11349 1.13528 1.1627 1.19304 1.22745 1.26493 1.30222 1.33978 1.37728 1.4162 1.4532 1.48781 1.51879 1.54582 1.57004 1.59414 1.6164 1.63887 1.66054 1.68156 1.70326 1.72386 1.74418 1.76213 1.77752 1.79017 1.80182 1.81057 1.81629 1.82042 1.83378 -9999.0 -9999.0 -9999.0 -9999.0 -9999.0 -9999.0 -9999.0 -9999.0 -9999.0 -9999.0 -9999.0 -9999.0 -9999.0 -9999.0 -9999.0 -9999.0 -9999.0 -9999.0 -9999.0 2.05214 2.05888 2.06571 2.07237
0.74293 0.76667 0.78934 0.81463 0.84594 0.87605 0.90564 0.93372 0.96128 0.98965 1.01662 1.04101 1.06309 1.08368 1.10387 1.12395 1.1504 1.17861 1.21076 1.24591 1.281 1.31617 1.35108 1.38437 1.41391 1.43911 1.46152 1.48096 1.49806 1.51508 1.53097 1.54677 1.56273 1.57799 1.59332 1.60819 1.62298 1.63622 1.6474 1.65702 1.66472 1.67129 1.6873 1.70458 -9999.0 -9999.0 -9999.0 -9999.0 -9999.0 -9999.0 -9999.0 1.8414 1.85492 1.86719 1.88003 -9999.0 -9999.0 -9999.0 -9999.0 -9999.0 -9999.0 -9999.0 -9999.0 1.96539 1.97322 1.98073 1.98753
0.73293 0.75457 0.77525 0.79569 0.82451 0.85329 0.88136 0.9088 0.93524 0.96106 0.98563 1.00834 1.02976 1.04996 1.06891 1.08871 1.1082 1.13323 1.16006 1.19053 1.22387 1.25715 1.28871 1.31714 1.341 1.36178 1.37845 1.3914 1.40316 1.41303 1.42223 1.43123 1.43937 1.44715 1.45493 1.46375 1.47438 1.48562 1.49601 1.50448 1.51522 1.53572 1.55713 -9999.0 -9999.0 -9999.0 -9999.0 -9999.0 -9999.0 -9999.0 1.73572 1.75159 1.76771 1.78319 1.79574 1.8063 1.81297 1.82201 -9999.0 -9999.0 -9999.0 -9999.0 1.87154 1.8804 1.88872 1.8963 1.90315
0.72416 0.74372 0.76243 0.78033 0.80642 0.83162 0.85612 0.87986 0.90262 0.92614 0.94969 0.97265 0.99453 1.01528 1.03486 1.05416 1.07336 1.09277 1.11661 1.14223 1.17118 1.20195 1.23019 1.25377 1.27248 1.28762 1.29788 1.30568 1.31084 1.31314 1.31483 1.31514 1.31464 1.31258 1.31188 1.31419 1.31956 1.32889 1.33912 1.35512 1.37862 1.40892 -9999.0 -9999.0 -9999.0 -9999.0 -9999.0 -9999.0 -9999.0 -9999.0 1.65175 1.67098 1.69022 1.70584 1.71946 1.72882 1.73631 1.74149 1.74537 1.75636 1.76768 1.77773 1.78767 1.79682 1.80515 1.81269 1.81948
0.71428 0.73079 0.74622 0.76081 0.78202 0.80326 0.82415 0.84503 0.86659 0.88965 0.91346 0.93746 0.96036 0.98207 1.00254 1.02166 1.0412 1.05995 1.07885 1.10151 1.12577 1.15168 1.17539 1.19409 1.20922 1.21912 1.22372 1.22428 1.22246 1.21964 1.21381 1.20533 1.19496 1.18404 1.17247 1.16487 1.16618 1.17341 1.19223 1.22136 1.26027 1.29552 1.33624 -9999.0 -9999.0 -9999.0 -9999.0 -9999.0 -9999.0 1.55264 1.57451 1.59584 1.6147 1.63223 1.64507 1.65256 1.65819 1.66378 1.66627 1.66892 1.68106 1.69353 1.70464 1.7143 1.72272 1.73012 1.73698
0.71235 0.72728 0.73909 0.74732 0.76166 0.77578 0.78923 0.80995 0.83158 0.8543 0.87854 0.9033 0.92725 0.95001 0.97148 0.99159 1.01055 1.02991 1.0486 1.06656 1.08747 1.1066 1.12565 1.14031 1.15051 1.1553 1.155 1.15173 1.14539 1.13592 1.12451 1.10997 1.0907 1.06943 1.0482 1.03085 1.02536 1.04007 1.07225 1.11441 1.15849 1.2051 1.24626 1.28791 1.32813 1.36239 1.39623 1.42675 1.45413 1.47999 1.50169 1.52078 1.54058 1.55719 1.56847 1.57432 1.57835 1.58256 1.58472 1.58507 1.59422 1.60772 1.62009 1.63102 1.6405 1.6485 1.65634
0.72134 0.73583 0.74668 0.75268 0.75559 0.76402 0.77453 0.78266 0.79757 0.82025 0.84467 0.87005 0.89505 0.91885 0.9414 0.9626 0.98234 1.00163 1.02041 1.03895 1.05335 1.06846 1.07964 1.09153 1.09809 1.0989 1.09453 1.08776 1.07829 1.06616 1.04959 1.02935 1.00639 0.97859 0.94941 0.92653 0.92093 0.94978 0.98871 1.03374 1.08142 1.12831 1.17371 1.21781 1.257 1.29458 1.32607 1.35449 1.38253 1.40801 1.42826 1.44611 1.46389 1.47872 1.4882 1.49245 1.49511 1.49886 1.4996 1.50284 1.50974 1.52248 1.53463 1.54614 1.55666 1.56583 1.57443
0.73131 0.74504 0.75446 0.7593 0.7602 0.7637 0.76416 0.76621 0.77187 0.78704 0.81156 0.83763 0.86367 0.88854 0.9122 0.93452 0.95544 0.97488 0.99463 1.01199 1.02525 1.03394 1.04321 1.04822 1.05046 1.0475 1.04218 1.03336 1.02074 1.00547 0.98745 0.965 0.93863 0.91058 0.87996 0.85437 0.87074 0.89765 0.93568 0.97761 1.0229 1.06897 1.11152 1.15343 1.19407 1.22875 1.25736 1.28345 1.30988 1.33374 1.35238 1.36834 1.38401 1.39685 1.40431 1.40841 1.41039 1.41298 1.41572 1.41994 1.42906 1.44073 1.45176 1.46223 1.4722 1.48168 1.49032
0.73671 0.74913 0.75742 0.76072 0.76068 0.76125 0.75922 0.75514 0.7567 0.76364 0.78047 0.80598 0.83294 0.85892 0.8837 0.90721 0.92934 0.95003 0.96901 0.98491 0.99812 1.00689 1.01133 1.01318 1.0112 1.00577 0.99551 0.98325 0.97016 0.95335 0.93227 0.90891 0.88236 0.8524 0.82507 0.82989 0.84299 0.86556 0.89787 0.93531 0.97748 1.01783 1.05546 1.09378 1.13059 1.16167 1.18688 1.20995 1.23409 1.25589 1.27212 1.28743 1.30065 1.31146 1.32013 1.32496 1.328 1.33039 1.33357 1.33886 1.34925 1.36004 1.37015 1.37968 1.38868 1.39719 1.4053
0.73771 0.74821 0.75492 0.75717 0.75724 0.75629 0.7546 0.75184 0.75073 0.76225 0.77877 0.79584 0.8099 0.82954 0.85552 0.8803 0.90378 0.92463 0.94369 0.96154 0.97591 0.98455 0.98725 0.98582 0.98056 0.96998 0.95558 0.94088 0.92244 0.90293 0.88146 0.85572 0.82655 0.79875 0.79714 0.80577 0.81979 0.83646 0.86231 0.89809 0.93387 0.96863 1.00055 1.03333 1.06553 1.09238 1.1141 1.13479 1.15417 1.17428 1.19186 1.20573 1.22031 1.23125 1.23863 1.2455 1.25006 1.25339 1.25801 1.2636 1.27094 1.27888 1.28776 1.2963 1.30435 1.31194 1.31914
0.73992 0.74247 0.7492 0.75072 0.75055 0.75233 0.75327 0.75989 0.77135 0.78135 0.7908 0.79679 0.80531 0.81637 0.8271 0.85323 0.87695 0.90121 0.92247 0.94006 0.95372 0.96171 0.96385 0.96094 0.95252 0.93746 0.92053 0.90007 0.87901 0.85511 0.82811 0.8004 0.77274 0.76057 0.76798 0.77867 0.78982 0.80277 0.82428 0.85492 0.88626 0.91448 0.94253 0.96954 0.99799 1.02384 1.04581 1.0649 1.08503 1.10159 1.11702 1.13126 1.1437 1.15458 1.16319 1.17022 1.17539 1.18053 1.18515 1.19184 1.19772 1.2028 1.20715 1.21242 1.21897 1.22545 1.23159
0.74044 0.74188 0.74551 0.74804 0.75222 0.75876 0.77033 0.78054 0.7891 0.79809 0.80452 0.80853 0.80946 0.80805 0.81606 0.82399 0.85294 0.87797 0.89816 0.91496 0.92779 0.93517 0.93666 0.93209 0.92122 0.90511 0.88498 0.86106 0.8336 0.8039 0.77296 0.74177 0.72176 0.7256 0.73229 0.74079 0.74998 0.76299 0.78348 0.81138 0.84032 0.86701 0.89198 0.91813 0.94275 0.9657 0.98747 1.00683 1.02543 1.0419 1.05561 1.06652 1.07545 1.08311 1.09003 1.09691 1.10323 1.10845 1.11445 1.11963 1.12407 1.12781 1.13088 1.13334 1.13523 1.13813 1.14294
0.74237 0.74953 0.75522 0.75975 0.76732 0.77868 0.78958 0.79757 0.80528 0.81146 0.81576 0.81703 0.81377 0.80932 0.80293 0.80923 0.82505 0.84876 0.86748 0.88286 0.89354 0.89928 0.89942 0.8933 0.88041 0.8622 0.8387 0.81055 0.7796 0.74482 0.70826 0.6799 0.6756 0.68094 0.68562 0.69652 0.71157 0.72942 0.75128 0.77852 0.80578 0.83212 0.85716 0.88141 0.90399 0.9246 0.94403 0.96109 0.9756 0.98883 1.00005 1.00917 1.01616 1.02195 1.02685 1.03082 1.03524 1.0395 1.04378 1.0473 1.05011 1.05227 1.05381 1.0548 1.05531 1.05534 1.05502
0.75997 0.76837 0.77427 0.77962 0.78793 0.79798 0.80637 0.81273 0.81767 0.82173 0.82298 0.82048 0.8165 0.80765 0.79573 0.79178 0.79328 0.80619 0.82286 0.83524 0.84342 0.84656 0.84417 0.83496 0.81969 0.79946 0.77419 0.74406 0.70932 0.67096 0.63737 0.62265 0.62532 0.6331 0.64276 0.65471 0.67228 0.69718 0.72366 0.75049 0.7765 0.80145 0.82507 0.84711 0.86731 0.88538 0.90128 0.91576 0.92854 0.93957 0.94874 0.95633 0.96239 0.96691 0.97185 0.97668 0.98118 0.98361 0.98432 0.98425 0.98296 0.97894 0.97628 0.97565 0.97456 -9999.0 -9999.0
0.78675 0.79378 0.7985 0.80334 0.8093 0.81654 0.82111 0.82459 0.82597 0.82593 0.82483 0.8218 0.81454 0.80447 0.79104 0.77224 0.76398 0.76059 0.75989 0.77005 0.77567 0.77643 0.77112 0.75956 0.74284 0.72068 0.69267 0.66293 0.63143 0.59978 0.57358 0.57228 0.57807 0.58636 0.60055 0.61773 0.63829 0.66109 0.68686 0.71254 0.73762 0.7615 0.784 0.80491 0.82401 0.84106 0.85583 0.86812 0.8778 0.88587 0.89339 0.90578 0.91567 0.92439 0.93095 0.93735 0.94395 0.94824 0.94866 0.94494 0.93929 0.93614 0.93032 -9999.0 -9999.0 -9999.0 -9999.0
0.81536 0.82089 0.8242 0.82734 0.83236 0.83497 0.83667 0.8349 0.83084 0.82565 0.82189 0.81751 0.81067 0.79949 0.78327 0.76455 0.74257 0.7206 0.71177 0.69979 0.6973 0.69618 0.68866 0.67478 0.65835 0.63906 0.61752 0.59319 0.56565 0.53807 0.52655 0.5289 0.53947 0.54663 0.55862 0.57789 0.59977 0.62289 0.64642 0.66896 0.69118 0.7126 0.73361 0.75363 0.77356 0.79615 0.81606 0.83308 0.84726 0.85864 0.86677 0.8726 0.88229 0.89393 0.90628 0.9155 0.92125 0.9244 0.92597 0.92367 0.91921 0.91407 -9999.0 -9999.0 -9999.0 -9999.0 -9999.0
0.84517 0.84994 0.85386 0.85873 0.86114 0.86002 0.85553 0.84808 0.83871 0.83111 0.82626 0.81921 0.80707 0.79357 0.77871 0.75858 0.73331 0.70639 0.67591 0.65297 0.63608 0.61402 0.60618 0.59981 0.58981 0.57372 0.55635 0.53669 0.51453 0.49153 0.49536 0.50577 0.51077 0.51543 0.52121 0.53868 0.56057 0.58334 0.60783 0.63515 0.66225 0.68726 0.71001 0.73119 0.75328 0.778 0.80451 0.82752 0.84673 0.86214 0.87393 0.88153 0.885 0.88497 0.89139 0.90108 0.90747 0.90996 0.9083 0.9056 -9999.0 -9999.0 -9999.0 -9999.0 -9999.0 -9999.0 -9999.0
0.8899 0.89044 0.89279 0.89532 0.89378 0.88787 0.87835 0.86642 0.85562 0.84876 0.83999 0.82696 0.81242 0.79618 0.77529 0.75372 0.72784 0.69778 0.66491 0.63196 0.5961 0.57463 0.5554 0.53695 0.53046 0.52145 0.50785 0.48739 0.46637 0.46081 0.47264 0.48265 0.48739 0.48952 0.49061 0.50892 0.53914 0.56882 0.59639 0.62492 0.65696 0.68774 0.71551 0.74009 0.76506 0.79075 0.8172 0.84137 0.86091 0.8759 0.88661 0.89319 0.89568 0.89433 0.89125 0.89449 0.89906 0.90151 0.90104 -9999.0 -9999.0 -9999.0 -9999.0 -9999.0 -9999.0 -9999.0 -9999.0
0.95067 0.94529 0.94111 0.93493 0.92561 0.91428 0.90189 0.88792 0.87618 0.86766 0.85822 0.84548 0.82922 0.80891 0.78699 0.76058 0.72945 0.69996 0.6669 0.63159 0.59584 0.56004 0.53034 0.51159 0.4907 0.47406 0.46184 0.44959 0.4324 0.43973 0.45238 0.45824 0.46435 0.46705 0.48184 0.5008 0.5335 0.56917 0.60284 0.63443 0.66621 0.69689 0.72456 0.75019 0.77678 0.80377 0.82863 0.84995 0.86831 0.88267 0.89251 0.89826 0.9 0.89791 0.89215 0.89184 0.89472 0.89559 0.89459 0.89106 -9999.0 -9999.0 -9999.0 -9999.0 -9999.0 -9999.0 -9999.0
1.0303 1.01733 1.00194 0.98329 0.96528 0.94805 0.92994 0.91712 0.90716 0.89975 0.88891 0.87352 0.85732 0.83674 0.81042 0.77962 0.74927 0.71558 0.67881 0.6416 0.60444 0.57075 0.53764 0.50484 0.47974 0.46046 0.4431 0.42566 0.40604 0.41906 0.43481 0.44568 0.4521 0.45966 0.47698 0.50688 0.54072 0.57424 0.60604 0.63672 0.66827 0.69888 0.72677 0.75492 0.78292 0.81138 0.83615 0.85696 0.87278 0.88368 0.89184 0.89699 0.8982 0.89551 0.88936 0.88475 0.88721 0.88877 0.88805 0.88483 -9999.0 -9999.0 -9999.0 -9999.0 -9999.0 -9999.0 -9999.0
1.11829 1.09875 1.07431 1.04849 1.02135 0.99418 0.97313 0.95786 0.95033 0.93983 0.92489 0.90833 0.88707 0.86075 0.83413 0.80334 0.76967 0.73299 0.69505 0.65718 0.62092 0.58598 0.55384 0.52398 0.4951 0.47149 0.44947 0.42926 0.40921 0.41555 0.42939 0.44197 0.45167 0.46062 0.4788 0.50765 0.54202 0.5757 0.60661 0.63461 0.66378 0.69428 0.72294 0.75335 0.78377 0.81226 0.83694 0.85718 0.87282 0.88326 0.88859 0.89083 0.89072 0.88731 0.88103 0.87437 0.87516 0.87723 0.87752 0.87544 0.87106 -9999.0 -9999.0 -9999.0 -9999.0 -9999.0 -9999.0
1.20652 1.18251 1.15507 1.12555 1.09476 1.0627 1.03737 1.01771 0.99779 0.98078 0.96423 0.9431 0.91706 0.89063 0.85944 0.82455 0.78932 0.75259 0.71346 0.67366 0.6387 0.60603 0.57392 0.54511 0.51895 0.49274 0.46922 0.44785 0.42699 0.42275 0.43351 0.44483 0.45472 0.46642 0.48046 0.50636 0.53993 0.57393 0.60523 0.63369 0.65871 0.68657 0.71544 0.74637 0.77836 0.8068 0.83095 0.85075 0.86617 0.87679 0.88241 0.88371 0.88211 0.87793 0.87125 0.86265 0.86114 0.86318 0.86373 0.86553 0.8655 0.86312 0.85894 0.851 -9999.0 -9999.0 -9999.0
1.29909 1.27353 1.24568 1.21652 1.18613 1.15447 1.12153 1.0886 1.06227 1.03728 1.00935 0.97878 0.95044 0.91998 0.88535 0.84951 0.81163 0.7715 0.73122 0.6951 0.6603 0.6282 0.59834 0.56867 0.53905 0.51165 0.48664 0.4627 0.43997 0.42285 0.43604 0.45121 0.46675 0.48266 0.50059 0.51936 0.54798 0.58008 0.60955 0.63622 0.65943 0.67838 0.70812 0.73798 0.76786 0.79539 0.8191 0.83849 0.85362 0.86436 0.87024 0.87161 0.86989 0.87185 0.87278 0.87098 0.87251 0.88023 0.88625 0.89008 0.89472 0.89689 0.89577 0.89186 0.88346 -9999.0 -9999.0
1.4001 1.37339 1.34396 1.31247 1.2797 1.24563 1.21115 1.18027 1.14582 1.10857 1.06901 1.03202 0.99254 0.94969 0.91255 0.87454 0.83391 0.79225 0.75363 0.71889 0.68602 0.65297 0.61973 0.58652 0.55599 0.5265 0.49759 0.47226 0.45126 0.43649 0.44045 0.46583 0.48356 0.50157 0.51935 0.53638 0.55769 0.58655 0.61262 0.63574 0.65518 0.67137 0.6969 0.72838 0.75709 0.7816 0.80319 0.82113 0.83723 0.85608 0.87094 0.88118 0.88741 0.8908 0.8975 0.90244 0.90886 0.92098 0.9335 0.94374 0.95122 0.95568 0.9566 0.95334 0.94562 0.93366 -9999.0
1.49851 1.46911 1.43737 1.40423 1.36973 1.3342 1.29961 1.26416 1.2265 1.18508 1.14012 1.09001 1.03566 0.98633 0.93671 0.89547 0.85386 0.81496 0.77928 0.7436 0.70751 0.67143 0.63655 0.60282 0.56884 0.5348 0.50676 0.48783 0.47664 0.46825 0.45695 0.46421 0.49319 0.51172 0.5279 0.54124 0.55527 0.57899 0.60172 0.62123 0.63681 0.65605 0.68023 0.7125 0.74062 0.77097 0.79944 0.82451 0.84621 0.86709 0.89111 0.91074 0.92588 0.9374 0.94558 0.95049 0.95807 0.9703 0.98245 0.99296 1.00039 1.0044 1.00558 1.00488 1.00086 0.9934 0.98271
1.59432 1.56155 1.52703 1.4908 1.4525 1.41204 1.37068 1.32796 1.28449 1.23774 1.18845 1.13481 1.07584 1.01197 0.9613 0.91871 0.87782 0.83853 0.79985 0.7615 0.72425 0.68767 0.65052 0.61286 0.57521 0.55211 0.53692 0.52423 0.5119 0.49747 0.47778 0.46349 0.48952 0.50958 0.52373 0.5345 0.54383 0.55889 0.57731 0.59294 0.60443 0.63288 0.66738 0.7059 0.74099 0.77268 0.80736 0.84059 0.87091 0.89857 0.9231 0.94367 0.95971 0.97193 0.98103 0.98826 0.99947 1.01435 1.02925 1.04118 1.04961 1.05403 1.05437 1.05205 1.04855 1.04269 1.03673
1.67685 1.63898 1.59859 1.55604 1.51128 1.46429 1.41585 1.37103 1.32291 1.27192 1.21619 1.15431 1.09013 1.02978 0.98655 0.94174 0.89772 0.85546 0.816 0.77703 0.73747 0.69734 0.65674 0.62402 0.60759 0.59231 0.57775 0.56404 0.54786 0.52784 0.5045 0.48606 0.48922 0.50169 0.51081 0.51694 0.52224 0.53487 0.55238 0.56793 0.59379 0.62056 0.66517 0.70939 0.75126 0.79193 0.82977 0.86424 0.89495 0.92191 0.9457 0.96657 0.98328 0.99604 1.0057 1.01502 1.02761 1.04644 1.06304 1.07701 1.08785 1.09504 1.09822 1.09788 1.09641 1.09316 1.08756
1.73049 1.68783 1.64172 1.59324 1.54261 1.49017 1.44235 1.39322 1.34042 1.28291 1.21943 1.15346 1.0914 1.04925 1.00549 0.95903 0.91262 0.87091 0.82832 0.78579 0.74305 0.70139 0.68009 0.66481 0.6485 0.63373 0.61791 0.59909 0.5768 0.55126 0.52714 0.50315 0.48285 0.48533 0.4898 0.4988 0.50775 0.51737 0.53365 0.55973 0.59155 0.63524 0.68198 0.72677 0.76899 0.80927 0.84836 0.88434 0.91648 0.9441 0.9672 0.98671 1.00382 1.01796 1.02878 1.0394 1.05561 1.07388 1.0905 1.10394 1.11474 1.12287 1.12881 1.13274 1.13517 1.13755 1.13827
