data/pm10_aspect_sharpnack_modal.asc
ncols	541
nrows	200
xllcorner	12.09692
yllcorner	48.55814
cellsize	0.0125
NODATA_value	-9999.0
[rows 135 to 161 of 200, columns 360 to 419 of 541]
212.68688 212.43593 212.12653 211.71056 211.26365 210.82133 210.42083 210.13665 210.38244 211.58852 214.50831 220.45447 233.25263 257.09283 268.09075 207.25524 184.47501 181.12321 180.49525 180.30674 180.25804 180.29586 180.3606 180.45342 180.67516 181.01377 181.52256 182.23417 183.15377 184.18223 185.03193 185.9309 187.11577 188.32013 189.51991 190.74603 191.99165 193.18741 194.21186 194.99337 195.51648 195.83619 196.02298 196.18512 196.35357 196.48363 196.23726 195.47752 194.50865 193.44295 192.22026 190.83255 189.35833 187.80103 186.1744 184.38964 182.54472 181.02752 180.11595 180.12913
203.58029 203.0864 202.42406 201.5715 200.47429 199.11981 197.5585 195.97141 194.27832 192.51819 190.63603 188.82032 187.00118 185.19465 183.36634 224.99974 187.90703 184.79988 183.08387 181.78669 181.0344 180.51988 180.24716 180.06954 180.00021 180.07183 180.35545 180.886 181.71049 182.78593 183.88315 185.16944 186.83846 188.59171 190.33121 192.04378 193.7512 195.42481 196.97122 198.25694 199.23383 199.92711 200.38147 200.68685 200.94067 201.16642 201.10912 200.39178 199.21435 197.94181 196.47218 194.73325 192.80696 190.80276 188.84725 186.76455 184.50996 182.43528 180.77313 180.00021
196.65552 196.22981 195.59841 194.63527 193.37247 191.79856 189.99661 188.04282 185.96929 184.02467 182.29663 180.82011 180.00021 181.01836 189.28327 235.22188 269.99985 245.77233 214.6951 198.48669 190.36215 185.99736 183.63276 182.12417 181.03784 180.35373 180.02428 180.10105 180.64593 181.65148 182.96699 184.73972 187.09916 189.70784 192.32969 194.89253 197.31958 199.60797 201.73766 203.58201 205.04076 206.13912 206.89829 207.39275 207.6947 207.91701 207.98347 207.35608 206.03198 204.48728 202.68877 200.56825 198.14292 195.73822 193.5203 190.93511 187.94656 184.99698 182.33215 180.4666
191.54187 191.374 190.99986 190.24699 189.05466 187.5094 185.69656 183.9244 182.2823 180.96622 180.13944 180.11767 181.3564 185.4181 196.49739 223.91112 258.31036 269.99985 262.68318 243.19574 221.1277 204.75313 195.05353 189.32052 185.51207 182.88849 181.1593 180.21163 180.03459 180.71698 182.21126 184.67154 188.16314 192.21739 196.36962 200.33849 203.97277 207.17503 209.96934 212.37061 214.26996 215.69548 216.71248 217.39316 217.79938 218.01653 218.06294 217.56218 216.22547 214.4831 212.41072 209.92351 207.21112 204.91012 202.561 199.14216 194.89769 190.42174 185.99049 182.06515
187.66811 187.9437 188.03136 187.60222 186.52219 185.02505 183.38124 181.88983 180.73646 180.07584 180.11824 181.16561 183.76741 189.20936 199.85033 219.25355 244.72955 263.17306 269.76494 267.55217 257.92591 241.98279 223.95295 209.09673 198.39216 190.93454 185.79052 182.36366 180.4242 180.0747 181.57298 185.30867 191.05085 197.78081 204.49358 210.53371 215.65251 219.81218 223.07747 225.63687 227.56831 228.93081 229.87848 230.49498 230.89605 231.12237 231.15045 230.81125 229.6619 228.00376 226.01961 223.63668 221.77972 220.56276 218.48521 214.27512 208.89046 202.3364 194.46396 186.57318
184.5684 185.43357 186.22597 186.24373 185.25996 183.70496 182.10067 180.84361 180.11939 180.06725 180.84361 182.7252 186.23342 192.19963 202.11237 217.24762 236.17987 253.30844 264.25308 269.32089 269.61826 265.80637 257.76262 245.64571 230.69724 215.193 201.65515 191.35509 184.37818 180.53535 181.02409 188.43816 199.91049 211.73348 221.75738 229.1302 234.36531 238.05573 240.6667 242.46694 243.66041 244.38634 244.76507 244.96732 245.06931 245.11973 245.12202 244.99769 244.33822 243.12297 241.80861 240.95089 241.17377 241.51468 240.57503 237.83801 233.4927 226.24134 215.04919 199.78101
181.91676 183.39842 185.49717 186.18013 184.89098 182.93433 181.28192 180.27351 180.00995 180.54681 182.00384 184.63945 188.86043 195.24318 204.5314 216.97146 231.46901 245.33574 256.25803 263.62226 267.91486 269.77754 269.73915 267.93949 264.20094 258.11155 248.27386 232.5456 210.37099 188.73152 181.20285 207.30222 232.73124 245.10311 250.98223 253.94786 255.60486 256.6528 257.37301 257.85085 258.08748 258.10238 257.88752 257.60677 257.3455 257.12721 256.99371 256.96678 256.84818 256.47289 256.31361 257.03611 258.3837 259.3606 259.50097 259.06781 257.93221 255.61116 250.80118 240.85177
180.0959 181.42516 186.25863 187.50137 184.66294 182.11614 180.58291 180.00594 180.32966 181.55522 183.79376 187.26302 192.24604 199.09059 207.93362 218.52475 229.82921 240.41804 249.26852 256.04546 260.8967 264.18777 266.3375 267.71948 268.5898 269.02009 269.0728 268.61329 266.53918 255.80597 195.819 266.63716 269.7254 269.95516 269.49335 268.90607 268.32337 267.81631 267.44388 267.16256 266.95114 266.73915 266.42631 266.03326 265.65225 265.35545 265.12283 265.00538 265.07929 265.39327 266.04644 266.95 267.7613 268.34171 268.65454 268.85164 269.10775 269.46184 269.99985 269.99985
180.18757 180.20877 184.45381 185.57967 182.78937 180.87111 180.04605 180.23226 181.37989 183.54166 186.81841 191.37514 197.35167 204.73079 213.24093 222.24668 230.88803 238.47628 244.64819 249.32868 252.57849 254.47785 255.13618 254.52655 252.26451 247.39093 237.97552 221.6445 201.49071 185.81115 180.63619 199.61428 230.56202 252.33499 262.44597 266.88181 268.82242 269.64232 269.94656 269.99985 269.95917 269.91161 269.83369 269.71967 269.56555 269.39194 269.25443 269.16047 269.2338 269.47846 269.82223 269.99985 269.94198 269.85833 269.55008 269.04702 267.8547 265.3778 260.21774 246.80136
180.00938 180.10277 181.31228 181.68814 180.66026 180.02542 180.29586 181.60106 184.0092 187.59649 192.44027 198.5417 205.70997 213.53085 221.35631 228.52229 234.60538 239.36781 242.80326 244.88367 245.53283 244.68772 242.10769 237.41803 229.98047 219.61681 207.15612 195.01514 186.03403 180.90319 180.6637 187.6343 202.41661 222.20944 240.30345 252.55672 259.80464 263.94827 266.3375 267.72005 268.50214 268.95076 269.19083 269.39481 269.55122 269.73171 269.84171 269.86578 269.82281 269.62571 269.18682 268.47406 267.52238 266.34323 264.62837 261.8077 256.9387 248.73853 234.86608 215.11221
180.21794 180.21794 180.46087 180.24028 180.01052 180.67172 182.52524 185.75786 190.43377 196.50827 203.78025 211.75239 219.67697 226.87503 232.86588 237.49194 240.78416 242.80785 243.59566 243.05823 241.03511 237.29026 231.66725 223.90941 214.28142 203.96016 194.50922 187.13869 182.47252 180.19444 180.65969 184.73055 192.92843 205.31807 220.32613 234.73773 245.97802 253.623 258.60257 261.8415 263.94884 265.23857 266.01092 266.42173 266.73456 267.09152 267.36367 267.46795 267.33617 266.90473 266.11749 264.72692 262.62244 259.62702 255.65757 250.00018 241.69917 229.61778 214.59254 199.82054
181.47443 180.63046 180.21049 180.06667 181.71106 184.98265 190.30543 198.25522 207.51364 217.31237 226.4562 234.09373 239.93045 244.08268 246.80136 248.31569 248.80729 248.28418 246.66271 243.69077 239.19878 232.93578 224.89317 215.41702 205.4636 196.34097 189.07414 184.1341 181.28364 180.04605 180.67974 183.60354 189.14748 197.54704 208.5209 220.87101 232.65847 242.26354 249.2519 254.15413 257.58099 259.93814 261.42153 262.22997 262.62932 262.7886 262.81381 262.77084 262.56859 262.25976 261.44559 259.78401 256.83729 252.33957 246.00896 237.84374 227.77229 215.88227 203.68228 193.37133
183.48551 181.00575 180.09647 181.62455 192.53825 207.39905 223.04882 237.06051 246.12584 252.10867 255.95608 258.27828 259.52503 259.95074 259.68661 258.80024 257.24466 254.8497 251.33861 246.37393 239.73908 231.22264 221.1953 210.53542 200.52872 192.28786 186.30217 182.6828 180.76053 180.00021 180.71182 183.12741 187.42059 193.78787 202.19144 212.19757 222.76349 232.59201 240.58305 246.56874 250.9152 254.08136 256.31475 257.73913 258.39631 258.38027 257.92992 257.37186 256.92151 256.56055 255.83404 254.13579 250.89343 245.73852 238.49233 229.16572 218.50584 207.84367 198.15782 190.35356
189.64195 180.29815 184.37303 243.12469 266.77009 268.67403 269.24985 269.62685 269.74775 269.80963 269.80046 269.67727 269.38621 268.83216 267.89767 266.43777 264.29376 261.19979 256.72155 250.45855 242.12144 231.58819 219.62024 207.76403 197.60319 189.87858 184.6956 181.87493 180.43795 180.00021 180.81668 182.99105 186.67173 191.963 198.9124 207.27873 216.49304 225.66437 233.821 240.3023 245.15926 248.84739 251.6503 253.55711 254.49389 254.54374 253.93526 252.97785 251.96543 251.01432 250.06436 248.43658 245.23661 240.02614 232.98162 223.97186 213.85973 203.92521 195.45976 188.92517
234.63059 269.99985 248.8938 237.89645 246.73146 253.16979 256.36517 257.72079 258.64039 260.01663 262.14861 264.70801 267.11959 268.9393 269.88755 269.84687 268.67574 266.14843 261.81629 255.21181 245.71274 233.35461 219.44549 206.21418 195.6517 188.19122 183.67172 181.33062 180.2145 180.07584 181.03383 183.13601 186.52563 191.29436 197.44162 204.82705 213.02493 221.34771 229.21442 235.96558 241.25055 245.28875 248.23949 250.12853 251.10084 251.30825 250.89572 250.02711 248.72593 247.1119 245.44689 243.45128 240.35673 235.52441 228.91075 220.85669 211.79708 202.74205 194.75846 188.64844
180.92554 195.88833 213.87863 219.13724 225.07251 229.54158 231.01695 229.79425 228.07366 229.37027 235.28663 244.07981 253.08728 260.53745 265.78918 268.87399 269.99985 269.07911 265.90206 259.77198 249.96695 236.14778 220.05856 205.23671 194.08752 186.85336 182.90282 180.91351 180.06782 180.2546 181.4349 183.61787 186.93243 191.48802 197.21014 203.96589 211.54841 219.38877 227.08015 233.99346 239.56777 243.58478 246.12011 247.71179 248.61248 248.92703 248.71103 248.05958 246.89533 245.25953 243.09833 240.46903 237.10405 232.46023 226.28202 218.97796 210.95598 202.89446 195.39673 189.28041
180.87168 187.81765 198.38471 207.83794 215.41359 220.02704 219.96516 213.41797 203.81692 202.02356 209.53218 220.89679 234.37333 247.27634 257.48531 264.52982 268.60412 269.99985 268.58063 263.72653 254.29622 239.52079 221.17697 204.42311 192.552 185.63239 182.22271 180.57317 180.00021 180.65567 182.2548 184.62914 187.98782 192.40246 197.98421 204.67006 212.18955 219.96173 227.44971 234.14472 239.45547 243.07656 245.30938 246.65067 247.38005 247.64762 247.52673 246.92455 245.9127 244.48547 242.52309 239.7918 236.24175 231.53032 225.46728 218.45198 211.1038 203.68457 196.70651 190.6704
181.39193 185.96069 193.44925 202.97066 213.20254 222.27762 227.72817 222.84657 207.19909 199.37936 203.56768 212.43478 224.24287 237.19744 249.19231 258.79279 265.44713 269.19312 269.84343 266.82509 258.57908 243.43523 222.53603 203.26344 190.81708 184.4372 181.57928 180.19101 180.17267 181.38963 183.54166 186.38296 190.01093 194.65876 200.42673 207.26212 214.90824 222.66036 229.83092 235.7788 240.33725 243.60941 245.6755 246.82141 247.3577 247.52214 247.32676 246.78303 245.82791 244.51068 242.73737 240.43695 237.32808 233.02402 227.1386 219.97089 212.50067 205.28541 198.53769 192.53252
180.9794 184.53689 190.7976 200.17749 213.01461 228.87523 245.38845 252.26337 244.9444 225.64604 217.70886 219.28965 225.46441 234.1304 243.86438 253.28667 261.18375 266.84113 269.7764 269.05848 262.74964 247.73356 223.26425 200.92979 188.45879 183.17325 180.79548 180.00021 180.6276 182.55618 185.63468 189.44026 193.86178 199.00236 205.12728 212.16262 219.8437 227.28756 233.56432 238.50436 242.25609 245.06988 246.95148 247.93524 248.33632 248.38502 248.16214 247.66767 246.79391 245.48929 243.75208 241.66021 239.09336 235.76161 230.9184 224.13458 216.19739 208.38511 201.32513 195.08218
180.68375 183.34686 188.34591 196.41316 208.62461 225.33664 242.77748 253.01509 254.19538 246.84491 236.26581 230.50128 230.2108 233.70297 239.81128 247.36458 255.33958 262.65224 268.0134 269.99985 265.78288 250.9066 222.58072 197.39005 186.06783 181.95629 180.14975 180.26033 181.87378 184.88067 189.17556 194.46396 200.27089 206.44508 213.21973 220.31066 227.25433 233.31623 238.31185 242.2177 245.13176 247.23394 248.71447 249.61458 250.01909 250.0168 249.77902 249.29774 248.51107 247.39838 245.81988 243.80422 241.43962 238.7301 235.27116 230.05266 222.72625 214.23043 206.09844 198.94678
180.46889 182.33272 185.86959 191.58943 200.13452 211.60743 224.16666 233.85653 238.08037 237.11608 233.27325 229.78566 228.46499 229.99135 233.98028 240.1264 247.66366 255.9154 263.71508 269.03442 269.13182 257.33519 224.99974 195.2025 184.69274 180.97653 180.00021 181.53631 184.77925 189.34916 195.57492 202.86925 210.4724 218.05951 225.07767 231.1344 236.3317 240.62774 243.99673 246.60656 248.51107 249.81168 250.77941 251.54602 252.00726 252.14534 251.92303 251.48357 250.82925 249.91023 248.67035 246.98471 244.8533 242.38901 239.6434 236.10367 230.71328 223.12904 214.26194 205.70883
180.2844 181.50996 183.79835 187.33865 192.33026 198.78922 206.12651 212.94242 217.80168 220.12788 220.51635 220.1084 220.12273 221.13171 223.64012 227.71614 233.57291 240.76067 249.31206 258.79394 266.86348 268.69809 245.55632 197.81863 183.36634 180.00021 181.63658 186.33999 192.19161 199.35874 207.46552 216.3011 224.86911 232.17891 237.42319 241.66479 245.44746 248.43143 250.3388 251.40851 251.95741 252.34702 252.8581 253.44882 253.99886 254.30195 254.2544 253.9599 253.46028 252.82028 251.88579 250.65909 249.09835 247.11076 244.79486 242.16728 238.67739 233.45374 226.09696 217.2333
180.13199 180.86939 182.27027 184.35813 187.14385 190.56613 194.44562 198.38528 201.84022 204.3217 205.8091 206.46399 206.78771 207.16185 207.82132 209.02625 210.79841 213.46553 217.03047 221.74305 229.39891 242.10253 260.53745 224.99974 180.00021 185.71031 196.9907 205.70997 213.87061 221.27609 228.33608 234.55783 239.21597 243.07484 246.21809 249.16825 252.34988 255.00612 256.20933 255.87243 254.98148 254.51509 254.62968 255.1018 255.70684 256.19558 256.46716 256.46372 256.22136 255.84665 255.33843 254.68813 253.85562 252.85065 251.61191 250.18181 248.56321 246.21924 242.43428 236.75168
180.02943 180.40529 181.19941 182.36137 183.83043 185.50634 187.27964 189.04435 190.67098 192.02316 192.98916 193.55582 193.836 193.95288 193.88928 193.71453 193.54608 192.99489 192.22942 190.41601 188.12991 183.73131 180.00021 180.00021 236.30993 269.99985 260.13409 254.98148 251.56493 250.71008 249.79335 248.94308 248.82104 249.37337 250.46715 251.78151 253.77827 256.24657 257.77408 257.39707 256.4133 256.05807 256.19214 256.71582 257.47098 258.29833 259.03286 259.58863 259.92725 260.14612 260.29566 260.42286 260.52599 260.61022 260.63371 260.64001 260.63314 260.51396 260.05044 258.84207
180.00021 180.12397 180.51301 181.11977 181.85889 182.65587 183.42593 184.11806 184.6956 185.1448 185.46451 185.63869 185.66103 185.51837 185.22616 184.75748 184.16963 183.35946 182.27829 181.22749 180.28669 180.00021 181.18108 184.39881 197.103 230.19418 258.95895 269.09057 269.99985 267.03193 263.59246 260.31686 257.75001 255.86613 254.54546 253.44538 252.45989 253.41272 255.6146 257.17304 258.11327 258.88905 259.61155 260.35983 261.22042 262.19674 263.20285 264.13792 264.92803 265.54969 266.05733 266.54549 267.03365 267.48686 267.94751 268.37838 268.72788 269.08254 269.44351 269.628
180.02771 180.01454 180.1784 180.47004 180.83959 181.23264 181.58329 181.84743 182.00098 182.08864 182.09609 182.00442 181.86748 181.69674 181.44636 181.13753 180.7674 180.39956 180.08214 180.00021 180.2569 180.95992 182.0027 184.32089 189.68091 200.65878 220.42582 245.07848 262.21622 268.79377 269.99985 268.92899 266.85947 264.7739 262.54395 260.34322 258.18145 257.70647 259.01797 260.9156 262.55655 263.7655 264.68681 265.40759 266.12895 266.79816 267.49201 268.18014 268.76627 269.21776 269.54206 269.77926 269.9225 269.99985 269.91276 269.67269 269.19141 268.40588 267.0411 264.95152
180.08959 180.00021 180.0323 180.15434 180.32393 180.50384 180.66427 180.78287 180.82756 180.81324 180.73703 180.63619 180.50499 180.35774 180.21851 180.09475 180.03688 180.00021 180.15147 180.47634 181.04414 181.62054 182.55102 184.5197 188.07147 194.50292 206.06693 224.26521 244.11304 258.14421 265.65454 269.00978 269.99985 269.70821 268.77773 267.53728 266.48819 266.02982 266.26015 266.85488 267.50576 268.09419 268.55657 268.95592 269.30657 269.58274 269.79015 269.9649 269.99985 269.89041 269.5856 269.13354 268.4202 267.43529 265.97826 263.98035 261.14479 257.12663 251.50305 243.71598
