data/pm10_aspect_horn_max.asc
ncols	541
nrows	200
xllcorner	12.09692
yllcorner	48.55814
cellsize	0.0125
NODATA_value	-9999.0
[rows 108 to 134 of 200, columns 480 to 539 of 541]
258.71659 261.49486 263.57184 265.13716 266.1914 266.90072 267.39404 267.77448 268.07185 268.29301 268.45 268.55771 268.62819 268.66314 268.68262 268.69694 268.78174 268.84133 268.79091 268.56115 267.98762 266.73915 264.61004 261.76186 258.37511 254.63026 250.42016 245.45835 239.81872 233.79178 228.08168 223.7994 222.02151 223.47854 227.65483 234.6071 242.92587 250.63617 256.92553 261.3734 264.22329 265.9668 -9999.0 -9999.0 -9999.0 -9999.0 -9999.0 -9999.0 -9999.0 -9999.0 -9999.0 -9999.0 -9999.0 -9999.0 -9999.0 -9999.0 -9999.0 -9999.0 -9999.0 -9999.0
244.38119 244.05002 246.67932 250.01909 252.69251 254.95856 256.80005 258.36766 259.51472 260.32145 260.85773 261.1912 261.42038 261.598 261.7504 261.80369 262.21393 262.98627 263.74258 264.25423 263.69388 261.31954 257.2269 252.45073 247.4849 242.3913 236.91784 231.18654 225.74745 221.14374 218.96535 219.32001 222.13553 227.96194 236.73793 246.47592 254.56379 260.72366 264.83177 267.28575 268.61386 269.21146 269.34553 269.23323 269.36329 269.83426 269.99985 269.99985 -9999.0 -9999.0 -9999.0 -9999.0 -9999.0 -9999.0 -9999.0 -9999.0 -9999.0 -9999.0 -9999.0 -9999.0
236.49213 229.73123 226.1554 225.76235 227.37122 229.85212 232.42127 234.9778 237.04217 238.63156 239.80096 240.64321 241.18752 241.34279 241.24539 240.77957 241.12106 242.78607 244.3852 245.98776 247.25113 245.77405 240.90964 235.35252 229.86931 224.63248 219.88896 215.99227 213.60075 213.2713 216.25526 220.90252 228.9056 239.44974 249.4215 257.42973 263.098 266.75519 268.82758 269.78556 269.99985 269.99985 269.99985 269.99985 269.99985 269.99985 269.99985 269.99985 269.99985 -9999.0 -9999.0 -9999.0 -9999.0 -9999.0 -9999.0 -9999.0 -9999.0 -9999.0 -9999.0 -9999.0
233.11225 222.43977 215.38093 210.22144 207.38931 206.56311 206.92293 207.77319 208.70941 209.63875 210.38302 210.78409 210.79154 210.35036 209.56713 208.38053 209.19127 209.78084 210.19108 211.3771 214.67218 216.88953 215.44338 213.03753 210.29364 207.76345 206.42044 206.77109 209.36659 214.09177 222.25012 232.46939 243.28283 252.81398 259.87397 264.71947 267.74641 269.39137 269.98667 269.99985 269.99985 269.99985 269.99985 269.99985 269.99985 269.99985 269.85317 269.44122 269.92479 269.99985 -9999.0 -9999.0 -9999.0 269.99985 269.99985 269.99985 -9999.0 -9999.0 -9999.0 -9999.0
240.30001 226.32729 214.91569 206.14141 200.83926 197.476 195.14578 193.53577 192.89291 192.76686 192.78806 192.6643 192.39443 191.90284 191.30467 191.76876 192.20307 192.53023 192.87285 193.70765 195.29188 196.84402 197.48574 198.43742 199.671 201.79724 205.07915 210.32515 217.89736 227.84563 239.3002 249.37222 257.04699 262.58635 266.24354 268.47922 269.65378 269.99985 269.99985 269.99985 269.99985 269.99985 269.99985 269.99985 269.99985 269.99985 268.47234 266.9964 268.31077 269.70306 269.99985 269.99985 269.99985 269.99985 269.99985 269.99985 -9999.0 -9999.0 -9999.0 -9999.0
255.02044 243.49081 229.93348 216.95255 207.2816 200.58372 196.0522 192.99547 191.58141 190.56784 189.68434 188.87361 188.1259 187.93911 188.08235 188.1958 188.39633 188.7785 189.38297 190.38679 191.82893 193.72026 195.89406 199.00121 203.43648 210.52397 218.78201 228.50223 239.15639 248.8938 256.48607 261.87817 265.52333 267.85985 269.23266 269.88411 269.99985 269.99985 269.99985 269.99985 269.99985 269.99985 269.99985 269.99985 269.99985 269.99985 269.44179 268.33426 267.81115 268.47865 269.76837 269.99985 269.99985 269.99985 269.99985 269.99985 -9999.0 -9999.0 -9999.0 -9999.0
266.16447 261.1402 253.57773 243.66499 232.61034 222.14355 213.60705 207.24378 203.15172 200.476 198.93475 197.71435 196.72886 195.96282 195.42309 195.11541 195.12057 195.60128 196.64521 198.3933 201.03177 204.95825 210.41568 217.21669 225.151 234.67586 244.25743 252.49943 258.72175 263.14727 266.15702 268.10279 269.26532 269.84859 269.99985 269.99985 269.99985 269.99985 269.99985 269.99985 269.99985 269.99985 269.99985 269.99985 269.99985 269.99985 269.50653 268.41046 267.00271 267.91314 269.98438 269.99985 269.99985 269.99985 269.99985 269.99985 -9999.0 -9999.0 -9999.0 -9999.0
269.83942 268.68892 266.24468 262.33654 257.26013 251.89381 246.5103 241.49463 237.00951 233.11111 229.75071 226.98103 224.80322 223.1594 221.99515 221.37292 221.41876 222.16876 223.78164 226.3313 229.88822 234.60538 240.58076 247.25686 253.60925 258.8902 262.91924 265.81153 267.7699 269.00519 269.69446 269.97636 269.99985 269.99985 269.99985 269.99985 269.99985 269.99985 269.99985 269.99985 269.99985 269.99985 269.99985 269.99985 269.99985 269.94943 269.18453 267.50691 265.79606 268.36405 269.99985 269.99985 269.99985 269.99985 269.99985 269.99985 269.99985 -9999.0 -9999.0 -9999.0
269.99985 269.99985 269.92365 269.30772 268.14862 266.58502 264.78421 262.89345 261.01071 259.21621 257.59531 256.22308 255.12644 254.2968 253.73186 253.47231 253.55883 254.00287 254.92762 256.41788 258.42667 260.79127 263.22749 265.43968 267.23533 268.54511 269.39481 269.8526 269.99928 269.99985 269.99985 269.99985 269.99985 269.99985 269.99985 269.99985 269.99985 269.99985 269.99985 269.99985 269.99985 269.99985 269.99985 269.99985 269.99985 269.83656 268.6385 265.73189 262.44254 266.2613 269.97521 269.99985 269.99985 269.99985 269.99985 269.99985 269.99985 -9999.0 -9999.0 -9999.0
269.99985 269.99985 269.99985 269.99985 269.99985 269.93797 269.67727 269.29511 268.88086 268.51703 268.25519 268.09878 268.02143 267.99507 267.99851 268.02315 268.06669 268.13029 268.238 268.45573 268.8293 269.29855 269.71165 269.95229 269.99985 269.99985 269.99985 269.99985 269.99985 269.99985 269.99985 269.99985 269.99985 269.99985 269.99985 269.99985 269.99985 269.99985 269.99985 269.99985 269.99985 269.99985 269.99985 269.99985 269.99985 269.8165 268.25748 264.0027 257.46296 259.75594 265.48551 268.878 269.99985 269.99985 269.99985 269.99985 269.99985 -9999.0 -9999.0 -9999.0
269.99985 269.99985 269.99985 269.99985 269.99985 269.99985 269.99985 269.99985 269.99985 269.99985 269.99985 269.99985 269.99985 269.99985 269.99985 269.99985 269.99985 269.99985 269.99985 269.99985 269.99985 269.99985 269.99985 269.99985 269.99985 269.99985 269.99985 269.99985 269.99985 269.99985 269.99985 269.99985 269.99985 269.99985 269.99985 269.99985 269.99985 269.99985 269.99985 269.99985 269.99985 269.99985 269.99985 269.99985 269.99985 269.93339 268.52448 264.45935 257.49676 255.57564 258.38829 263.34666 268.41677 269.99985 269.99985 269.99985 269.99985 269.99985 -9999.0 -9999.0
269.99985 269.99985 269.99985 269.99985 269.99985 269.99985 269.99985 269.99985 269.99985 269.99985 269.99985 269.99985 269.99985 269.99985 269.99985 269.99985 269.99985 269.99985 269.99985 269.99985 269.99985 269.99985 269.99985 269.99985 269.99985 269.99985 269.99985 269.99985 269.99985 269.99985 269.99985 269.99985 269.99985 269.99985 269.99985 269.99985 269.99985 269.99985 269.99985 269.99985 269.99985 269.99985 269.99985 269.99985 269.99985 269.99985 269.35241 266.91161 262.78173 259.14688 260.06934 264.46622 268.87456 269.99985 269.99985 269.99985 269.99985 269.99985 -9999.0 -9999.0
269.99985 269.99985 269.99985 269.99985 269.99985 269.99985 269.99985 269.99985 269.99985 269.99985 269.99985 269.99985 269.99985 269.99985 269.99985 269.99985 269.99985 269.99985 269.99985 269.99985 269.99985 269.99985 269.99985 269.99985 269.99985 269.99985 269.99985 269.99985 269.99985 269.99985 269.99985 269.99985 269.99985 269.99985 269.99985 269.99985 269.99985 269.99985 269.99985 269.99985 269.99985 269.99985 269.99985 269.99985 269.99985 269.99985 269.9987 269.42059 267.90569 265.89002 265.20591 267.36482 269.77811 269.99985 269.99985 269.99985 269.99985 269.99985 -9999.0 -9999.0
269.99985 269.99985 269.99985 269.99985 269.99985 269.99985 269.99985 269.99985 269.99985 269.99985 269.99985 269.99985 269.99985 269.99985 269.99985 269.99985 269.99985 269.99985 269.99985 269.99985 269.99985 269.99985 269.99985 269.99985 269.99985 269.99985 269.99985 269.99985 269.99985 269.99985 269.99985 269.99985 269.99985 269.99985 269.99985 269.99985 269.99985 269.99985 269.99985 269.99985 269.99985 269.99985 269.99985 269.99985 269.99985 269.99985 269.99985 269.99985 269.98266 269.64462 269.17193 269.64404 269.99985 269.99985 269.99985 269.99985 269.99985 269.99985 269.99985 -9999.0
269.99985 269.99985 269.99985 269.99985 269.99985 269.99985 269.99985 269.99985 269.99985 269.99985 269.99985 269.99985 269.99985 269.99985 269.99985 269.99985 269.99985 269.99985 269.99985 269.99985 269.99985 269.99985 269.99985 269.99985 269.99985 269.99985 269.99985 269.99985 269.99985 269.99985 269.99985 269.99985 269.99985 269.99985 269.99985 269.99985 269.99985 269.99985 269.99985 269.99985 269.99985 269.99985 269.99985 269.99985 269.99985 269.99985 269.99985 269.99985 269.99985 269.99985 269.99985 269.99985 269.99985 269.99985 269.99985 269.99985 -9999.0 -9999.0 -9999.0 -9999.0
269.99985 269.99985 269.99985 269.99985 269.99985 269.99985 269.99985 269.99985 269.99985 269.99985 269.99985 269.99985 269.99985 269.99985 269.99985 269.99985 269.99985 269.99985 269.99985 269.99985 269.99985 269.99985 269.99985 269.99985 269.99985 269.99985 269.99985 269.99985 269.99985 269.99985 269.99985 269.99985 269.99985 269.99985 269.99985 -9999.0 -9999.0 -9999.0 -9999.0 -9999.0 -9999.0 269.99985 269.99985 269.99985 -9999.0 -9999.0 -9999.0 -9999.0 269.99985 269.99985 269.99985 269.99985 269.99985 -9999.0 -9999.0 -9999.0 -9999.0 -9999.0 -9999.0 -9999.0
269.99985 269.99985 269.99985 269.99985 269.99985 269.99985 269.99985 269.99985 269.99985 269.99985 269.99985 269.99985 269.99985 269.99985 269.99985 269.99985 269.99985 269.99985 269.99985 269.99985 269.99985 269.99985 269.99985 269.99985 269.99985 269.99985 269.99985 269.99985 269.99985 269.99985 269.99985 269.99985 269.99985 269.99985 -9999.0 -9999.0 -9999.0 -9999.0 -9999.0 -9999.0 -9999.0 -9999.0 -9999.0 -9999.0 -9999.0 -9999.0 -9999.0 -9999.0 -9999.0 -9999.0 -9999.0 -9999.0 -9999.0 -9999.0 -9999.0 -9999.0 -9999.0 -9999.0 -9999.0 -9999.0
269.99985 269.99985 269.99985 269.99985 269.99985 269.99985 269.99985 269.99985 269.99985 269.99985 269.99985 269.99985 269.99985 269.99985 269.99985 269.99985 269.99985 269.99985 269.99985 269.99985 269.99985 269.99985 269.99985 269.99985 269.99985 269.99985 269.99985 269.99985 269.99985 269.99985 269.99985 269.99985 269.99985 269.99985 -9999.0 -9999.0 -9999.0 -9999.0 -9999.0 -9999.0 -9999.0 -9999.0 -9999.0 -9999.0 -9999.0 -9999.0 -9999.0 -9999.0 -9999.0 -9999.0 -9999.0 -9999.0 -9999.0 -9999.0 -9999.0 -9999.0 -9999.0 -9999.0 -9999.0 -9999.0
269.99985 269.99985 269.99985 269.99985 269.99985 269.99985 269.99985 269.99985 269.99985 269.99985 269.99985 269.99985 269.99985 269.99985 269.99985 269.99985 269.99985 269.99985 269.99985 269.99985 269.99985 269.99985 269.99985 269.99985 269.99985 269.99985 269.99985 269.99985 269.99985 269.99985 269.99985 269.99985 269.99985 269.99985 -9999.0 -9999.0 -9999.0 -9999.0 -9999.0 -9999.0 -9999.0 -9999.0 -9999.0 -9999.0 -9999.0 -9999.0 -9999.0 -9999.0 -9999.0 -9999.0 -9999.0 -9999.0 -9999.0 -9999.0 -9999.0 -9999.0 -9999.0 -9999.0 -9999.0 -9999.0
269.99985 269.99985 269.99985 269.99985 269.99985 269.99985 269.99985 269.99985 269.99985 269.99985 269.99985 269.99985 269.99985 269.99985 269.99985 269.99985 269.99985 269.99985 269.99985 269.99985 269.99985 269.99985 269.99985 269.99985 269.99985 269.99985 269.99985 269.99985 269.99985 269.99985 269.99985 269.99985 269.99985 -9999.0 -9999.0 -9999.0 -9999.0 -9999.0 -9999.0 -9999.0 -9999.0 -9999.0 -9999.0 -9999.0 -9999.0 -9999.0 -9999.0 -9999.0 -9999.0 -9999.0 -9999.0 -9999.0 -9999.0 -9999.0 -9999.0 -9999.0 -9999.0 -9999.0 -9999.0 -9999.0
269.99985 269.99985 269.99985 269.99985 269.99985 269.99985 269.99985 269.99985 269.99985 269.99985 269.99985 269.99985 269.99985 269.99985 269.99985 269.99985 269.99985 269.99985 269.99985 269.99985 269.99985 269.99985 269.99985 269.99985 269.99985 269.99985 269.99985 269.99985 269.99985 269.99985 269.99985 269.99985 -9999.0 -9999.0 -9999.0 -9999.0 -9999.0 -9999.0 -9999.0 -9999.0 -9999.0 -9999.0 -9999.0 -9999.0 -9999.0 -9999.0 -9999.0 -9999.0 -9999.0 -9999.0 -9999.0 -9999.0 -9999.0 -9999.0 -9999.0 -9999.0 -9999.0 -9999.0 -9999.0 -9999.0
269.99985 269.99985 269.99985 269.99985 269.99985 269.99985 269.99985 269.99985 269.99985 269.99985 269.99985 269.99985 269.99985 269.99985 269.99985 269.99985 269.99985 269.99985 269.99985 269.99985 269.99985 269.99985 269.99985 269.99985 269.99985 269.99985 269.99985 269.99985 269.99985 269.99985 -9999.0 -9999.0 -9999.0 -9999.0 -9999.0 -9999.0 -9999.0 -9999.0 -9999.0 -9999.0 -9999.0 -9999.0 -9999.0 -9999.0 -9999.0 -9999.0 -9999.0 -9999.0 -9999.0 -9999.0 -9999.0 -9999.0 -9999.0 -9999.0 -9999.0 -9999.0 -9999.0 -9999.0 -9999.0 -9999.0
269.99985 269.99985 269.99985 269.99985 269.99985 269.99985 269.99985 269.99985 269.99985 269.99985 269.99985 269.99985 269.99985 269.99985 269.99985 269.99985 269.99985 269.99985 269.99985 269.99985 269.99985 269.99985 269.99985 269.99985 269.99985 269.99985 269.99985 269.99985 269.99985 -9999.0 -9999.0 -9999.0 -9999.0 -9999.0 -9999.0 -9999.0 -9999.0 -9999.0 -9999.0 -9999.0 -9999.0 -9999.0 -9999.0 -9999.0 -9999.0 -9999.0 -9999.0 -9999.0 -9999.0 -9999.0 -9999.0 -9999.0 -9999.0 -9999.0 -9999.0 -9999.0 -9999.0 -9999.0 -9999.0 -9999.0
269.99985 269.99985 269.99985 269.99985 269.99985 269.99985 269.99985 269.99985 269.99985 269.99985 269.99985 269.99985 269.99985 269.99985 269.99985 269.99985 269.99985 269.99985 269.99985 269.99985 269.99985 269.99985 269.99985 269.99985 269.99985 269.99985 269.99985 269.99985 -9999.0 -9999.0 -9999.0 -9999.0 -9999.0 -9999.0 -9999.0 -9999.0 -9999.0 -9999.0 -9999.0 -9999.0 -9999.0 -9999.0 -9999.0 -9999.0 -9999.0 -9999.0 -9999.0 -9999.0 -9999.0 -9999.0 -9999.0 -9999.0 -9999.0 -9999.0 -9999.0 -9999.0 -9999.0 -9999.0 -9999.0 -9999.0
269.99985 269.99985 269.99985 269.99985 269.99985 269.99985 269.99985 269.99985 269.99985 269.99985 269.99985 269.99985 269.99985 269.99985 269.99985 269.99985 269.99985 269.99985 269.99985 269.99985 269.99985 269.99985 269.99985 269.99985 -9999.0 -9999.0 -9999.0 -9999.0 -9999.0 -9999.0 -9999.0 -9999.0 -9999.0 -9999.0 -9999.0 -9999.0 -9999.0 -9999.0 -9999.0 -9999.0 -9999.0 -9999.0 -9999.0 -9999.0 -9999.0 -9999.0 -9999.0 -9999.0 -9999.0 -9999.0 -9999.0 -9999.0 -9999.0 -9999.0 -9999.0 -9999.0 -9999.0 -9999.0 -9999.0 -9999.0
269.99985 269.99985 269.99985 269.99985 269.99985 269.99985 269.99985 269.99985 269.99985 269.99985 269.99985 269.99985 269.99985 269.99985 269.99985 269.99985 269.99985 269.99985 269.99985 269.99985 269.99985 269.99985 269.99985 269.99985 -9999.0 -9999.0 -9999.0 -9999.0 -9999.0 -9999.0 -9999.0 -9999.0 -9999.0 -9999.0 -9999.0 -9999.0 -9999.0 -9999.0 -9999.0 -9999.0 -9999.0 -9999.0 -9999.0 -9999.0 -9999.0 -9999.0 -9999.0 -9999.0 -9999.0 -9999.0 -9999.0 -9999.0 -9999.0 -9999.0 -9999.0 -9999.0 -9999.0 -9999.0 -9999.0 -9999.0
269.99985 269.99985 269.99985 269.99985 269.99985 269.99985 269.99985 269.99985 269.99985 269.99985 269.99985 269.99985 269.99985 269.99985 269.99985 269.99985 269.99985 269.99985 269.99985 269.99985 269.99985 269.99985 269.99985 269.99985 -9999.0 -9999.0 -9999.0 -9999.0 -9999.0 -9999.0 -9999.0 -9999.0 -9999.0 -9999.0 -9999.0 -9999.0 -9999.0 -9999.0 -9999.0 -9999.0 -9999.0 -9999.0 -9999.0 -9999.0 -9999.0 -9999.0 -9999.0 -9999.0 -9999.0 -9999.0 -9999.0 -9999.0 -9999.0 -9999.0 -9999.0 -9999.0 -9999.0 -9999.0 -9999.0 -9999.0
