data/pm10_aspect_horn_modal.asc
ncols	541
nrows	200
xllcorner	12.09692
yllcorner	48.55814
cellsize	0.0125
NODATA_value	-9999.0
[rows 108 to 134 of 200, columns 120 to 179 of 541]
181.72023 180.84418 190.01265 196.7048 198.21339 198.02604 197.51553 197.06805 196.71683 196.13929 195.3721 194.72122 194.17347 193.73917 193.34612 193.02927 192.75998 192.53424 192.32453 192.13832 192.04722 192.16926 192.52908 193.02698 193.569 194.17003 194.86732 195.64826 196.57302 197.78597 199.30488 201.04266 203.48346 206.75562 209.9682 212.65651 215.02054 217.23903 219.35955 221.51387 223.68366 225.85975 228.03929 230.1873 232.22875 234.25244 236.23201 238.2408 240.21235 242.05269 243.83 245.26068 246.11324 246.09261 244.82236 243.9297 245.08421 246.41863 245.74597 243.43523
180.7336 180.48264 184.63372 189.74737 192.91182 194.38145 195.11598 195.51935 195.75483 195.56518 195.10567 194.69486 194.34994 194.03596 193.75063 193.50769 193.26762 193.05219 192.87572 192.77545 192.90551 193.27335 193.77412 194.30869 194.92404 195.69639 196.67959 197.99109 199.63146 201.51535 203.34939 204.9743 208.09405 212.70292 216.26271 218.54767 220.55989 222.54175 224.58664 226.66648 228.79444 230.78089 232.66305 234.45641 236.09221 237.88556 239.74367 241.61724 243.25991 244.49177 245.12088 245.06587 244.26774 242.51449 240.25532 240.25532 242.10253 242.36839 240.98985 238.8149
180.52561 180.12626 182.08692 185.08407 187.89614 190.11406 191.77106 192.97942 193.76781 193.96548 193.81709 193.60739 193.42175 193.21949 193.04531 192.87629 192.72331 192.58236 192.54226 192.72159 193.12094 193.64807 194.29551 195.08218 196.09861 197.44391 199.19831 201.42998 203.98938 206.42789 208.70196 211.35762 215.76939 220.57823 223.20467 224.5832 225.95945 227.4457 229.04941 230.68921 232.40465 234.19744 236.016 237.79045 239.54542 241.24883 242.75112 244.05632 244.79486 244.80288 244.20529 243.11037 241.38977 239.18217 237.74691 239.03606 240.39569 239.90581 238.3445 236.30993
180.52332 180.00021 180.88887 182.64327 184.72539 186.76627 188.59057 190.11865 191.18377 191.67308 191.80543 191.85872 191.88565 191.86101 191.84898 191.82663 191.81059 191.86674 192.13603 192.65112 193.34153 194.19008 195.28673 196.67729 198.41622 200.57799 203.17807 206.06406 208.80223 211.27511 213.87061 217.22929 221.41704 225.19913 227.52821 229.02019 230.27382 231.5349 232.80744 234.15103 235.54904 237.0118 238.48602 240.04275 241.5989 242.91327 243.84318 244.37259 244.18867 243.30116 242.04581 240.45585 238.4929 236.45031 236.35004 238.08152 238.50608 237.49252 236.30993 234.46214
180.56114 180.00021 180.35545 181.44292 182.95495 184.66638 186.32395 187.87437 189.06383 189.72273 190.12094 190.42518 190.64863 190.82052 190.9523 191.08064 191.32014 191.77449 192.48611 193.43836 194.63986 196.10319 197.87879 200.02108 202.54209 205.40688 208.36907 211.0763 213.50793 215.94243 218.71325 221.82384 225.02152 227.87427 230.07787 231.69132 232.95584 234.05534 235.09984 236.1432 237.20947 238.30153 239.3638 240.34012 241.207 241.8384 242.14092 242.13519 241.61896 240.61571 239.34202 237.68961 235.73182 234.55439 235.75072 237.33323 237.14416 236.47781 235.47857 234.35042
180.66427 180.03573 180.136 180.81037 181.9053 183.24544 184.71394 186.15091 187.33694 188.13335 188.7086 189.18587 189.59496 189.95421 190.35069 190.85662 191.61636 192.70784 194.05888 195.66774 197.5734 199.76324 202.30145 205.17941 208.30547 211.27798 213.7967 215.93211 218.0257 220.26769 222.62827 224.99974 227.29387 229.30724 230.99747 232.4035 233.56145 234.55897 235.48487 236.39416 237.3275 238.16803 238.85959 239.28415 239.44401 239.40849 239.25207 238.99137 238.49748 237.73259 236.78033 235.53644 234.30458 234.48563 236.52651 237.67414 237.49481 237.28568 236.96711 236.38499
180.82642 180.12683 180.03001 180.46202 181.23952 182.31152 183.55943 184.85488 185.97788 186.80122 187.47903 188.13277 188.77449 189.45631 190.34726 191.5075 192.99604 194.74242 196.74204 198.98975 201.5165 204.32112 207.35952 210.41338 213.08279 215.16435 216.85916 218.47719 220.1932 221.99114 223.84122 225.69531 227.43539 229.09295 230.60843 231.98525 233.232 234.38422 235.39778 236.25607 236.89091 237.23755 237.34698 237.29198 237.14588 236.97456 236.76944 236.50989 236.09221 235.3995 234.60366 233.73449 233.29216 235.01562 237.35386 238.28148 238.67625 238.84985 239.16441 239.19477
181.01721 180.23054 180.00021 180.21049 180.80178 181.6509 182.67822 183.82299 184.89728 185.78193 186.60813 187.5008 188.49145 189.67403 191.14711 192.91411 194.88451 197.06977 199.4378 202.05221 204.88663 207.79955 210.46782 212.6525 214.25449 215.61011 217.00125 218.45657 220.00756 221.6531 223.37541 225.1321 226.83264 228.48447 230.06641 231.48505 232.72322 233.7024 234.3825 234.80019 235.00015 235.01046 234.94171 234.88097 234.7893 234.6621 234.54923 234.35385 233.98315 233.37123 232.63269 231.90446 232.25683 234.61684 236.79064 237.7641 238.66307 239.4526 240.25532 241.23221
181.12034 180.3543 180.02428 180.07069 180.47405 181.15071 182.03249 183.1108 184.19025 185.1574 186.15664 187.29511 188.63067 190.22865 192.0329 194.02622 196.19372 198.54399 201.08964 203.7728 206.43133 208.71628 210.51881 211.97298 213.3114 214.7163 216.19969 217.74553 219.34809 221.01826 222.74745 224.51617 226.21441 227.75452 229.09639 230.19418 231.00606 231.55954 231.88842 232.11244 232.22589 232.33074 232.37715 232.39949 232.40637 232.376 232.31011 232.23219 231.87466 231.35499 230.74365 230.27554 231.47818 233.96252 235.5966 236.47666 237.48335 238.70146 240.0863 241.66594
181.11404 180.41618 180.06438 180.02084 180.28841 180.86882 181.687 182.73494 183.80923 184.84572 185.96585 187.28652 188.82032 190.56269 192.48382 194.58714 196.88241 199.33868 201.89694 204.2856 206.30012 207.91357 209.34596 210.76289 212.23424 213.75201 215.32191 216.96573 218.63476 220.31925 221.92697 223.47453 224.84619 225.96518 226.86472 227.57519 228.11262 228.56698 228.93768 229.25911 229.51236 229.71347 229.859 229.98677 230.07157 230.13001 230.15808 230.15121 229.91687 229.45506 228.95201 228.91648 230.7574 233.04636 234.24614 235.23392 236.26295 237.49882 238.84069 240.52404
181.05044 180.43451 180.07871 180.01969 180.23341 180.7336 181.49105 182.49602 183.56 184.65836 185.9309 187.40569 189.05982 190.88813 192.88603 195.07645 197.38833 199.68933 201.7898 203.58144 205.12212 206.5929 208.08087 209.60551 211.17542 212.76423 214.38226 215.96076 217.47452 218.85878 220.12559 221.25718 222.25241 223.09752 223.85383 224.52591 225.13267 225.69302 226.15655 226.57309 226.92488 227.24574 227.49612 227.7127 227.86969 228.00376 228.11205 228.19226 228.03986 227.71327 227.30533 227.85078 230.03604 232.0878 233.02459 233.97742 235.05 236.21768 237.61742 239.1518
180.98684 180.403 180.07355 180.00021 180.20189 180.65797 181.36328 182.31954 183.43051 184.64403 186.06096 187.65034 189.43453 191.38832 193.49337 195.63566 197.63929 199.40686 200.94755 202.39083 203.81635 205.30145 206.8324 208.36277 209.88053 211.35876 212.75048 214.04937 215.25316 216.3773 217.39029 218.36547 219.28965 220.18518 221.0154 221.76311 222.44779 223.05742 223.60746 224.11452 224.562 224.96537 225.30513 225.59505 225.85231 226.07232 226.274 226.41037 226.35536 226.12102 225.87981 226.99707 229.29865 230.84391 231.76981 232.68311 233.74251 234.89644 236.17357 237.77498
180.88314 180.35774 180.06839 180.00021 180.18929 180.62072 181.3014 182.3121 183.51416 184.81134 186.29988 187.99068 189.87457 191.86789 193.85433 195.66373 197.2577 198.71989 200.11332 201.48727 202.8343 204.16299 205.49855 206.77453 207.99951 209.17007 210.32515 211.45559 212.56083 213.63398 214.67848 215.69892 216.66493 217.58853 218.47719 219.2948 220.04996 220.73465 221.35172 221.92984 222.43862 222.92392 223.33759 223.70772 224.03259 224.30818 224.56945 224.7528 224.78202 224.58148 224.62618 226.1617 228.34696 229.5645 230.38956 231.30056 232.28146 233.42853 234.6982 236.06642
180.80865 180.3182 180.04777 180.01625 180.19444 180.64021 181.38677 182.437 183.70668 185.08063 186.61558 188.33789 190.11865 191.84669 193.4481 194.92061 196.33123 197.74357 199.11351 200.42673 201.69182 202.90535 204.04553 205.14618 206.20501 207.24493 208.31235 209.36946 210.39677 211.41262 212.41874 213.41797 214.38627 215.34827 216.27703 217.15137 217.96325 218.70695 219.38762 220.02246 220.59484 221.11853 221.59351 221.99916 222.36357 222.68614 222.96059 223.20123 223.28144 223.15081 223.48484 225.26159 227.23027 228.20201 228.9881 229.87905 230.80381 231.83055 232.96099 234.31203
180.72787 180.28383 180.0449 180.01511 180.23169 180.72558 181.5323 182.62608 183.94101 185.31038 186.77028 188.25481 189.69408 191.08752 192.43511 193.77927 195.11999 196.44238 197.73211 199.00637 200.24739 201.4655 202.65095 203.8152 204.9508 206.0612 207.11773 208.15192 209.14887 210.12805 211.09005 212.01881 212.94815 213.83681 214.6888 215.50182 216.28162 217.01787 217.69969 218.35687 218.95676 219.52513 220.02017 220.4539 220.86757 221.19645 221.4984 221.75451 221.87942 221.80951 222.43003 224.37637 226.01846 226.79138 227.57748 228.34983 229.19666 230.17012 231.19284 232.39606
180.63963 180.23856 180.02829 180.04318 180.31075 180.84704 181.68585 182.77963 184.02868 185.23819 186.4139 187.58503 188.77162 189.99775 191.26628 192.53538 193.81308 195.09077 196.3868 197.67539 198.94563 200.21645 201.47811 202.71971 203.93323 205.11639 206.28694 207.40822 208.48996 209.54306 210.55605 211.50773 212.41587 213.28161 214.08604 214.84407 215.57631 216.27302 216.92104 217.50259 218.03029 218.53334 218.95848 219.35955 219.70962 220.01558 220.27857 220.49228 220.62979 220.60401 221.49267 223.3989 224.73275 225.41514 226.07576 226.78451 227.55342 228.39395 229.32959 230.34258
180.54624 180.17153 180.00021 180.06839 180.37779 180.94043 181.73341 182.70744 183.7634 184.76607 185.74812 186.77429 187.85775 189.01112 190.20172 191.43129 192.7044 193.98783 195.28042 196.5925 197.90686 199.21664 200.52585 201.82532 203.12708 204.37441 205.62346 206.8324 208.0041 209.14829 210.23921 211.30261 212.30414 213.25812 214.15766 214.99074 215.76596 216.49991 217.13303 217.71573 218.23139 218.6846 219.07078 219.41799 219.72108 219.98063 220.17659 220.33816 220.41952 220.44702 221.50012 223.27743 224.29615 224.83874 225.40654 226.00586 226.66762 227.38153 228.15731 229.07691
180.43795 180.11137 180.00021 180.1022 180.41331 180.9221 181.59934 182.42726 183.35488 184.24984 185.15454 186.12055 187.15244 188.23763 189.38698 190.58561 191.83122 193.11579 194.41698 195.73993 197.09097 198.44773 199.79247 201.14923 202.4911 203.82953 205.14045 206.43305 207.69871 208.92541 210.10857 211.25219 212.34311 213.38646 214.37424 215.30358 216.18364 216.98235 217.73292 218.39125 219.00603 219.53888 219.99152 220.38285 220.72548 221.00279 221.20676 221.36318 221.44683 221.59695 222.81047 224.46116 225.27247 225.76636 226.27687 226.82977 227.4096 228.07481 228.81392 229.6493
180.33883 180.07985 180.00021 180.11595 180.39383 180.83329 181.42229 182.15052 183.00996 183.8671 184.71737 185.63124 186.62074 187.66868 188.77735 189.94848 191.18263 192.45116 193.75292 195.10223 196.47103 197.85128 199.25503 200.65591 202.05622 203.45538 204.84481 206.20272 207.5486 208.8601 210.12519 211.36564 212.54765 213.68211 214.75812 215.77169 216.73425 217.61432 218.45198 219.20542 219.88094 220.49687 221.0131 221.48866 221.884 222.206 222.46269 222.66265 222.81334 223.12159 224.49153 226.06258 226.77935 227.29501 227.78948 228.34009 228.91591 229.54502 230.26179 231.06221
180.27867 180.06209 180.00021 180.10334 180.35143 180.74506 181.28536 181.954 182.75442 183.58979 184.40339 185.29033 186.23285 187.25615 188.34362 189.48782 190.70421 191.97331 193.27851 194.64387 196.03042 197.45136 198.89006 200.33792 201.79896 203.26516 204.73308 206.16318 207.58641 208.97927 210.33661 211.65269 212.92351 214.13761 215.29785 216.40824 217.44358 218.41703 219.31142 220.1296 220.90023 221.56314 222.15902 222.67067 223.10784 223.4774 223.77304 224.0028 224.17411 224.64165 226.10154 227.54081 228.17794 228.65235 229.11645 229.62924 230.14147 230.715 231.42833 232.321
180.25059 180.05579 180.00021 180.09303 180.32565 180.69063 181.19082 181.81878 182.57909 183.39441 184.19484 185.05026 185.97158 186.97425 188.04225 189.18014 190.37419 191.63698 192.96109 194.33103 195.75254 197.21645 198.70671 200.205 201.7325 203.25141 204.78293 206.29496 207.79955 209.26804 210.71648 212.12366 213.47355 214.78047 216.03181 217.20637 218.32937 219.36585 220.34618 221.22338 222.04729 222.77151 223.41322 223.96498 224.43423 224.82728 225.151 225.39852 225.54635 226.11357 227.6153 228.94112 229.46767 229.88994 230.27955 230.68979 231.20373 231.81909 232.66363 233.7786
180.22481 180.04146 180.00021 180.09246 180.31247 180.65396 181.12837 181.73112 182.4582 183.26492 184.06363 184.90015 185.81287 186.79721 187.86005 188.98591 190.18969 191.45708 192.79436 194.18264 195.62592 197.12477 198.65915 200.22448 201.81615 203.42043 205.01498 206.6141 208.19489 209.75735 211.28829 212.76996 214.22413 215.6124 216.94224 218.20045 219.38361 220.49973 221.53507 222.48675 223.34905 224.11739 224.79692 225.38133 225.88726 226.28317 226.59715 226.83665 226.97817 227.59123 229.0792 230.24804 230.66229 231.01351 231.37906 231.85461 232.45622 233.2383 234.16936 235.2385
180.20476 180.03803 180.00021 180.09188 180.30904 180.64651 181.10029 181.68242 182.38945 183.18127 183.9943 184.82452 185.73151 186.71184 187.77983 188.91486 190.12094 191.40608 192.7554 194.17232 195.64253 197.17749 198.76171 200.38433 202.04992 203.72811 205.42292 207.10856 208.78045 210.43458 212.04689 213.6294 215.15576 216.6294 218.04404 219.37674 220.63552 221.81696 222.90386 223.90368 224.81067 225.60651 226.31927 226.92889 227.42737 227.84333 228.14184 228.3504 228.45926 229.05514 230.46462 231.53834 231.92165 232.31412 232.78739 233.37696 234.05019 234.76237 235.55248 236.39358
180.21278 180.03516 180.00709 180.10621 180.32107 180.64823 181.09914 181.67153 182.35564 183.15148 183.98628 184.81993 185.73265 186.71929 187.78785 188.93434 190.16563 191.45994 192.83561 194.28577 195.80181 197.37573 199.01496 200.69029 202.42349 204.17674 205.9615 207.75085 209.51957 211.29287 213.01003 214.68077 216.30339 217.86585 219.35267 220.75871 222.09026 223.33186 224.47893 225.51369 226.46136 227.28241 228.01293 228.62141 229.11988 229.49861 229.78795 229.94437 229.99937 230.59468 232.01389 233.09621 233.58953 234.06623 234.57501 235.08437 235.58743 236.12544 236.67892 237.2874
180.25231 180.04719 180.00651 180.10621 180.33253 180.67114 181.12092 181.68585 182.36595 183.16007 184.01607 184.87666 185.7974 186.79377 187.88125 189.05065 190.30027 191.63698 193.05047 194.53329 196.09746 197.72982 199.41603 201.16183 202.96264 204.78808 206.65192 208.52377 210.41281 212.27722 214.12099 215.91378 217.64583 219.30684 220.88132 222.367 223.76903 225.07022 226.25395 227.34314 228.29769 229.14223 229.86587 230.4692 230.95392 231.29254 231.55094 231.73544 231.86492 232.53815 234.01352 235.14625 235.62181 236.0246 236.3678 236.6898 237.00837 237.32235 237.65867 237.9738
180.2907 180.06553 180.00021 180.08959 180.32508 180.67516 181.1404 181.71737 182.40778 183.20362 184.08655 184.98838 185.92574 186.94962 188.06058 189.25577 190.54493 191.91888 193.37305 194.91488 196.52489 198.22313 199.98326 201.80126 203.66852 205.58564 207.53026 209.49092 211.45502 213.42313 215.36202 217.26195 219.11604 220.89106 222.58759 224.17526 225.65406 227.01312 228.24269 229.34448 230.32825 231.18425 231.91248 232.50033 233.00683 233.41363 233.75798 234.033 234.27822 234.97952 236.36665 237.38308 237.7366 237.96406 238.11074 238.25283 238.33476 238.40581 238.44248 238.4866
180.2993 180.07641 180.00021 180.07584 180.29471 180.65338 181.14212 181.74831 182.45304 183.27581 184.19713 185.15053 186.12055 187.17479 188.31154 189.55256 190.87667 192.30505 193.81537 195.41335 197.10014 198.86026 200.70003 202.59824 204.56177 206.56082 208.59825 210.6546 212.71553 214.76271 216.79499 218.78143 220.72433 222.6002 224.39241 226.08321 227.65197 229.10556 230.41305 231.57157 232.57711 233.47207 234.27192 234.97437 235.58342 236.09966 236.54828 236.87372 237.07598 237.59737 238.77766 239.63251 239.8319 239.86628 239.83649 239.73507 239.56777 239.38385 239.14722 238.88996
