data/pm10_aspect_horn_modal.asc
ncols	541
nrows	200
xllcorner	12.09692
yllcorner	48.55814
cellsize	0.0125
NODATA_value	-9999.0
[rows 162 to 188 of 200, columns 360 to 419 of 541]
180.14918 180.0323 180.00021 180.02657 180.08386 180.14975 180.21564 180.2569 180.26664 180.24945 180.21163 180.14861 180.07183 180.01969 180.00021 180.02428 180.13543 180.33826 180.66599 181.15529 181.56496 182.11385 183.2506 185.22559 188.54301 194.26113 203.16547 216.03811 231.38937 245.71732 256.47862 263.18452 267.1087 269.09859 269.92995 269.99985 269.84057 269.71452 269.73915 269.8377 269.9225 269.96261 269.99985 269.96375 269.89099 269.70707 269.40798 268.98457 268.38525 267.46909 266.11233 264.32356 262.07928 259.16694 255.40891 250.43678 244.02194 236.01486 226.63439 216.46153
180.21278 180.09188 180.02599 180.00021 180.00021 180.01969 180.04204 180.0449 180.04834 180.03917 180.01396 180.00021 180.00021 180.03516 180.11251 180.24315 180.48379 180.81839 181.24296 181.65892 182.09838 182.93032 184.42459 186.68319 190.15016 195.23 202.52261 212.26289 224.10249 236.42853 247.31817 255.74294 261.5407 265.35889 267.52123 268.60813 269.03155 269.19599 269.20516 269.08312 268.92212 268.71642 268.38869 267.97616 267.39576 266.6744 265.72157 264.50862 262.94158 260.88123 258.15223 254.68469 250.30156 244.91175 238.47915 231.0433 222.78068 214.26538 206.08813 198.98918
180.26434 180.14689 180.07985 180.03631 180.00938 180.00021 180.00021 180.00021 180.00021 180.00021 180.01282 180.04204 180.08902 180.17439 180.32107 180.53994 180.84418 181.27103 181.7357 182.20724 182.96068 184.149 185.88621 188.32472 191.62323 196.15648 202.19774 209.95846 219.34236 229.55189 239.44802 248.02176 254.69156 259.27866 262.02141 263.49678 264.31897 264.77161 264.90282 264.78994 264.44846 263.93853 263.28765 262.40816 261.30521 259.88657 258.08576 255.8518 252.96696 249.40775 245.06014 239.96311 233.99289 227.30074 220.18174 212.9619 206.03599 199.76496 194.45937 190.39023
180.30961 180.20533 180.136 180.09303 180.06725 180.04949 180.04146 180.04318 180.0449 180.07069 180.11194 180.17038 180.26263 180.39441 180.58807 180.87225 181.28478 181.77237 182.30006 183.00022 184.05503 185.48227 187.33694 189.72331 192.84134 196.9208 202.10378 208.49054 216.06905 224.45372 233.00912 240.79046 246.80881 250.88082 253.33537 255.04622 256.18412 256.92266 257.26472 257.15987 256.68087 255.86498 254.71677 253.28896 251.55233 249.38196 246.6713 243.30403 239.21024 234.42261 229.06832 223.33014 217.37368 211.45101 205.74321 200.44908 195.67462 191.58656 188.39462 186.12914
180.33883 180.25747 180.19559 180.15147 180.12569 180.11881 180.11251 180.12683 180.14288 180.18241 180.25002 180.34857 180.48321 180.67573 180.95361 181.36901 181.89613 182.43127 183.07184 184.02581 185.26856 186.8631 188.80256 191.17403 194.13565 197.77222 202.15706 207.49932 213.76347 220.67735 227.58092 233.39071 237.6243 240.56529 242.81357 244.61266 245.91614 246.77271 247.15201 247.0357 246.41691 245.32829 243.75093 241.69688 239.27556 236.44973 233.05267 229.00988 224.43538 219.48273 214.43326 209.48347 204.69469 200.2749 196.26133 192.69524 189.60986 187.09056 185.24449 183.91752
180.35029 180.28383 180.23799 180.21163 180.19502 180.18871 180.1933 180.21908 180.25804 180.32221 180.42706 180.56801 180.79089 181.09972 181.52944 182.08119 182.62149 183.21852 184.05733 185.16485 186.55943 188.25768 190.33007 192.7955 195.71644 199.12382 203.0291 207.55031 212.62042 217.61718 221.99 225.4478 228.15789 230.43482 232.44361 234.02841 235.19495 235.94209 236.18159 235.9398 235.14969 233.85824 231.9904 229.61664 226.7868 223.58855 219.98293 216.00087 211.79307 207.58469 203.55336 199.76611 196.29456 193.18168 190.43435 188.05657 186.10737 184.65435 183.58979 182.71431
180.34169 180.29185 180.26263 180.24429 180.23684 180.24945 180.27409 180.32164 180.39555 180.51014 180.68432 180.92955 181.27218 181.72997 182.27485 182.82146 183.38525 184.14957 185.17402 186.43395 187.94026 189.76685 191.94065 194.48458 197.45079 200.80545 204.57781 208.52549 212.16262 215.0383 217.1634 218.96764 220.5725 222.05703 223.45333 224.66628 225.54978 226.05227 226.07347 225.61682 224.6468 223.16112 221.17697 218.71382 215.89716 212.76709 209.41185 205.89905 202.47276 199.19315 196.14788 193.39768 190.946 188.78079 186.91352 185.32414 184.13525 183.29243 182.61118 181.97405
180.31247 180.27981 180.26836 180.26836 180.27981 180.31419 180.37206 180.46717 180.60583 180.79318 181.0619 181.42401 181.89556 182.44731 183.01454 183.56573 184.28765 185.23303 186.40703 187.80332 189.44829 191.3952 193.67156 196.27794 199.26821 202.55871 205.88988 208.81369 211.01614 212.5763 213.84082 214.9111 215.79632 216.56982 217.25507 217.72948 217.98158 217.93346 217.66015 216.97948 215.87997 214.28715 212.28581 209.92293 207.27759 204.46666 201.53827 198.66775 196.0035 193.5392 191.30983 189.33713 187.57815 186.04377 184.73284 183.71871 182.99907 182.45304 181.9454 181.48303
180.27065 180.26778 180.27752 180.2993 180.34399 180.42477 180.53421 180.68661 180.89804 181.17707 181.5472 182.02275 182.58597 183.16065 183.72787 184.42803 185.34132 186.45286 187.76665 189.28958 191.08293 193.15475 195.5457 198.21855 201.07188 203.81176 206.07667 207.76403 209.05204 210.16357 211.16969 212.01423 212.68573 213.14868 213.40823 213.38302 213.14926 212.65651 211.92714 210.87347 209.43076 207.62423 205.51861 203.23823 200.82952 198.32741 195.87916 193.61598 191.58714 189.76628 188.12762 186.66085 185.3608 184.2527 183.36748 182.7527 182.29032 181.87951 181.49047 181.12149
180.25289 180.27409 180.30789 180.36633 180.45056 180.57374 180.73933 180.9645 181.24353 181.62283 182.09036 182.6679 183.25289 183.82814 184.5409 185.45821 186.55485 187.80905 189.27754 190.96032 192.89749 195.1051 197.50866 199.97868 202.16967 203.88281 205.17598 206.2348 207.21227 208.08775 208.82228 209.43764 209.91262 210.20196 210.33546 210.24207 209.94356 209.36143 208.46533 207.21972 205.59596 203.59977 201.32685 198.91584 196.44295 194.03195 191.87992 190.02697 188.43701 187.07509 185.85813 184.79128 183.84247 183.09017 182.55159 182.15969 181.8119 181.47902 181.17076 180.88486
180.25403 180.30216 180.36404 180.4517 180.57947 180.73703 180.96565 181.24582 181.62455 182.10067 182.66848 183.26607 183.88028 184.59992 185.51894 186.63793 187.91448 189.34744 190.99011 192.85624 194.92404 197.09097 199.13872 200.83353 202.10435 203.1202 204.01803 204.82189 205.55871 206.18037 206.70692 207.11487 207.39676 207.56578 207.595 207.49015 207.21571 206.75619 206.03541 204.97831 203.49606 201.49186 199.00866 196.26648 193.53118 191.09668 189.09706 187.48705 186.18873 185.13162 184.22463 183.44082 182.82146 182.37111 182.04223 181.75461 181.46985 181.20571 180.95132 180.72328
180.27237 180.33883 180.41962 180.52848 180.69349 180.90319 181.17592 181.54491 182.02161 182.58253 183.19674 183.82241 184.58387 185.54415 186.67402 187.98896 189.47464 191.12877 192.96968 194.9229 196.81996 198.46435 199.74205 200.72524 201.55889 202.29113 202.99014 203.57685 204.07934 204.51708 204.84767 205.09118 205.24989 205.31692 205.29401 205.19431 204.98862 204.64026 204.11887 203.34022 202.10893 200.17749 197.36656 194.06575 190.98782 188.59802 186.84878 -9999.0 -9999.0 -9999.0 183.0558 182.53383 182.19235 181.94025 181.71737 181.47443 181.24582 181.02638 180.80636 180.61156
180.27981 180.3543 180.458 180.59208 180.77199 181.02867 181.38161 181.83654 182.38429 182.98876 183.64537 184.45324 185.46164 186.65741 188.03079 189.58007 191.29837 193.15991 194.98936 196.62057 197.92061 198.94048 199.74376 200.47772 201.1372 201.70271 202.19774 202.61486 202.95233 203.23079 203.40153 203.50466 203.52242 203.46742 203.35111 203.15859 202.89503 202.54209 202.11581 201.57837 200.80316 199.37077 196.08199 191.54359 188.08923 186.09419 -9999.0 -9999.0 -9999.0 -9999.0 -9999.0 -9999.0 -9999.0 181.63371 181.46183 181.28593 181.09571 180.89804 180.71755 180.54338
180.27065 180.35545 180.45571 180.62302 180.83788 181.13467 181.53287 182.04682 182.62207 183.28899 184.15072 185.22902 186.53823 188.02277 189.7256 191.55104 193.42461 195.13718 196.57359 197.70862 198.60014 199.3616 200.02623 200.59633 201.10167 201.50389 201.82245 202.06883 202.21035 202.28254 202.27452 202.18285 202.00179 201.7749 201.4443 201.04724 200.59346 200.08697 199.52547 198.89751 198.18131 196.85033 192.97083 187.87609 -9999.0 -9999.0 -9999.0 -9999.0 -9999.0 -9999.0 -9999.0 -9999.0 -9999.0 -9999.0 -9999.0 -9999.0 180.96565 180.81324 180.65911 180.51014
180.23799 180.33883 180.45629 180.60869 180.85449 181.18681 181.59876 182.09896 182.7315 183.61901 184.78498 186.24316 187.95573 189.86597 191.87763 193.78271 195.45919 196.79762 197.87993 198.78807 199.55297 200.17406 200.67425 201.07818 201.35951 201.5778 201.67406 201.67979 201.61161 201.46149 201.22715 200.89713 200.51783 200.05373 199.50885 198.88375 198.19334 197.4038 196.50197 195.45174 194.15055 192.19218 -9999.0 -9999.0 -9999.0 -9999.0 -9999.0 -9999.0 -9999.0 -9999.0 -9999.0 -9999.0 -9999.0 -9999.0 -9999.0 -9999.0 -9999.0 -9999.0 -9999.0 180.4878
180.21564 180.28898 180.4093 180.59609 180.81725 181.10831 181.47615 181.99812 182.80541 183.97998 185.58483 187.57586 189.83274 192.13775 194.23592 195.98401 197.39807 198.55029 199.50369 200.26516 200.84442 201.27585 201.54228 201.69755 201.74797 201.70443 201.56291 201.35836 201.04724 200.67138 200.21416 199.6773 199.08715 198.41049 197.64788 196.81881 195.89635 194.86274 193.69963 192.34287 -9999.0 -9999.0 -9999.0 -9999.0 -9999.0 -9999.0 -9999.0 -9999.0 -9999.0 -9999.0 -9999.0 -9999.0 -9999.0 -9999.0 -9999.0 -9999.0 -9999.0 -9999.0 -9999.0 -9999.0
180.17611 180.27409 180.36576 180.51244 180.70037 180.91465 181.19769 181.73742 182.68395 184.18739 186.42822 189.21051 192.11598 194.72523 196.87955 198.60587 199.94487 200.91947 201.65802 202.13815 202.44641 202.57761 202.57819 202.46245 202.23613 201.89751 201.53197 201.06099 200.51038 199.90706 199.23899 198.5268 197.72581 196.88528 195.95823 194.97561 193.91105 192.74738 191.47827 190.08599 -9999.0 -9999.0 -9999.0 -9999.0 -9999.0 -9999.0 -9999.0 -9999.0 -9999.0 -9999.0 -9999.0 -9999.0 -9999.0 -9999.0 -9999.0 -9999.0 -9999.0 -9999.0 -9999.0 -9999.0
180.14689 180.23971 180.32451 180.44196 180.49868 180.65567 180.88486 181.2739 182.08463 183.81382 187.1788 191.63584 195.6666 198.80469 201.08105 202.61543 203.57628 204.1607 204.43915 204.48556 204.35951 204.11658 203.76593 203.28865 202.74549 202.15477 201.50504 200.76592 200.01363 199.21091 198.3509 197.44907 196.50082 195.52393 194.48917 193.4057 192.27583 191.09096 189.83962 -9999.0 -9999.0 -9999.0 -9999.0 -9999.0 -9999.0 -9999.0 -9999.0 -9999.0 -9999.0 -9999.0 -9999.0 -9999.0 -9999.0 -9999.0 -9999.0 -9999.0 -9999.0 -9999.0 -9999.0 -9999.0
180.21851 180.28841 180.28096 180.33768 180.38524 180.48321 180.55369 180.73302 181.15071 183.0684 189.61101 198.62879 203.95214 206.70921 208.04248 208.57591 208.57018 208.3175 207.83278 207.25868 206.5505 205.82399 205.00409 204.15955 203.29725 202.39656 201.45691 200.49262 199.51458 198.51821 197.50006 196.45384 195.39444 194.31098 193.21147 192.07988 190.94371 189.7869 -9999.0 -9999.0 -9999.0 -9999.0 -9999.0 -9999.0 -9999.0 -9999.0 -9999.0 -9999.0 -9999.0 -9999.0 -9999.0 -9999.0 -9999.0 -9999.0 -9999.0 -9999.0 -9999.0 -9999.0 -9999.0 -9999.0
-9999.0 -9999.0 -9999.0 -9999.0 -9999.0 -9999.0 180.52848 180.61385 181.10774 185.74984 205.69278 221.04863 221.34427 219.79901 217.99132 216.28907 214.65843 213.1315 211.61831 210.20827 208.87499 207.55031 206.256 204.99664 203.77624 202.57074 201.38242 200.19354 199.0121 197.84441 196.67844 195.54628 194.37916 193.24986 192.11254 190.97522 189.86654 -9999.0 -9999.0 -9999.0 -9999.0 -9999.0 -9999.0 -9999.0 -9999.0 -9999.0 -9999.0 -9999.0 -9999.0 -9999.0 -9999.0 -9999.0 -9999.0 -9999.0 -9999.0 -9999.0 -9999.0 -9999.0 -9999.0 -9999.0
-9999.0 -9999.0 -9999.0 -9999.0 -9999.0 -9999.0 -9999.0 -9999.0 188.02735 215.8582 247.17722 247.80117 239.97285 233.46863 228.3779 224.2549 220.83663 217.92142 215.39926 213.09425 211.05452 209.14715 207.35494 205.71857 204.14465 202.63548 201.21627 199.84289 198.48899 197.17577 195.9101 194.66335 193.47503 192.30047 191.15283 -9999.0 -9999.0 -9999.0 -9999.0 -9999.0 -9999.0 -9999.0 -9999.0 -9999.0 -9999.0 -9999.0 -9999.0 -9999.0 -9999.0 -9999.0 -9999.0 -9999.0 -9999.0 -9999.0 -9999.0 -9999.0 -9999.0 -9999.0 -9999.0 -9999.0
-9999.0 -9999.0 -9999.0 -9999.0 -9999.0 -9999.0 -9999.0 -9999.0 211.18516 238.95012 251.11401 251.50821 247.23738 241.44994 235.74442 230.54999 225.98351 222.04156 218.62158 215.60266 212.89773 210.43344 208.25792 206.2073 204.3068 202.57704 200.93781 199.38395 197.88165 196.49395 195.14234 193.8486 192.6133 191.40436 -9999.0 -9999.0 -9999.0 -9999.0 -9999.0 -9999.0 -9999.0 -9999.0 -9999.0 -9999.0 -9999.0 -9999.0 -9999.0 -9999.0 -9999.0 -9999.0 -9999.0 -9999.0 -9999.0 -9999.0 -9999.0 -9999.0 -9999.0 -9999.0 -9999.0 -9999.0
-9999.0 -9999.0 -9999.0 -9999.0 -9999.0 -9999.0 -9999.0 -9999.0 224.52648 240.80249 248.01489 249.14533 247.05518 243.18084 238.37659 233.58895 228.97894 224.76655 220.94091 217.37081 214.18688 211.33298 208.73519 206.41414 204.24836 202.29457 200.4972 198.79896 197.2239 195.72962 194.33676 193.02813 191.76533 -9999.0 -9999.0 -9999.0 -9999.0 -9999.0 -9999.0 -9999.0 -9999.0 -9999.0 -9999.0 -9999.0 -9999.0 -9999.0 -9999.0 -9999.0 -9999.0 -9999.0 -9999.0 -9999.0 -9999.0 -9999.0 -9999.0 -9999.0 -9999.0 -9999.0 -9999.0 -9999.0
-9999.0 -9999.0 -9999.0 -9999.0 -9999.0 -9999.0 -9999.0 -9999.0 -9999.0 -9999.0 -9999.0 -9999.0 -9999.0 240.38538 236.7173 232.72493 228.69876 224.79061 220.99477 217.47624 214.29231 211.34845 208.66815 206.2434 203.92636 201.82761 199.89789 198.10568 196.43952 194.93149 193.49795 192.19963 -9999.0 -9999.0 -9999.0 -9999.0 -9999.0 -9999.0 -9999.0 -9999.0 -9999.0 -9999.0 -9999.0 -9999.0 -9999.0 -9999.0 -9999.0 -9999.0 -9999.0 -9999.0 -9999.0 -9999.0 -9999.0 -9999.0 -9999.0 -9999.0 -9999.0 -9999.0 -9999.0 -9999.0
-9999.0 -9999.0 -9999.0 -9999.0 -9999.0 -9999.0 -9999.0 -9999.0 -9999.0 -9999.0 -9999.0 -9999.0 -9999.0 -9999.0 -9999.0 229.18978 225.63573 222.12178 218.73846 215.48521 212.49609 -9999.0 -9999.0 -9999.0 -9999.0 -9999.0 198.76744 197.06691 195.50216 194.00846 192.63565 191.31613 -9999.0 -9999.0 -9999.0 -9999.0 -9999.0 -9999.0 -9999.0 -9999.0 -9999.0 -9999.0 -9999.0 -9999.0 -9999.0 -9999.0 -9999.0 -9999.0 -9999.0 -9999.0 -9999.0 -9999.0 -9999.0 -9999.0 -9999.0 -9999.0 -9999.0 -9999.0 -9999.0 -9999.0
-9999.0 -9999.0 -9999.0 -9999.0 -9999.0 -9999.0 -9999.0 -9999.0 -9999.0 -9999.0 -9999.0 -9999.0 -9999.0 -9999.0 -9999.0 -9999.0 -9999.0 -9999.0 -9999.0 -9999.0 -9999.0 -9999.0 -9999.0 -9999.0 -9999.0 -9999.0 -9999.0 195.42366 193.98382 192.63794 191.35394 -9999.0 -9999.0 -9999.0 -9999.0 -9999.0 -9999.0 -9999.0 -9999.0 -9999.0 -9999.0 -9999.0 -9999.0 -9999.0 -9999.0 -9999.0 -9999.0 -9999.0 -9999.0 -9999.0 -9999.0 -9999.0 -9999.0 -9999.0 -9999.0 -9999.0 -9999.0 -9999.0 -9999.0 -9999.0
-9999.0 -9999.0 -9999.0 -9999.0 -9999.0 -9999.0 -9999.0 -9999.0 -9999.0 -9999.0 -9999.0 -9999.0 -9999.0 -9999.0 -9999.0 -9999.0 -9999.0 -9999.0 -9999.0 -9999.0 -9999.0 -9999.0 -9999.0 -9999.0 -9999.0 -9999.0 -9999.0 193.44638 192.17327 190.97522 189.90894 -9999.0 -9999.0 -9999.0 -9999.0 -9999.0 -9999.0 -9999.0 -9999.0 -9999.0 -9999.0 -9999.0 -9999.0 -9999.0 -9999.0 -9999.0 -9999.0 -9999.0 -9999.0 -9999.0 -9999.0 -9999.0 -9999.0 -9999.0 -9999.0 -9999.0 -9999.0 -9999.0 -9999.0 -9999.0
