data/pm10_aspect_4cell_modal.asc
ncols	541
nrows	200
xllcorner	12.09692
yllcorner	48.55814
cellsize	0.0125
NODATA_value	-9999.0
[rows 108 to 134 of 200, columns 300 to 359 of 541]
187.27849 187.99068 188.19866 188.34649 188.58713 188.78136 188.70344 188.2657 187.39996 186.08044 184.38105 182.5493 180.92726 180.03803 180.51072 183.03059 188.51551 197.75102 210.30853 224.0876 236.75397 247.02023 254.72938 260.17019 263.93452 266.36329 267.93548 268.96165 269.60279 269.92594 269.99985 269.86177 269.5707 269.13067 268.58923 267.95554 267.23934 266.45496 265.61558 264.7401 263.82222 262.85564 261.82775 260.79929 259.70208 258.54585 257.33175 256.15203 255.08576 254.37701 254.07907 254.37472 255.62663 257.63542 259.85506 262.1721 264.36424 266.44751 268.12112 269.33636
183.07012 183.454 183.59323 183.74907 183.93586 184.05561 184.02467 183.79033 183.31821 182.62951 181.77523 180.91351 180.24601 180.00021 180.45858 181.95858 184.89785 189.72903 196.91622 206.49435 217.75183 229.43157 240.29944 249.27998 256.04489 260.76492 263.94598 266.2401 267.83865 268.93014 269.57987 269.91391 269.99985 269.86349 269.57586 269.14557 268.6047 267.99049 267.31841 266.57757 265.81898 265.00079 264.15339 263.26244 262.35888 261.45075 260.52255 259.64249 258.90853 258.46965 258.73607 259.59207 260.99811 262.4391 263.97061 265.47406 266.91333 268.19102 269.13698 269.73973
181.12149 181.35296 181.4624 181.59475 181.75633 181.88238 181.92077 181.84628 181.63543 181.29567 180.86996 180.41962 180.0959 180.00651 180.31018 181.20285 182.91427 185.74125 190.04015 196.22179 204.57323 214.80854 225.9732 236.94477 246.42034 253.64019 258.67648 262.3904 265.11997 267.07605 268.40473 269.28594 269.78155 269.97521 269.97464 269.76436 269.43319 268.99259 268.48724 267.90569 267.26627 266.62398 265.94216 265.21164 264.50289 263.77753 263.07336 262.36633 262.01969 262.11251 262.67859 263.526 264.47081 265.3904 266.42001 267.37227 268.28499 269.02582 269.57987 269.88239
180.25919 180.36404 180.44368 180.54853 180.6912 180.81782 180.90205 180.93299 180.8797 180.74334 180.52561 180.28096 180.07813 180.00021 180.13887 180.62072 181.60048 183.30675 186.00882 190.07052 195.92557 204.07074 214.29288 225.56755 236.65256 246.04276 252.91482 258.06457 261.9412 264.80541 266.84686 268.24431 269.16791 269.70134 269.97235 269.99985 269.85546 269.58331 269.23151 268.78804 268.27353 267.74297 267.19236 266.577 265.96393 265.35545 264.8014 264.50117 264.45075 264.75671 265.24086 265.85164 266.47616 267.17402 267.83865 268.51818 269.09171 269.49278 269.83369 269.99985
180.00021 180.0111 180.04032 180.08959 180.17897 180.28383 180.38925 180.47978 180.52389 180.51129 180.42821 180.2907 180.13371 180.01969 180.01396 180.20075 180.71354 181.70648 183.40874 186.09362 190.22808 196.41545 205.22181 216.2312 228.12065 239.12143 247.66595 254.06761 258.98645 262.66714 265.31878 267.18262 268.47578 269.28079 269.75863 269.96948 269.99985 269.84114 269.60909 269.26073 268.85164 268.40588 267.91829 267.37742 266.85718 266.41256 266.13009 266.08483 266.2063 266.4796 266.93166 267.33961 267.80771 268.33713 268.76513 269.19599 269.57357 269.789 269.94771 269.99985
180.21507 180.11939 180.05292 180.00766 180.00709 180.04547 180.13371 180.25002 180.36289 180.44655 180.47118 180.42305 180.29528 180.15491 180.03688 180.00823 180.15548 180.64021 181.63142 183.3904 186.33999 191.08981 198.33486 208.53007 221.06925 233.73792 243.80078 251.22689 256.91063 261.1763 264.26511 266.44465 267.96413 268.97368 269.57013 269.90015 269.99985 269.93224 269.75749 269.467 269.12208 268.75137 268.30848 267.86501 267.51207 267.32471 267.26684 267.29893 267.49316 267.75214 268.05523 268.41161 268.77028 269.07853 269.38678 269.64404 269.79817 269.95 269.99985 269.99985
180.91408 180.67573 180.46144 180.25059 180.08329 180.00594 180.02198 180.13085 180.30502 180.49868 180.65682 180.72901 180.69063 180.55254 180.35086 180.14975 180.00995 180.07069 180.48436 181.52428 183.5812 187.26875 193.33638 202.61142 215.27321 229.69112 241.87163 250.29239 256.42934 260.93566 264.17516 266.43319 267.98017 268.97254 269.60107 269.89156 269.99985 269.92708 269.77926 269.55008 269.23266 268.89519 268.5325 268.27467 268.09648 268.08617 268.11826 268.19962 268.38869 268.60871 268.85623 269.10775 269.30829 269.50768 269.70592 269.85375 269.95172 269.99985 269.99985 269.95401
182.26798 181.83482 181.40682 180.92382 180.46774 180.1446 180.00479 180.0661 180.31763 180.69578 181.10717 181.43719 181.59418 181.52542 181.29338 180.93184 180.509 180.13944 180.00021 180.36232 181.62168 184.46413 189.7107 198.44945 211.42695 227.34772 241.88653 251.63369 258.0617 262.35774 265.27409 267.22444 268.49813 269.31173 269.76264 269.96089 269.99985 269.9225 269.72712 269.4882 269.23896 268.93472 268.74622 268.64137 268.61673 268.67517 268.73419 268.88831 269.04759 269.17651 269.37131 269.51914 269.66524 269.8102 269.90531 269.95287 269.99985 269.99985 269.95459 269.86692
184.69732 184.06764 183.34285 182.40778 181.42573 180.60067 180.09532 180.03001 180.42993 181.21374 182.18032 183.08272 183.67745 183.83559 183.59896 183.04892 182.25251 181.3438 180.50499 180.02657 180.36289 182.34819 187.04129 195.90953 210.27874 228.51083 244.7009 255.04221 261.17974 264.93662 267.16314 268.49755 269.31001 269.73514 269.95745 269.99985 269.91734 269.7953 269.59133 269.34267 269.12781 268.99488 268.94847 268.98285 269.01207 269.08369 269.20115 269.32089 269.44122 269.57471 269.6704 269.76608 269.86062 269.95401 269.99985 269.99985 269.99985 269.95573 269.86864 269.78499
189.179 188.51551 187.51054 185.90397 183.89575 181.89269 180.44368 180.01167 180.78344 182.65702 185.09896 187.36157 188.90226 189.51704 189.23629 188.31555 186.85852 184.99984 182.97615 181.10659 180.0512 180.78115 185.04969 195.2174 213.40537 235.2024 251.59759 260.63543 265.04262 267.62207 268.95936 269.62743 269.90015 269.99985 269.95459 269.82281 269.69675 269.48705 269.32032 269.10947 269.02983 269.07796 269.12036 269.20115 269.27907 269.35699 269.47903 269.60107 269.68186 269.76952 269.86234 269.90875 269.95516 269.99985 269.99985 269.99985 269.9563 269.87093 269.82968 269.74775
197.64445 197.82493 197.39005 195.51534 192.00998 187.0814 182.07833 180.00021 182.15682 188.52468 195.64998 200.92979 203.91089 204.85856 204.11601 202.16623 199.34957 195.60128 191.15398 186.28842 181.91905 180.00021 183.70839 198.21454 225.52858 249.30862 261.48283 266.70592 268.73419 269.63545 269.93568 269.99985 269.83999 269.6492 269.47387 269.30886 269.14786 268.98801 268.91581 268.89003 268.99259 269.08598 269.21432 269.33694 269.45955 269.58102 269.66009 269.78327 269.82223 269.9099 269.95516 269.99985 269.99985 269.99985 269.95688 269.91391 269.87265 269.8314 269.74947 269.70993
213.5234 217.4092 221.1741 223.66934 224.29558 221.93557 209.65765 180.3119 207.64084 232.87218 238.86017 241.046 241.43676 240.66842 238.90944 236.33858 232.79827 227.92699 220.66188 209.64161 195.09135 182.2548 183.32738 217.3668 254.6589 266.23953 269.32204 269.99985 269.90588 269.75978 269.44122 269.18969 268.86768 268.58865 268.42823 268.30676 268.31535 268.31421 268.48781 268.69637 268.9267 269.10317 269.2699 269.43377 269.59477 269.71394 269.79244 269.87323 269.95688 269.9563 269.99985 269.99985 269.99985 269.95745 269.91505 269.8738 269.79129 269.75119 269.71165 269.67269
238.19095 247.42474 255.98244 262.81209 267.83464 269.99985 260.70762 180.24544 249.86955 268.25118 269.96146 269.76035 269.13869 268.47292 267.90053 267.36424 266.90989 266.5283 266.29167 265.77543 265.3016 262.40529 629.99985 267.70916 267.97845 267.38258 267.04912 266.92421 266.7529 266.79702 266.8566 266.95343 266.95343 266.98724 267.04511 267.11902 267.28632 267.64843 268.06554 268.44541 268.79664 269.08885 269.29167 269.52945 269.68587 269.80161 269.87896 269.95917 269.99985 269.99985 269.99985 269.95802 269.95802 269.87437 269.83369 269.79358 269.71222 269.67212 269.63316 269.5942
260.9242 267.84725 269.94198 265.34514 247.27004 209.96189 184.55981 180.17382 188.29091 212.55052 238.50379 252.52521 259.12396 262.30388 263.70992 264.09208 263.72883 262.38352 259.21564 251.56493 231.93425 196.38967 180.00021 193.68989 220.99248 240.33324 250.17093 255.62892 258.60945 260.78669 262.30388 263.44521 264.3184 265.0535 265.59724 266.04529 266.58158 267.18605 267.7401 268.23227 268.6895 269.04702 269.35699 269.58503 269.734 269.88468 269.96089 269.99985 269.99985 269.99985 269.9586 269.91734 269.87666 269.7953 269.7552 269.67441 269.63488 269.55409 269.55466 269.51513
269.99985 265.40358 248.76546 220.89851 196.89387 184.66695 180.31247 180.71068 184.98953 193.4779 205.36563 217.50431 226.96728 232.87104 235.50321 235.27689 232.89052 227.87198 219.31371 207.02548 193.57645 183.57661 180.00021 183.95247 195.51304 212.08699 228.02439 239.90352 247.8768 252.99675 256.7714 259.45628 261.51091 263.01034 264.20725 265.30446 266.32261 267.0812 267.71088 268.238 268.71528 269.09228 269.42174 269.63831 269.81765 269.92594 269.96203 269.99985 269.99985 269.95974 269.91906 269.83885 269.75863 269.67899 269.59878 269.51856 269.47788 269.4372 269.39538 269.39423
258.73665 229.79769 203.75791 189.90321 183.18815 180.43623 180.11652 181.57585 184.67211 189.26895 194.98592 200.92864 205.99187 209.38149 210.58756 209.5402 206.81865 202.75122 197.13509 190.70765 184.90817 181.03555 180.0936 182.649 189.33656 200.26401 213.75086 227.08989 238.10157 246.04448 251.82391 255.9916 259.05234 261.36939 263.33578 265.0621 266.31516 267.26283 267.99851 268.52563 268.91066 269.23839 269.48361 269.68816 269.86005 269.96433 269.99985 269.99985 269.96146 269.92135 269.84286 269.72483 269.64633 269.52831 269.40798 269.32662 269.28308 269.23953 269.23495 269.23094
213.69013 191.52698 184.14613 181.22691 180.07412 180.16293 181.17363 182.94235 185.41925 188.45019 191.76533 194.87935 197.36026 198.72103 198.72791 197.34364 195.0541 192.17843 188.70688 185.09151 182.05885 180.26148 180.22939 182.59686 187.69618 196.09059 207.34004 220.04194 231.95774 241.45452 248.43716 253.6717 257.54432 260.65663 263.23608 265.14747 266.56038 267.57051 268.31421 268.83445 269.22464 269.50023 269.66868 269.83426 269.93281 269.99985 269.99985 269.96375 269.92536 269.80963 269.69504 269.54148 269.4246 269.26704 269.145 269.05963 269.01092 268.96108 268.95076 268.98113
182.41924 180.17382 180.00021 180.23398 180.89746 181.95056 183.37952 185.11902 187.13239 189.24202 191.29493 192.98458 194.04112 194.27259 193.56212 191.95784 189.84821 187.55122 185.05943 182.63811 180.81381 180.00021 180.61098 182.99392 187.72884 195.22542 205.45042 217.51577 229.38574 239.42911 247.03455 252.78247 257.22232 260.85201 263.58788 265.5875 266.99469 268.00538 268.74679 269.2212 269.55065 269.77697 269.90417 269.96776 269.99985 269.99985 269.96604 269.89557 269.78327 269.63316 269.44695 269.2573 269.10088 268.90206 268.77372 268.67975 268.58292 268.56173 268.58006 268.64079
185.75844 185.1024 184.67154 184.57127 185.0961 186.07414 187.31803 188.69828 190.12552 191.49203 192.59841 193.29627 193.40628 192.81957 191.54474 189.64997 187.48705 185.37169 183.27123 181.43891 180.26492 180.05751 181.11175 183.84934 188.74641 196.24586 206.29668 218.08987 229.78795 239.85081 247.63673 253.43679 258.22557 261.87015 264.50919 266.3885 267.69255 268.59209 269.19943 269.60336 269.84802 269.96948 269.99985 269.96891 269.90588 269.83942 269.73629 269.62628 269.47731 269.29339 269.0728 268.84477 268.60928 268.40072 268.25978 268.11138 268.03575 268.03632 268.077 268.1618
226.8716 210.03351 201.66604 196.8234 194.85242 194.45021 194.61293 195.04895 195.5394 195.90323 196.00693 195.6792 194.82836 193.40857 191.43301 189.05237 186.6024 184.36844 182.39861 180.83386 180.04376 180.28554 181.8755 185.18605 190.71051 198.86828 209.45483 221.46001 233.03147 242.71388 250.15374 255.84206 260.30655 263.55006 265.8333 267.42727 268.50787 269.22063 269.65607 269.88583 269.99985 269.9712 269.88354 269.73342 269.57586 269.37762 269.16505 268.93587 268.73762 268.51589 268.3314 268.10164 267.88793 267.69599 267.49431 267.35565 267.24965 267.25825 267.30924 267.44961
261.45476 247.17722 233.13002 221.35802 213.80587 209.87137 207.62881 206.13454 205.02758 203.95901 202.70023 201.06558 198.93647 196.31576 193.2659 189.98572 186.8694 184.20515 182.03135 180.53134 180.00021 180.7038 182.99449 187.28422 194.07377 203.64962 215.48693 227.9522 239.07044 247.88425 254.56494 259.56743 263.01779 265.58406 267.35622 268.5411 269.2785 269.734 269.94656 269.99985 269.91964 269.72769 269.4733 269.17766 268.86253 268.49354 268.12742 267.7636 267.40034 267.09209 266.84686 266.65607 266.48762 266.38105 266.29453 266.22119 266.18051 266.17765 266.17765 266.27792
269.66009 265.36863 258.25651 249.09892 239.96769 232.93865 227.80437 223.76273 220.45218 217.41436 214.33528 210.95827 207.1269 202.76039 198.02088 193.13756 188.62151 184.93739 182.13104 180.40529 180.05235 181.38734 184.80675 190.8824 200.08697 212.21534 225.60593 237.89989 247.61783 254.74198 259.98512 263.56324 265.92956 267.58884 268.74106 269.46127 269.85317 269.99985 269.95058 269.77582 269.4945 269.12437 268.68147 268.20821 267.67249 267.12188 266.55007 265.99545 265.45171 265.00308 264.598 264.26855 264.0577 263.97176 263.94426 263.99525 264.01359 264.07031 264.12589 264.26741
269.17307 269.89844 268.38411 264.91657 259.93928 254.69672 249.76012 245.22458 240.92167 236.74366 232.36168 227.52649 221.95906 215.51557 208.21323 200.43933 193.15647 187.16333 182.83406 180.40357 180.21392 182.61118 188.28862 198.04265 211.68306 226.97645 240.49367 250.51184 257.39993 262.136 265.29644 267.28689 268.53193 269.27448 269.75462 269.9775 269.9775 269.79588 269.47158 269.04358 268.50042 267.90225 267.23762 266.52257 265.74965 264.93204 264.08291 263.29911 262.46144 261.76988 261.15625 260.63256 260.16388 259.80808 259.51529 259.37549 259.41445 259.65853 260.05903 260.64058
266.04186 268.56001 269.85947 269.87036 268.71069 266.74946 264.36481 261.81286 259.00422 256.02827 252.70856 248.74312 243.81511 237.34297 228.74402 217.70255 205.22697 193.63603 185.05141 180.58807 180.509 185.33903 196.73287 214.52608 233.41306 247.71236 256.78916 262.28784 265.66714 267.80542 269.00004 269.63717 269.91333 269.99985 269.93854 269.71222 269.3123 268.81555 268.17154 267.45534 266.65091 265.78918 264.84036 263.79071 262.69349 261.53268 260.34838 259.18413 258.02102 256.94042 255.90165 254.92934 254.06876 253.34454 252.83633 252.56704 252.57735 252.89419 253.52387 254.38618
261.25995 264.6616 266.93051 268.53537 269.58789 269.99985 269.81135 269.33121 268.51818 267.57509 266.38964 264.95553 263.07107 260.38218 256.32678 249.62662 237.97896 218.80263 195.39043 181.59132 181.2716 195.81155 225.34982 248.23433 259.57488 265.01741 267.75958 269.11463 269.78843 269.99985 269.93511 269.72827 269.45267 269.13182 268.80466 268.33025 267.6427 266.84572 265.93471 264.94808 263.87092 262.69865 261.41007 260.0258 258.57049 256.97652 255.31609 253.61669 251.97803 250.40469 248.89781 247.55767 246.43295 245.47324 244.80804 244.43734 244.35598 244.54219 245.00686 245.72305
254.96544 258.86098 261.60544 263.61653 265.36061 266.87895 268.04721 268.86253 269.37762 269.70134 269.89213 269.9649 269.99985 269.96662 269.86864 269.60795 269.01379 267.47998 262.52046 221.56372 206.78542 263.22806 268.62418 269.82911 269.97636 269.76837 269.40913 268.97998 268.49354 268.03518 267.6003 267.16715 266.77066 266.3885 266.01607 265.62933 264.90511 263.9116 262.80866 261.59399 260.23779 258.75899 257.10887 255.30119 253.36631 251.25611 249.07257 246.87814 244.87794 242.98202 241.16976 239.5649 238.17434 237.00092 236.05554 235.32043 234.86035 234.65408 234.74576 235.11589
247.54621 251.35065 254.25898 256.44653 257.97347 259.37034 260.67954 261.82145 262.66427 263.19999 263.4475 263.39193 263.01607 262.21564 260.7907 258.38256 254.39019 247.28265 231.13326 190.67098 187.10088 230.83245 247.97879 254.39019 257.55234 259.29929 260.38275 261.00384 261.36595 261.58195 261.70342 261.7315 261.6954 261.61347 261.4983 261.35449 261.01358 260.07794 258.79967 257.32774 255.68564 253.87223 251.85256 249.66558 247.30385 244.82924 242.38729 239.95795 237.69706 235.55764 233.50989 231.58246 229.80457 228.20716 226.84238 225.68615 224.81181 224.17067 223.83836 223.68652
