data/pm10_slope_horn_modal.asc
ncols	541
nrows	200
xllcorner	12.09692
yllcorner	48.55814
cellsize	0.0125
NODATA_value	-9999.0
[rows 90 to 119 of 200, columns 402 to 468 of 541]
0.18561 0.18136 0.1776 0.17413 0.17108 0.16837 0.16486 0.16115 0.15738 0.15268 0.147 0.14064 0.13375 0.12641 0.11883 0.11185 0.10621 0.10104 0.09581 0.09022 0.08485 0.07899 0.07197 0.06504 0.06008 0.05797 0.0584 0.06083 0.06473 0.06971 0.07543 0.08173 0.08899 0.09737 0.10691 0.1173 0.12806 0.13882 0.14947 0.15991 0.17026 0.18064 0.19113 0.20162 0.21204 0.2224 0.23266 0.24288 0.25298 0.26304 0.27304 0.28298 0.29285 0.3005 0.30468 0.30921 0.31629 0.32421 0.33213 0.34024 0.34877 0.35825 0.36966 0.38226 0.39318 0.40216 0.41055
0.17026 0.16742 0.16526 0.16334 0.16186 0.1609 0.15919 0.15681 0.15398 0.1503 0.14557 0.14014 0.13413 0.12748 0.12083 0.11528 0.11072 0.10635 0.10173 0.09731 0.09322 0.08933 0.0845 0.0795 0.07603 0.0747 0.0753 0.07797 0.08283 0.08911 0.09597 0.10271 0.10941 0.11623 0.12361 0.13195 0.14121 0.1511 0.16115 0.17111 0.18105 0.19113 0.20122 0.21131 0.22134 0.23132 0.24127 0.25116 0.261 0.27081 0.28057 0.29033 0.29995 0.30712 0.31101 0.31582 0.32311 0.33109 0.33912 0.34736 0.35602 0.36525 0.37515 0.38527 0.39483 0.40351 0.41153
0.15649 0.15505 0.15437 0.15395 0.15392 0.15437 0.15405 0.15294 0.15113 0.14869 0.14522 0.14082 0.13572 0.13012 0.12522 0.12153 0.11819 0.11454 0.11059 0.10686 0.10373 0.10119 0.09813 0.09466 0.0923 0.09138 0.09182 0.09418 0.09879 0.10545 0.11336 0.12166 0.12961 0.13689 0.1436 0.15023 0.15742 0.16541 0.17418 0.18341 0.19287 0.20241 0.21197 0.22156 0.23113 0.24071 0.25026 0.25981 0.26931 0.27884 0.28834 0.29784 0.30715 0.31377 0.3174 0.32249 0.32994 0.33785 0.34582 0.35395 0.36234 0.37103 0.37993 0.38886 0.3975 0.40564 0.41322
0.14405 0.14405 0.14491 0.14588 0.14731 0.149 0.14987 0.1498 0.14869 0.14738 0.14564 0.14255 0.13849 0.13439 0.13142 0.12934 0.12708 0.12426 0.12108 0.11811 0.11567 0.11393 0.11216 0.10991 0.10817 0.10747 0.10807 0.11045 0.1148 0.12095 0.12865 0.13751 0.14683 0.15572 0.16365 0.17047 0.17652 0.18254 0.18918 0.19682 0.20526 0.21408 0.22302 0.23203 0.24108 0.25016 0.25931 0.26846 0.27763 0.28681 0.29604 0.3053 0.31415 0.32012 0.32362 0.32898 0.33648 0.34425 0.35208 0.35997 0.36798 0.37612 0.38434 0.3925 0.40047 0.40812 0.41538
0.13289 0.13442 0.13682 0.13918 0.14188 0.14478 0.14683 0.14765 0.14717 0.14649 0.14622 0.14505 0.14262 0.14032 0.1391 0.1382 0.13682 0.13472 0.13233 0.13015 0.12834 0.12712 0.1261 0.12458 0.12296 0.12235 0.12329 0.12613 0.13073 0.13686 0.14422 0.15264 0.16183 0.17149 0.18083 0.1891 0.19593 0.20144 0.20649 0.21197 0.21845 0.22599 0.23405 0.2424 0.25086 0.25942 0.26807 0.2768 0.28559 0.29445 0.30335 0.31233 0.32064 0.3259 0.32935 0.33504 0.34251 0.3501 0.35771 0.36535 0.37301 0.38075 0.38847 0.39609 0.40356 0.41077 0.41766
0.12313 0.12625 0.13023 0.13383 0.1377 0.14174 0.14484 0.14659 0.14694 0.14666 0.14707 0.14792 0.14795 0.14768 0.14785 0.14792 0.14724 0.14581 0.14415 0.14258 0.14132 0.14046 0.14 0.13867 0.13671 0.13587 0.13704 0.14029 0.1454 0.15205 0.15994 0.16846 0.17737 0.18649 0.19563 0.20452 0.21246 0.21891 0.22399 0.22832 0.23279 0.23824 0.24485 0.25227 0.2601 0.26809 0.27622 0.28448 0.29287 0.30135 0.30995 0.31862 0.32624 0.33071 0.33435 0.3404 0.34774 0.35515 0.36257 0.37 0.37741 0.38484 0.3922 0.39947 0.40658 0.41347 0.42007
0.11511 0.11992 0.1253 0.13004 0.13494 0.14004 0.14408 0.1467 0.14805 0.14853 0.14916 0.15126 0.15392 0.15601 0.15761 0.15846 0.1584 0.15758 0.15656 0.1555 0.15456 0.15398 0.15372 0.15241 0.14983 0.14836 0.14923 0.15248 0.15808 0.1655 0.17421 0.18368 0.19326 0.20239 0.21081 0.21852 0.22577 0.23253 0.23845 0.24323 0.2471 0.2509 0.25552 0.26134 0.26825 0.27568 0.28334 0.29115 0.29913 0.30725 0.31548 0.32387 0.33062 0.33437 0.33836 0.34475 0.35194 0.35922 0.3665 0.37378 0.38102 0.38825 0.39544 0.4025 0.40941 0.41611 0.42252
0.10927 0.11576 0.12231 0.12798 0.13383 0.13986 0.14467 0.14816 0.15053 0.15202 0.15326 0.15592 0.16025 0.1648 0.1682 0.16988 0.17035 0.17021 0.16974 0.16912 0.16849 0.16802 0.16772 0.16604 0.16282 0.16047 0.16034 0.16291 0.16834 0.17635 0.18633 0.19718 0.20799 0.21792 0.22623 0.23277 0.2381 0.24315 0.24837 0.25361 0.25826 0.26216 0.26578 0.26991 0.27525 0.28174 0.28891 0.29638 0.30399 0.31179 0.31972 0.32767 0.33348 0.33669 0.34115 0.34779 0.35491 0.36208 0.36931 0.37654 0.38374 0.39092 0.39805 0.40507 0.41195 0.41862 0.42499
0.10621 0.11406 0.12149 0.12798 0.13465 0.14135 0.14694 0.15123 0.15463 0.15723 0.1595 0.16245 0.16742 0.17384 0.17919 0.18224 0.18341 0.18385 0.18396 0.18374 0.18338 0.183 0.18235 0.18025 0.17638 0.1728 0.17114 0.17216 0.17641 0.18417 0.19514 0.20794 0.22082 0.23186 0.24008 0.2456 0.24926 0.25209 0.25515 0.25911 0.26391 0.26892 0.27335 0.27724 0.28134 0.28643 0.29266 0.29968 0.30702 0.31456 0.32227 0.32968 0.33454 0.33758 0.34256 0.34936 0.35641 0.36358 0.37084 0.37813 0.38541 0.39268 0.39992 0.40709 0.41411 0.42094 0.42749
0.10625 0.11493 0.123 0.13027 0.13751 0.14481 0.15096 0.15617 0.1605 0.16429 0.16775 0.17111 0.17627 0.18352 0.19045 0.19524 0.19761 0.19877 0.1994 0.19965 0.1996 0.1993 0.19832 0.19581 0.19134 0.18636 0.1827 0.18122 0.18292 0.18884 0.19957 0.21424 0.23002 0.24315 0.25132 0.25477 0.25585 0.25667 0.2583 0.26104 0.26503 0.27017 0.27583 0.28107 0.2856 0.28991 0.29489 0.30095 0.30788 0.31525 0.32277 0.32948 0.33347 0.33679 0.34243 0.34933 0.35637 0.36359 0.37096 0.3784 0.3859 0.39345 0.40099 0.40849 0.41587 0.42308 0.43003
0.10936 0.11845 0.127 0.13487 0.14255 0.15023 0.15707 0.16306 0.16837 0.17321 0.17768 0.1816 0.18692 0.19445 0.20219 0.20854 0.21267 0.21497 0.21624 0.21703 0.21739 0.21728 0.21619 0.21364 0.20888 0.20281 0.19705 0.19235 0.18968 0.19074 0.19771 0.21225 0.23169 0.24831 0.25642 0.25585 0.25302 0.25267 0.25487 0.25861 0.26313 0.26818 0.27388 0.28005 0.28602 0.29117 0.29575 0.3007 0.30666 0.31361 0.32097 0.3268 0.33009 0.33411 0.34041 0.34742 0.35463 0.36205 0.36963 0.37736 0.3852 0.39314 0.40116 0.40923 0.41723 0.42508 0.43271
0.1152 0.12454 0.13342 0.1417 0.14967 0.15773 0.1652 0.17196 0.17813 0.18393 0.18908 0.19386 0.19945 0.20688 0.21501 0.22228 0.22814 0.23212 0.23437 0.2358 0.23679 0.23704 0.23622 0.23414 0.22983 0.22363 0.21698 0.2101 0.2031 0.19642 0.19118 0.19087 0.20635 0.2158 0.23162 0.23087 0.23418 0.23994 0.24617 0.25247 0.25861 0.26454 0.27024 0.27606 0.28226 0.2885 0.29407 0.2989 0.30389 0.30987 0.31658 0.32143 0.32453 0.32942 0.33626 0.3435 0.35101 0.35876 0.36678 0.37495 0.3833 0.39183 0.4005 0.40932 0.41816 0.42695 0.43557
0.12333 0.13278 0.14192 0.15047 0.15878 0.16715 0.17527 0.1827 0.18968 0.19619 0.20194 0.20751 0.21352 0.22075 0.22898 0.23681 0.24378 0.24952 0.25326 0.25558 0.25727 0.25811 0.25799 0.25696 0.25389 0.24898 0.24356 0.23774 0.23128 0.22365 0.21364 0.19769 0.16655 0.0531 0.16233 0.20703 0.22417 0.23435 0.24187 0.24825 0.25417 0.25992 0.26557 0.27104 0.27646 0.28235 0.28855 0.29435 0.29948 0.3046 0.30974 0.31334 0.31683 0.32269 0.32991 0.33751 0.34541 0.35368 0.36226 0.37111 0.38018 0.3895 0.39906 0.40884 0.41876 0.42875 0.43873
0.13327 0.14283 0.15218 0.16103 0.16965 0.17841 0.187 0.19512 0.20273 0.20971 0.21603 0.22224 0.22876 0.23586 0.24391 0.25207 0.25969 0.26663 0.27207 0.27566 0.27806 0.27959 0.28037 0.28064 0.27925 0.27642 0.27373 0.27153 0.2703 0.27087 0.27486 0.28548 0.3101 0.31672 0.30401 0.27505 0.25834 0.25116 0.2491 0.2499 0.25235 0.25577 0.25994 0.26467 0.26956 0.27455 0.28005 0.28613 0.29218 0.29757 0.30106 0.30307 0.3071 0.31383 0.32143 0.32944 0.33791 0.34679 0.35608 0.36575 0.37577 0.38613 0.39685 0.40788 0.41917 0.43066 0.44228
0.14484 0.1545 0.1641 0.17338 0.18237 0.19152 0.20055 0.20917 0.21726 0.22466 0.23137 0.23808 0.24501 0.25197 0.25962 0.26786 0.27579 0.28328 0.28995 0.29501 0.29824 0.30027 0.30184 0.30318 0.30318 0.30223 0.30186 0.30275 0.3055 0.31095 0.32 0.33248 0.34392 0.34553 0.33299 0.31069 0.28815 0.2712 0.26033 0.25434 0.25193 0.25197 0.25371 0.25671 0.26073 0.26525 0.27007 0.27539 0.28146 0.28735 0.29031 0.29167 0.29585 0.30289 0.31092 0.31947 0.32856 0.33817 0.34832 0.35898 0.37008 0.38169 0.39378 0.40634 0.41932 0.43265 0.44632
0.15748 0.16742 0.17737 0.18722 0.19672 0.20618 0.21566 0.22468 0.23311 0.24081 0.24787 0.25489 0.26207 0.26889 0.27601 0.28392 0.29191 0.29948 0.30661 0.31273 0.31684 0.31923 0.32117 0.32292 0.32357 0.3235 0.32415 0.32593 0.32907 0.33366 0.33928 0.34454 0.34671 0.34291 0.33196 0.31555 0.2972 0.28027 0.26657 0.25665 0.25034 0.24712 0.24637 0.24747 0.24998 0.25375 0.25832 0.26325 0.26861 0.27353 0.27644 0.27916 0.28381 0.29033 0.29853 0.30773 0.31757 0.32802 0.33915 0.35088 0.36322 0.3762 0.38983 0.4041 0.41902 0.43455 0.45061
0.17041 0.18072 0.19129 0.20179 0.2119 0.22174 0.2316 0.24104 0.24976 0.25774 0.26499 0.27214 0.27932 0.28595 0.29242 0.29972 0.30746 0.31482 0.32179 0.32824 0.33303 0.33571 0.33754 0.33915 0.33971 0.33956 0.33987 0.34078 0.34223 0.34393 0.34528 0.3452 0.34243 0.33589 0.32527 0.31138 0.29584 0.28034 0.26642 0.25487 0.24619 0.2404 0.23736 0.23662 0.2377 0.24029 0.24425 0.24924 0.25424 0.25747 0.2599 0.26458 0.27072 0.27707 0.28485 0.29445 0.30516 0.31656 0.32874 0.34169 0.35533 0.36977 0.38503 0.40114 0.41808 0.4359 0.45458
0.18298 0.19396 0.20526 0.21649 0.22733 0.2377 0.24793 0.25778 0.26681 0.27494 0.28226 0.28933 0.29629 0.30254 0.30819 0.31455 0.32162 0.32844 0.33489 0.34095 0.34586 0.34884 0.35046 0.35154 0.3515 0.3506 0.3498 0.3491 0.34835 0.3472 0.34515 0.34158 0.3359 0.32766 0.31683 0.30391 0.28969 0.27525 0.26153 0.2494 0.23935 0.23169 0.22665 0.22412 0.22385 0.22539 0.22847 0.23298 0.23749 0.2399 0.24253 0.24817 0.25558 0.2631 0.27083 0.28021 0.29156 0.30407 0.31738 0.33153 0.34654 0.36249 0.37939 0.3973 0.41626 0.43631 0.45755
0.19468 0.20657 0.21875 0.23087 0.24255 0.25367 0.2644 0.2747 0.28406 0.29228 0.29947 0.30617 0.31257 0.31807 0.32272 0.3278 0.33383 0.33978 0.3454 0.35061 0.35506 0.3582 0.35976 0.36008 0.35905 0.35703 0.35488 0.35252 0.34977 0.34631 0.34186 0.33602 0.3285 0.31909 0.3079 0.29521 0.28153 0.26754 0.25393 0.24135 0.2303 0.22129 0.21457 0.21033 0.20859 0.20912 0.21145 0.21503 0.21804 0.22057 0.22492 0.23124 0.23887 0.24761 0.25659 0.26603 0.27738 0.29077 0.3053 0.3207 0.33705 0.35444 0.37291 0.3925 0.41328 0.43536 0.45884
0.20499 0.21783 0.23102 0.24423 0.25706 0.26917 0.2807 0.29156 0.30133 0.30958 0.31637 0.32238 0.32778 0.33211 0.33537 0.33885 0.34341 0.34824 0.35286 0.35717 0.36089 0.36383 0.36531 0.36492 0.36275 0.35958 0.35615 0.35231 0.34791 0.34274 0.33657 0.32918 0.32044 0.31026 0.2987 0.28601 0.27251 0.25863 0.24495 0.23186 0.22 0.20974 0.20154 0.19565 0.19235 0.19165 0.19324 0.1955 0.1969 0.1999 0.20635 0.21396 0.22195 0.23111 0.24145 0.25211 0.26357 0.27718 0.29278 0.30943 0.32705 0.34575 0.36561 0.38665 0.40896 0.43267 0.45785
0.2131 0.22687 0.24114 0.25573 0.27006 0.2836 0.29631 0.30817 0.31853 0.32674 0.33284 0.33756 0.34136 0.34395 0.34535 0.34687 0.3497 0.35334 0.35703 0.36047 0.36335 0.36569 0.36704 0.36622 0.36313 0.35896 0.35443 0.34941 0.34377 0.33734 0.32997 0.32153 0.31193 0.30115 0.28927 0.27646 0.26294 0.24906 0.23516 0.2217 0.20907 0.19774 0.18812 0.18067 0.1757 0.17355 0.1737 0.17416 0.17501 0.17908 0.18652 0.19568 0.20516 0.21487 0.22583 0.23795 0.25048 0.26414 0.28012 0.29791 0.3167 0.33654 0.35751 0.37971 0.40317 0.42802 0.45435
0.21785 0.23244 0.24791 0.26405 0.2803 0.29596 0.31069 0.32424 0.33562 0.34379 0.3487 0.35134 0.35255 0.35251 0.35151 0.35083 0.35201 0.35457 0.35745 0.3601 0.36217 0.3639 0.36505 0.36417 0.36057 0.35568 0.35036 0.34449 0.33798 0.33068 0.32249 0.31334 0.30315 0.29196 0.27982 0.26681 0.25322 0.23917 0.22501 0.21112 0.19779 0.18545 0.17456 0.16565 0.15906 0.15518 0.15291 0.15136 0.15284 0.1584 0.16637 0.17635 0.18775 0.19925 0.21093 0.22379 0.23772 0.25215 0.26807 0.28632 0.30614 0.32691 0.34874 0.37174 0.39594 0.42145 0.44833
0.21765 0.23279 0.24934 0.26713 0.28564 0.3043 0.32252 0.33916 0.35256 0.36092 0.36377 0.36274 0.35979 0.35601 0.35219 0.34946 0.34921 0.35097 0.3533 0.35553 0.35723 0.35864 0.35971 0.35901 0.35543 0.3502 0.3444 0.33802 0.33097 0.32313 0.31445 0.30484 0.2943 0.28281 0.27046 0.25731 0.24356 0.22935 0.21492 0.20052 0.18652 0.17329 0.16118 0.15076 0.14258 0.13646 0.13119 0.12826 0.13069 0.1374 0.14632 0.157 0.16965 0.18338 0.19693 0.21059 0.22534 0.24096 0.25716 0.27521 0.29545 0.31699 0.33938 0.36281 0.38735 0.41306 0.43998
0.21081 0.22568 0.24243 0.26121 0.28182 0.30429 0.32801 0.35083 0.36908 0.37858 0.37768 0.3698 0.36001 0.35128 0.34464 0.3405 0.33969 0.34147 0.34411 0.34661 0.34855 0.3502 0.35141 0.35106 0.34798 0.34293 0.33697 0.33039 0.32311 0.31501 0.30607 0.29624 0.28548 0.27386 0.26138 0.24813 0.23426 0.21986 0.20516 0.19034 0.17573 0.16155 0.14832 0.13646 0.12637 0.11718 0.10918 0.10588 0.10872 0.11602 0.12629 0.13831 0.15186 0.16709 0.18306 0.19842 0.21387 0.23035 0.24733 0.26514 0.28503 0.30681 0.32953 0.35309 0.37758 0.4031 0.42964
0.19721 0.2101 0.22497 0.2423 0.26249 0.28697 0.31697 0.35108 0.38172 0.39657 0.38883 0.36684 0.34586 0.33213 0.32476 0.32168 0.32247 0.32591 0.33006 0.33374 0.3366 0.33897 0.34071 0.34084 0.33861 0.33423 0.32847 0.32195 0.31467 0.30658 0.29759 0.2877 0.27689 0.26522 0.25273 0.23942 0.22548 0.21095 0.19601 0.18083 0.16565 0.1507 0.13638 0.12304 0.11036 0.09783 0.08809 0.08456 0.08712 0.09476 0.10635 0.12029 0.13531 0.15143 0.16891 0.18652 0.20332 0.22032 0.23805 0.25616 0.27534 0.2966 0.31928 0.3427 0.36684 0.39182 0.41765
0.17768 0.18676 0.197 0.20866 0.22224 0.23994 0.26554 0.30481 0.35522 0.39127 0.3829 0.3335 0.30209 0.29139 0.29107 0.2939 0.29902 0.30571 0.31231 0.31782 0.32213 0.32562 0.32818 0.32892 0.32773 0.32442 0.31923 0.31302 0.30597 0.29804 0.28919 0.27939 0.2687 0.25708 0.24462 0.23137 0.21739 0.20281 0.1877 0.17228 0.15662 0.141 0.1257 0.11054 0.09487 0.07975 0.0687 0.06403 0.06603 0.0743 0.08729 0.10315 0.12021 0.13755 0.15566 0.17464 0.19326 0.21097 0.229 0.24757 0.26646 0.28667 0.30876 0.33178 0.35532 0.37947 0.40433
0.1545 0.15827 0.16183 0.16432 0.16495 0.16404 0.16112 0.15336 0.13457 0.21274 0.31431 0.27996 0.24255 0.24261 0.25336 0.2634 0.27333 0.28348 0.29271 0.30023 0.30612 0.31097 0.31442 0.31594 0.31586 0.31388 0.3096 0.30389 0.29727 0.28965 0.28109 0.27151 0.261 0.24956 0.23721 0.22405 0.21014 0.19558 0.18044 0.16483 0.1489 0.13278 0.11645 0.0993 0.0813 0.0645 0.05148 0.04416 0.04572 0.05532 0.07007 0.08769 0.10658 0.12558 0.14436 0.16365 0.18338 0.20231 0.22045 0.23902 0.2579 0.27722 0.29809 0.32037 0.34318 0.36633 0.39
0.13126 0.12946 0.12653 0.12054 0.10973 0.09317 0.06877 0.04266 0.0772 0.18278 0.2605 0.23795 0.20792 0.21279 0.22534 0.23719 0.24904 0.26123 0.27247 0.28185 0.28934 0.2956 0.30003 0.30244 0.3035 0.3029 0.29982 0.29486 0.28877 0.28166 0.27346 0.26423 0.25397 0.24273 0.23059 0.21762 0.20384 0.18937 0.17433 0.15868 0.14265 0.12621 0.1089 0.09033 0.07162 0.05376 0.03755 0.02569 0.02608 0.03873 0.05621 0.0753 0.09524 0.11546 0.13509 0.1544 0.1741 0.19386 0.21258 0.23078 0.24938 0.26812 0.28754 0.30851 0.33041 0.35255 0.37491
0.11127 0.10531 0.09803 0.08769 0.0728 0.05495 0.04171 0.05394 0.09105 0.13704 0.17618 0.18889 0.18831 0.19432 0.20406 0.21466 0.22645 0.23937 0.25185 0.2627 0.27175 0.27946 0.2851 0.28865 0.29096 0.29179 0.29012 0.28611 0.28073 0.27417 0.26646 0.25758 0.24767 0.23673 0.22486 0.21211 0.19854 0.18431 0.16944 0.15398 0.13806 0.12137 0.10363 0.08521 0.06693 0.04868 0.03017 0.01183 0.01 0.02793 0.04743 0.06723 0.08735 0.10756 0.12767 0.14711 0.16628 0.1858 0.20499 0.22309 0.24104 0.25923 0.27751 0.29666 0.31711 0.33808 0.35915
0.09654 0.08843 0.07861 0.06648 0.05206 0.03873 0.03521 0.04858 0.07155 0.0969 0.12008 0.13864 0.15362 0.16724 0.17978 0.19149 0.20391 0.2176 0.23104 0.24304 0.25342 0.26237 0.26926 0.27432 0.27821 0.28062 0.28066 0.27788 0.27328 0.26738 0.26017 0.25175 0.2422 0.23158 0.21998 0.20753 0.19429 0.18036 0.1658 0.15073 0.13494 0.11849 0.10149 0.08432 0.06716 0.05 0.03302 0.01789 0.01449 0.02828 0.04583 0.06434 0.08331 0.10271 0.12219 0.14142 0.16009 0.17872 0.19753 0.21571 0.23302 0.25036 0.26779 0.28536 0.30389 0.3233 0.34288
