data/pm10_slope_4cell_max.asc
ncols	541
nrows	200
xllcorner	12.09692
yllcorner	48.55814
cellsize	0.0125
NODATA_value	-9999.0
[rows 150 to 179 of 200, columns 268 to 334 of 541]
0.90649 0.83497 0.83622 0.84031 0.83708 0.82676 0.81344 0.86553 0.91316 0.95442 0.98845 1.01546 1.03656 1.05316 1.06597 1.07494 1.08 1.08102 1.078 1.07764 1.08798 1.10321 1.12131 1.1358 1.1467 1.15329 1.15863 1.16547 1.16813 1.16702 1.1627 1.16163 1.16223 1.16073 1.15706 1.15634 1.15559 1.18809 1.25643 1.33501 1.41062 1.48122 1.5436 1.60055 1.64671 1.68103 1.70664 1.72505 1.75107 1.7734 1.7911 1.80558 1.81436 1.8187 1.81786 1.81302 1.80249 1.78554 1.76466 1.73692 1.70535 1.67064 1.63666 1.59764 1.55408 1.50498 1.45023
0.91388 0.83186 0.7924 0.79538 0.79773 0.79298 0.78136 0.81824 0.87051 0.91612 0.95514 0.98741 1.01331 1.0335 1.0484 1.05869 1.06444 1.06577 1.06306 1.07642 1.09565 1.12401 1.14522 1.16116 1.1759 1.18655 1.19312 1.20207 1.20971 1.21374 1.21452 1.21554 1.21843 1.22027 1.21947 1.2163 1.21318 1.24431 1.31048 1.37186 1.43558 1.49641 1.5466 1.58921 1.62631 1.65578 1.67697 1.69681 1.71765 1.73489 1.74872 1.75697 1.76249 1.76151 1.75637 1.74552 1.73058 1.70955 1.68171 1.64984 1.61318 1.57964 1.54058 1.49546 1.44491 1.38892 1.32722
0.91875 0.83646 0.76142 0.7541 0.74723 0.7462 0.74034 0.76967 0.82213 0.86825 0.91033 0.94806 0.97954 1.00518 1.02525 1.03993 1.04943 1.05384 1.05442 1.07396 1.10852 1.14059 1.16592 1.18427 1.19867 1.21314 1.22401 1.23258 1.24413 1.25268 1.2581 1.26225 1.26748 1.27018 1.27233 1.27161 1.26823 1.28869 1.34947 1.40602 1.4511 1.50096 1.54459 1.57507 1.59699 1.61566 1.63482 1.65458 1.67071 1.68308 1.69082 1.69564 1.69477 1.69021 1.67909 1.6638 1.64244 1.61684 1.58471 1.54706 1.51224 1.47219 1.4263 1.37565 1.31949 1.25847 1.19271
0.9231 0.8414 0.75984 0.71138 0.70622 0.69476 0.68897 0.71554 0.76896 0.81886 0.86262 0.9009 0.93801 0.96894 0.99414 1.01387 1.0284 1.03795 1.04852 1.07296 1.11499 1.15055 1.17969 1.20226 1.21808 1.23288 1.24744 1.25845 1.27131 1.28372 1.293 1.30165 1.3077 1.31282 1.31531 1.31681 1.31545 1.32817 1.37466 1.42311 1.46325 1.49227 1.52601 1.55239 1.56545 1.57064 1.58523 1.5982 1.60953 1.61625 1.61981 1.61833 1.61315 1.60275 1.5878 1.56608 1.54013 1.50805 1.47192 1.43653 1.39574 1.34964 1.2994 1.2444 1.18545 1.13874 1.09705
0.92824 0.84719 0.76624 0.68503 0.65717 0.65075 0.63876 0.65926 0.71217 0.76139 0.81004 0.85295 0.89006 0.92511 0.95554 0.98044 1.00004 1.01462 1.03654 1.0693 1.11465 1.15372 1.18644 1.21277 1.23268 1.24676 1.26356 1.27814 1.29141 1.3082 1.32172 1.33204 1.34121 1.34713 1.35108 1.35307 1.35226 1.36201 1.38944 1.42888 1.46102 1.48327 1.49718 1.51103 1.51947 1.51756 1.52324 1.5291 1.53277 1.53541 1.53283 1.52701 1.516 1.5007 1.48002 1.4543 1.42232 1.38718 1.35251 1.31265 1.26939 1.22503 1.18677 1.14561 1.11724 1.09112 1.06548
0.93559 0.85452 0.77283 0.69094 0.61579 0.59924 0.59204 0.60102 0.65293 0.70461 0.7507 0.79816 0.84051 0.87722 0.90925 0.93943 0.96426 0.98771 1.02107 1.06191 1.10793 1.14997 1.18614 1.21609 1.23965 1.25685 1.27211 1.29005 1.30458 1.32504 1.34218 1.35594 1.36587 1.3734 1.37859 1.38059 1.38148 1.3816 1.4037 1.42312 1.44551 1.46302 1.46995 1.4708 1.4664 1.46196 1.45874 1.45628 1.45328 1.44759 1.44107 1.42899 1.41356 1.39347 1.36886 1.33844 1.30525 1.27002 1.24369 1.21469 1.18483 1.16077 1.13638 1.11089 1.08518 1.05683 1.02932
0.94602 0.86317 0.78082 0.69806 0.61944 0.56101 0.54681 0.56958 0.60357 0.64358 0.69407 0.73959 0.78364 0.82565 0.86209 0.89297 0.92086 0.96245 1.00328 1.05387 1.0992 1.1401 1.17874 1.2119 1.23902 1.25975 1.27484 1.2939 1.31142 1.33309 1.35367 1.37016 1.38253 1.39129 1.39657 1.40051 1.40107 1.39867 1.39974 1.4164 1.42577 1.4318 1.43392 1.42875 1.42132 1.41138 1.39892 1.38439 1.37315 1.36242 1.3482 1.33296 1.3126 1.28842 1.25942 1.2395 1.2173 1.20583 1.19158 1.17318 1.1509 1.12739 1.10148 1.07485 1.04684 1.01916 0.9895
0.96243 0.8769 0.79175 0.70958 0.63005 0.55982 0.53922 0.54536 0.57499 0.60656 0.63485 0.68098 0.72608 0.76634 0.80799 0.84419 0.88685 0.93094 0.98838 1.04087 1.08801 1.12981 1.16632 1.20075 1.23061 1.25466 1.27262 1.28936 1.31007 1.33202 1.35554 1.37424 1.38884 1.39971 1.40697 1.41071 1.41126 1.4098 1.40486 1.40179 1.40459 1.40329 1.39972 1.39172 1.37888 1.36107 1.33922 1.31879 1.29852 1.28054 1.26208 1.23928 1.21535 1.20164 1.19643 1.18973 1.18027 1.16815 1.15316 1.13556 1.1148 1.09003 1.06367 1.03566 1.0105 0.99056 0.9697
0.98285 0.89629 0.81027 0.72675 0.65042 0.59172 0.56324 0.55936 0.56 0.57704 0.60529 0.6299 0.66501 0.70975 0.74957 0.79704 0.8541 0.91296 0.96832 1.02259 1.07162 1.11524 1.15346 1.1863 1.21559 1.24189 1.26264 1.27878 1.30003 1.32406 1.34714 1.36787 1.38446 1.3972 1.40621 1.41158 1.41318 1.41106 1.40535 1.39736 1.39174 1.38152 1.37029 1.35671 1.33836 1.31659 1.29088 1.26236 1.23546 1.20874 1.18317 1.16649 1.16351 1.16138 1.15826 1.15059 1.14014 1.12723 1.11184 1.09339 1.07169 1.0504 1.03155 1.01068 0.98773 0.96342 0.94207
1.01098 0.92223 0.83406 0.75534 0.69175 0.64403 0.60412 0.57839 0.5744 0.56845 0.58016 0.59982 0.625 0.65332 0.70623 0.76779 0.83232 0.89289 0.94896 1.00022 1.04972 1.09516 1.13517 1.16973 1.19887 1.22317 1.24546 1.26337 1.28151 1.3067 1.33018 1.35079 1.36908 1.38348 1.39403 1.4008 1.40371 1.40271 1.39788 1.38906 1.37579 1.36158 1.34563 1.32564 1.3025 1.27508 1.24417 1.21001 1.17817 1.15237 1.13655 1.12859 1.12356 1.11905 1.11349 1.10746 1.09755 1.0837 1.07066 1.05685 1.04082 1.02243 1.0006 0.98066 0.95942 0.9361 0.91085
1.04346 0.95474 0.87529 0.80758 0.74786 0.69688 0.65207 0.61869 0.58918 0.58363 0.57632 0.58121 0.60561 0.63478 0.68073 0.74638 0.8082 0.86763 0.92534 0.97825 1.02589 1.06937 1.11114 1.14743 1.17826 1.20368 1.22381 1.24154 1.25783 1.28247 1.30573 1.32691 1.34412 1.35834 1.37021 1.37818 1.38223 1.38222 1.37833 1.37034 1.35781 1.3413 1.32139 1.29832 1.27164 1.24171 1.20842 1.17581 1.14526 1.11852 1.10295 1.08889 1.08039 1.07385 1.06782 1.05921 1.05373 1.04715 1.03796 1.02506 1.00885 0.9896 0.96832 0.94417 0.92186 0.90053 0.88839
1.08826 1.00839 0.93228 0.86272 0.80263 0.74675 0.70134 0.66042 0.63026 0.60141 0.58925 0.58885 0.61322 0.65923 0.70739 0.76143 0.82108 0.8769 0.93105 0.98197 1.02628 1.06769 1.10512 1.14093 1.17274 1.19517 1.21799 1.23432 1.25464 1.27869 1.30023 1.31776 1.3327 1.34396 1.35293 1.35673 1.35685 1.35527 1.35001 1.34012 1.32719 1.31141 1.29218 1.26955 1.24354 1.21419 1.1818 1.14862 1.1189 1.09199 1.06785 1.05515 1.04239 1.03301 1.02817 1.0253 1.01917 1.00926 0.99763 0.98511 0.97004 0.95196 0.93115 0.90785 0.88246 0.8675 0.87477
1.14255 1.06382 0.9884 0.9164 0.85334 0.79632 0.74668 0.70397 0.66928 0.64002 0.61647 0.61452 0.63987 0.68437 0.73553 0.79499 0.84985 0.90389 0.955 1.00375 1.04889 1.08708 1.12356 1.15589 1.18531 1.2114 1.22822 1.24519 1.25774 1.27618 1.29952 1.31676 1.32892 1.33651 1.34058 1.34084 1.33641 1.32884 1.31827 1.30361 1.28531 1.26855 1.25187 1.23193 1.20875 1.18263 1.154 1.123 1.09114 1.06573 1.04286 1.02187 1.00969 0.99852 0.98923 0.98347 0.97885 0.97098 0.95898 0.94345 0.92611 0.90665 0.88597 0.86453 0.85058 0.85411 0.86633
1.19605 1.11699 1.04056 0.96801 0.90163 0.8447 0.79009 0.74688 0.70783 0.67739 0.65673 0.65446 0.67377 0.71456 0.76587 0.82088 0.87664 0.92542 0.97431 1.01976 1.06309 1.10202 1.13519 1.16534 1.19217 1.21542 1.23516 1.2473 1.25668 1.26723 1.28604 1.30063 1.31173 1.31877 1.32076 1.31794 1.31189 1.30188 1.28803 1.27054 1.24989 1.22599 1.2056 1.18691 1.16541 1.14132 1.11491 1.08667 1.0569 1.03002 1.00979 0.98998 0.97132 0.95854 0.94895 0.9397 0.93255 0.92454 0.91388 0.89992 0.88266 0.86236 0.83899 0.81974 0.82613 0.84143 0.87336
1.24659 1.16661 1.0907 1.01763 0.94895 0.88902 0.83408 0.78604 0.74746 0.71639 0.7005 0.69356 0.71181 0.74915 0.79379 0.84392 0.89372 0.94531 0.98924 1.03168 1.07107 1.10896 1.1427 1.1692 1.19322 1.21403 1.23035 1.24291 1.25041 1.25656 1.26864 1.28033 1.28672 1.29017 1.29026 1.28606 1.27768 1.26545 1.25084 1.23257 1.21067 1.18561 1.15731 1.13269 1.11131 1.08916 1.06562 1.04022 1.01349 0.98778 0.96797 0.95095 0.93235 0.91618 0.90201 0.89354 0.88431 0.87439 0.86286 0.84887 0.83219 0.81277 0.79087 0.79466 0.80232 0.83497 0.86947
1.29607 1.21628 1.13885 1.06402 0.99498 0.93249 0.87714 0.82693 0.78973 0.75829 0.74109 0.73294 0.75043 0.7824 0.82099 0.86355 0.91108 0.95504 1.00088 1.04043 1.07622 1.1103 1.14107 1.16994 1.19132 1.20689 1.22041 1.22957 1.23457 1.23647 1.24489 1.25209 1.25717 1.25774 1.25532 1.24949 1.2399 1.22663 1.20973 1.19049 1.16766 1.14125 1.11129 1.0778 1.05187 1.02829 1.00612 0.98358 0.96037 0.93902 0.91992 0.90371 0.88779 0.86992 0.85617 0.84134 0.83194 0.82256 0.81068 0.79628 0.77895 0.75833 0.75891 0.76468 0.79433 0.82425 0.85748
1.34896 1.26635 1.18606 1.11095 1.0416 0.97801 0.9215 0.87111 0.8308 0.79951 0.77885 0.77277 0.78784 0.81311 0.84588 0.88328 0.92266 0.96682 1.00454 1.04398 1.07857 1.10933 1.13651 1.15922 1.18224 1.1981 1.20878 1.21394 1.21517 1.21592 1.21263 1.21801 1.21989 1.21782 1.21335 1.20622 1.19574 1.18154 1.16377 1.14352 1.11967 1.09229 1.06144 1.0273 0.99028 0.96258 0.93864 0.91699 0.89835 0.88202 0.86715 0.85189 0.83548 0.82002 0.80374 0.79128 0.77676 0.76576 0.75462 0.74082 0.72429 0.71937 0.72482 0.7499 0.78006 0.81074 0.84826
1.40178 1.31699 1.23724 1.15975 1.0888 1.02614 0.96582 0.91628 0.8705 0.83913 0.81687 0.81215 0.82208 0.84514 0.86948 0.90014 0.93594 0.97196 1.01049 1.04348 1.07603 1.10388 1.12986 1.15059 1.16472 1.17893 1.1898 1.19462 1.19679 1.1946 1.18833 1.18329 1.18217 1.17796 1.17124 1.16216 1.14934 1.13288 1.11287 1.08944 1.06373 1.03462 1.00223 0.96658 0.93019 0.89304 0.86753 0.84513 0.82888 0.81714 0.80679 0.79459 0.78035 0.76411 0.74764 0.73329 0.72119 0.70794 0.69588 0.68156 0.67189 0.67944 0.69932 0.73036 0.76082 0.79807 0.83654
-9999.0 -9999.0 -9999.0 -9999.0 1.13761 1.07246 1.01042 0.95765 0.91068 0.87608 0.85389 0.85067 0.85803 0.87222 0.89352 0.91643 0.94456 0.97834 1.01187 1.04218 1.07075 1.09654 1.1197 1.13858 1.14959 1.15901 1.16568 1.16905 1.1674 1.16495 1.15975 1.15121 1.14442 1.13845 1.12934 1.11774 1.10247 1.08365 1.06263 1.03813 1.01025 0.97913 0.94488 0.90763 0.86769 0.82938 0.79248 0.77392 0.75831 0.74736 0.73882 0.72943 0.71827 0.70507 0.6897 0.67246 0.65841 0.64648 0.63388 0.61951 0.6288 0.64339 0.67431 0.70451 0.73945 0.77807 0.82636
-9999.0 -9999.0 -9999.0 -9999.0 -9999.0 1.11462 1.05548 0.99659 0.95048 0.91085 0.89038 0.8859 0.89089 0.90037 0.91424 0.93237 0.9546 0.97975 1.01053 1.04018 1.06554 1.08502 1.10188 1.12066 1.13429 1.13977 1.1433 1.14466 1.14303 1.13748 1.1298 1.12002 1.10714 1.09389 1.08256 1.06858 1.05098 1.02982 1.00577 0.97992 0.9507 0.91823 0.88273 0.84503 0.80577 0.76463 0.72769 0.69912 0.68846 0.67907 0.66875 0.66542 0.66183 0.65627 0.64634 0.63191 0.61356 0.59474 0.57692 0.5758 0.58349 0.61568 0.64848 0.68315 0.72116 0.7671 0.81485
-9999.0 -9999.0 -9999.0 -9999.0 -9999.0 -9999.0 1.09551 1.03825 0.98606 0.94767 0.92804 0.92108 0.92044 0.92696 0.93594 0.94744 0.96341 0.98437 1.0066 1.03123 1.05604 1.07753 1.08908 1.09868 1.10772 1.11497 1.11833 1.11834 1.11564 1.11014 1.10248 1.09092 1.07549 1.05692 1.03939 1.0219 1.0019 0.97838 0.95193 0.92347 0.89194 0.85843 0.82216 0.78305 0.74195 0.69939 0.66287 0.63303 0.61468 0.61893 0.62439 0.62446 0.62582 0.62437 0.62261 0.61577 0.60303 0.58512 0.57436 0.57522 0.59484 0.62383 0.65241 0.6857 0.72317 0.76302 0.80838
-9999.0 -9999.0 -9999.0 -9999.0 -9999.0 -9999.0 -9999.0 -9999.0 -9999.0 0.98491 0.96237 0.95184 0.94999 0.94902 0.95488 0.96382 0.97245 0.98716 1.00624 1.02502 1.04122 1.05878 1.07598 1.08488 1.08989 1.09152 1.09175 1.09125 1.08769 1.08028 1.06922 1.05711 1.04127 1.02192 1.0005 0.9786 0.95495 0.92954 0.90091 0.87007 0.83791 0.80271 0.76472 0.72415 0.68131 0.63647 0.59447 0.57015 0.5612 0.57718 0.58772 0.59834 0.6047 0.60287 0.59646 0.59198 0.58623 0.58234 0.59033 0.60828 0.63719 0.66564 0.69358 0.72125 0.75328 0.78809 0.82232
-9999.0 -9999.0 -9999.0 -9999.0 -9999.0 -9999.0 -9999.0 -9999.0 -9999.0 -9999.0 -9999.0 -9999.0 -9999.0 -9999.0 0.97075 0.97559 0.98449 0.99154 1.00295 1.02082 1.03656 1.0459 1.05535 1.06386 1.06836 1.07151 1.07142 1.06752 1.06148 1.05302 1.04205 1.02728 1.00876 0.98864 0.96672 0.94121 0.91267 0.88324 0.85315 0.82026 0.78444 0.74569 0.70444 0.66192 0.61737 0.57215 0.5315 0.50779 0.51199 0.53468 0.55324 0.55816 0.56636 0.56588 0.55994 0.55225 0.54968 0.56809 0.59091 0.62718 0.66302 0.69548 0.72539 0.7556 0.78664 0.81858 0.85079
-9999.0 -9999.0 -9999.0 -9999.0 -9999.0 -9999.0 -9999.0 -9999.0 -9999.0 -9999.0 -9999.0 -9999.0 -9999.0 -9999.0 -9999.0 -9999.0 -9999.0 0.99758 1.00548 1.01362 1.02618 1.03713 1.0447 1.04956 1.05093 1.05004 1.04837 1.04499 1.03789 1.02706 1.01339 -9999.0 0.97916 0.95779 0.93328 0.90621 0.8767 0.84506 0.81022 0.7722 0.73393 0.69282 0.64995 0.6045 0.55691 0.50805 0.46555 0.44045 0.44171 0.46716 0.48797 0.48625 0.49988 0.50111 0.49958 0.49855 0.51342 0.53547 0.58119 0.62567 0.66638 0.70525 0.74066 0.7754 0.80935 0.84288 0.87448
-9999.0 -9999.0 -9999.0 -9999.0 -9999.0 -9999.0 -9999.0 -9999.0 -9999.0 -9999.0 -9999.0 -9999.0 -9999.0 -9999.0 -9999.0 -9999.0 -9999.0 -9999.0 -9999.0 1.0128 1.02194 1.02921 1.03403 1.03661 1.03748 1.03598 -9999.0 -9999.0 -9999.0 -9999.0 -9999.0 -9999.0 -9999.0 0.92996 0.90532 0.87703 0.84522 0.81111 0.77285 0.73423 0.69271 0.64829 0.60108 0.5514 0.50005 0.45229 0.40655 0.37208 0.37785 0.4049 0.41561 0.39695 0.40126 0.40408 0.41435 0.44161 0.46817 0.50836 0.55065 0.59924 0.64866 0.69481 0.73665 0.77569 0.81503 0.85056 0.88362
-9999.0 -9999.0 -9999.0 -9999.0 -9999.0 -9999.0 -9999.0 -9999.0 -9999.0 -9999.0 -9999.0 -9999.0 -9999.0 -9999.0 -9999.0 -9999.0 -9999.0 -9999.0 -9999.0 -9999.0 -9999.0 -9999.0 -9999.0 -9999.0 -9999.0 -9999.0 -9999.0 -9999.0 -9999.0 -9999.0 -9999.0 -9999.0 -9999.0 -9999.0 -9999.0 0.85251 0.82095 0.78533 0.7463 0.70421 0.65876 0.61115 0.56228 0.51084 0.45617 0.40614 0.36036 0.31928 0.29865 0.32415 0.35088 0.35924 0.34642 0.33604 0.34393 0.37414 0.42475 0.47424 0.51884 0.56182 0.60925 0.65974 0.71034 0.75779 0.80182 0.84222 0.8782
-9999.0 -9999.0 -9999.0 -9999.0 -9999.0 -9999.0 -9999.0 -9999.0 -9999.0 -9999.0 -9999.0 -9999.0 -9999.0 -9999.0 -9999.0 -9999.0 -9999.0 -9999.0 -9999.0 -9999.0 -9999.0 -9999.0 -9999.0 -9999.0 -9999.0 -9999.0 -9999.0 -9999.0 -9999.0 -9999.0 -9999.0 -9999.0 -9999.0 -9999.0 -9999.0 -9999.0 -9999.0 0.76753 0.72816 0.68519 0.63926 0.59145 0.54133 0.48962 0.43536 0.37825 0.3234 0.28189 0.24521 0.23761 0.25263 0.27122 0.28109 0.28794 0.29222 0.32391 0.36973 0.42598 0.47887 0.52626 0.57158 0.6175 0.66344 0.71297 0.76428 0.8115 0.8542
-9999.0 -9999.0 -9999.0 -9999.0 -9999.0 -9999.0 -9999.0 -9999.0 -9999.0 -9999.0 -9999.0 -9999.0 -9999.0 -9999.0 -9999.0 -9999.0 -9999.0 -9999.0 -9999.0 -9999.0 -9999.0 -9999.0 -9999.0 -9999.0 -9999.0 -9999.0 -9999.0 -9999.0 -9999.0 -9999.0 -9999.0 -9999.0 -9999.0 -9999.0 -9999.0 -9999.0 -9999.0 -9999.0 0.72289 -9999.0 0.6353 0.5876 0.53746 0.48788 0.43772 0.38696 0.33607 0.28587 0.23264 0.22064 0.21907 0.22197 0.23013 0.241 0.25657 0.29232 0.34134 0.3875 0.4405 0.49225 0.53942 0.58588 0.63277 0.67626 0.72089 0.76649 0.80923
-9999.0 -9999.0 -9999.0 -9999.0 -9999.0 -9999.0 -9999.0 -9999.0 -9999.0 -9999.0 -9999.0 -9999.0 -9999.0 -9999.0 -9999.0 -9999.0 -9999.0 -9999.0 -9999.0 -9999.0 -9999.0 -9999.0 -9999.0 -9999.0 -9999.0 -9999.0 -9999.0 -9999.0 -9999.0 -9999.0 -9999.0 -9999.0 -9999.0 -9999.0 -9999.0 -9999.0 -9999.0 -9999.0 -9999.0 -9999.0 -9999.0 0.59757 0.55097 0.50303 0.45632 0.4108 0.36516 0.31958 0.279 0.26161 0.24672 0.24317 0.25304 0.26469 0.27384 0.29199 0.34185 0.38769 0.43014 0.47879 0.52838 0.57562 0.62165 0.6669 0.70961 0.74973 0.78719
-9999.0 -9999.0 -9999.0 -9999.0 -9999.0 -9999.0 -9999.0 -9999.0 -9999.0 -9999.0 -9999.0 -9999.0 -9999.0 -9999.0 -9999.0 -9999.0 -9999.0 -9999.0 -9999.0 -9999.0 -9999.0 -9999.0 -9999.0 -9999.0 -9999.0 -9999.0 -9999.0 -9999.0 -9999.0 -9999.0 -9999.0 -9999.0 -9999.0 -9999.0 -9999.0 -9999.0 -9999.0 -9999.0 -9999.0 -9999.0 -9999.0 0.612 0.57008 0.52807 0.48455 0.44107 0.39841 0.35579 0.31933 0.3005 0.28902 0.28302 0.28385 0.29139 0.30231 0.31512 0.34551 0.39474 0.44188 0.48696 0.5326 0.57854 0.6229 0.66487 0.70573 0.74442 0.78047
