data/pm10_slope_sharpnack_modal.asc
ncols	541
nrows	200
xllcorner	12.09692
yllcorner	48.55814
cellsize	0.0125
NODATA_value	-9999.0
[rows 150 to 179 of 200, columns 335 to 401 of 541]
0.20691 0.21062 0.21494 0.22032 0.22678 0.2339 0.24152 0.24964 0.25824 0.26734 0.277 0.28721 0.29803 0.30948 0.32162 0.33447 0.34798 0.36175 0.37519 0.38749 0.3963 0.39657 0.36894 0.2682 0.17126 0.20986 0.31496 0.40885 0.44154 0.49498 0.51807 0.50949 0.47119 0.41145 0.34621 0.28806 0.24166 0.20647 0.18022 0.16065 0.14584 0.13442 0.1257 0.11921 0.11467 0.1118 0.11059 0.11072 0.11216 0.11472 0.11824 0.12215 0.12621 0.13015 0.13454 0.13867 0.14206 0.14471 0.1468 0.14843 0.14963 0.15053 0.151 0.15116 0.15103 0.15093 0.15133
0.18934 0.19391 0.19947 0.20579 0.21256 0.21957 0.22678 0.23446 0.24263 0.25132 0.2605 0.27017 0.28041 0.29124 0.3027 0.31488 0.32786 0.3417 0.35623 0.37096 0.38494 0.39527 0.39517 0.36179 0.36806 0.42286 0.47676 0.51344 0.52799 0.54159 0.55405 0.55869 0.51903 0.43535 0.34771 0.27731 0.22711 0.19113 0.16483 0.14502 0.12969 0.11777 0.10854 0.10169 0.0969 0.09402 0.09279 0.09317 0.09503 0.09803 0.10178 0.10602 0.11009 0.11419 0.11891 0.12373 0.12814 0.13187 0.13468 0.13686 0.13853 0.13989 0.14089 0.14177 0.14318 0.14553 0.14873
0.17181 0.177 0.18328 0.18995 0.19693 0.20413 0.21145 0.21907 0.22705 0.23539 0.24425 0.25379 0.26405 0.27505 0.28697 0.30003 0.31459 0.33119 0.3506 0.37387 0.40231 0.43836 0.48635 0.50612 0.51963 0.52018 0.52108 0.52326 0.52227 0.51849 0.51126 0.49274 0.42776 0.33153 0.26176 0.21849 0.18695 0.16276 0.14332 0.12712 0.11349 0.10218 0.09295 0.08573 0.08044 0.07714 0.0757 0.07622 0.07823 0.08167 0.08579 0.09055 0.09503 0.09985 0.10479 0.10959 0.11411 0.11803 0.12128 0.12381 0.1259 0.12787 0.12996 0.13278 0.13675 0.14174 0.14714
0.15585 0.16174 0.1684 0.17519 0.18213 0.18929 0.19665 0.20438 0.21246 0.22086 0.22976 0.23942 0.24986 0.26134 0.27417 0.28872 0.30532 0.32455 0.34715 0.37397 0.40562 0.44096 0.47469 0.49841 0.50973 0.5093 0.50069 0.4876 0.47047 0.44817 0.41807 0.37368 0.29346 0.19529 0.15186 0.14714 0.14071 0.13145 0.12066 0.10941 0.09849 0.08843 0.07944 0.07176 0.0658 0.06173 0.05983 0.06025 0.06277 0.06693 0.07169 0.07642 0.08106 0.08591 0.0905 0.09497 0.0991 0.103 0.10658 0.10995 0.113 0.11628 0.1205 0.12598 0.1324 0.13921 0.14574
0.14195 0.14843 0.15537 0.16236 0.16956 0.17697 0.18469 0.19267 0.20095 0.20955 0.21875 0.22865 0.23937 0.25122 0.26446 0.27952 0.29663 0.3162 0.3385 0.36347 0.39032 0.41731 0.44129 0.45852 0.46639 0.46406 0.45265 0.43384 0.40861 0.3768 0.33765 0.28981 0.23067 0.17032 0.13439 0.12272 0.11752 0.1118 0.10445 0.09586 0.08666 0.07733 0.06812 0.05983 0.05301 0.04827 0.04583 0.04615 0.04889 0.05301 0.05771 0.06197 0.06648 0.07106 0.07563 0.08 0.08438 0.08866 0.09263 0.0967 0.10119 0.10691 0.11371 0.12145 0.12954 0.1373 0.14471
0.12992 0.13675 0.14412 0.15156 0.15922 0.16712 0.17536 0.18393 0.19287 0.20224 0.21211 0.22258 0.23371 0.24574 0.25892 0.27351 0.2896 0.30729 0.32654 0.34687 0.36741 0.38674 0.40303 0.41433 0.41882 0.4153 0.40344 0.38377 0.35742 0.32542 0.28874 0.24872 0.20782 0.17082 0.143 0.12522 0.11358 0.1044 0.09571 0.08678 0.07765 0.06834 0.05908 0.0502 0.04254 0.03661 0.03302 0.03225 0.03421 0.03808 0.04231 0.04669 0.05177 0.05692 0.06181 0.06671 0.07134 0.07583 0.08056 0.08597 0.09252 0.1004 0.10927 0.11845 0.12751 0.1362 0.14433
0.11987 0.12704 0.13487 0.14279 0.15093 0.15937 0.1682 0.17743 0.18703 0.19713 0.2077 0.21891 0.23072 0.24321 0.25648 0.27048 0.28518 0.3005 0.31618 0.33177 0.34654 0.35949 0.36942 0.37526 0.37603 0.37113 0.3601 0.34288 0.31981 0.29196 0.26098 0.22882 0.19771 0.16976 0.14653 0.12826 0.11389 0.10213 0.09182 0.0821 0.07259 0.06309 0.05357 0.04438 0.03564 0.02775 0.02121 0.01789 0.01924 0.02324 0.02757 0.03286 0.03873 0.04438 0.05 0.05541 0.0605 0.06611 0.07239 0.07944 0.08746 0.09633 0.10611 0.11662 0.127 0.13653 0.14478
0.11167 0.11916 0.1274 0.1359 0.1445 0.15343 0.16267 0.17234 0.18243 0.19295 0.20399 0.21552 0.2276 0.24015 0.25316 0.26653 0.28012 0.29367 0.30679 0.31897 0.32961 0.33798 0.34335 0.34509 0.34277 0.33611 0.32507 0.30981 0.2906 0.26801 0.24296 0.21705 0.19194 0.16888 0.14856 0.13119 0.11649 0.10402 0.09311 0.08301 0.07335 0.0638 0.05422 0.04472 0.03507 0.0255 0.01612 0.00837 0.00447 0.00894 0.01483 0.02168 0.02828 0.03493 0.04111 0.04722 0.05394 0.06124 0.06914 0.07714 0.08497 0.09327 0.10412 0.11705 0.12907 0.13871 0.14577
0.10464 0.11216 0.12054 0.12934 0.13813 0.14724 0.15665 0.16643 0.17661 0.18714 0.19807 0.20938 0.22104 0.23309 0.24534 0.25768 0.26993 0.28178 0.29288 0.30287 0.31121 0.3174 0.32094 0.32137 0.31842 0.3119 0.30191 0.28874 0.27291 0.25499 0.23558 0.21529 0.19478 0.1749 0.15649 0.13993 0.1253 0.11225 0.1005 0.08955 0.07918 0.06921 0.05933 0.0497 0.04012 0.03098 0.02214 0.01517 0.00949 0.00707 0.01 0.01643 0.0228 0.02966 0.03674 0.04438 0.05263 0.06132 0.07 0.07817 0.08597 0.09397 0.10625 0.12198 0.13439 0.14192 0.14636
0.09864 0.1063 0.11476 0.12369 0.13266 0.14181 0.15123 0.16103 0.17111 0.18149 0.19215 0.2031 0.21429 0.22563 0.23702 0.24833 0.25936 0.26991 0.27964 0.28825 0.29538 0.30062 0.30361 0.30411 0.30188 0.29683 0.28905 0.27877 0.26633 0.25223 0.237 0.22104 0.20455 0.18791 0.17152 0.15582 0.14114 0.12767 0.11524 0.10363 0.09268 0.08228 0.07232 0.06261 0.05348 0.04483 0.03755 0.03146 0.02646 0.02258 0.02098 0.02214 0.0253 0.03082 0.03768 0.04561 0.05431 0.06309 0.0719 0.08068 0.08961 0.09955 0.11318 0.1283 0.13777 0.14167 0.14328
0.0956 0.10359 0.11216 0.12128 0.13054 0.13982 0.14933 0.15912 0.16914 0.17939 0.18987 0.20047 0.21121 0.22199 0.23264 0.2431 0.25312 0.26255 0.27111 0.27853 0.2846 0.28902 0.29155 0.29199 0.29026 0.2863 0.28018 0.27208 0.26228 0.25104 0.2387 0.22568 0.21241 0.19922 0.1862 0.17326 0.16041 0.14782 0.13572 0.12422 0.11331 0.10291 0.09306 0.08367 0.07483 0.06693 0.06033 0.05441 0.04919 0.04461 0.04099 0.03873 0.03808 0.03975 0.04405 0.05 0.05718 0.06504 0.07328 0.0821 0.0916 0.10227 0.11485 0.12673 0.13304 0.13513 0.13594
0.09476 0.10291 0.11149 0.12062 0.13008 0.13936 0.14886 0.15856 0.16837 0.17841 0.18852 0.1987 0.20888 0.21895 0.22887 0.23841 0.24749 0.25591 0.26348 0.27 0.27528 0.27911 0.28135 0.28187 0.28061 0.27756 0.2728 0.26646 0.25865 0.24958 0.23948 0.2288 0.21788 0.207 0.19642 0.18609 0.17593 0.16574 0.15543 0.14505 0.13483 0.12498 0.11554 0.10672 0.09849 0.09154 0.08526 0.07956 0.07389 0.06834 0.06317 0.05865 0.05586 0.05505 0.0563 0.0595 0.06419 0.07007 0.07694 0.08473 0.09343 0.10271 0.11171 0.11908 0.12394 0.12669 0.1283
0.09534 0.10349 0.11194 0.12087 0.13023 0.1395 0.14883 0.1583 0.16781 0.17745 0.18716 0.19682 0.20642 0.21585 0.22501 0.23379 0.24207 0.2497 0.25653 0.26239 0.26713 0.27065 0.27282 0.27353 0.2728 0.27057 0.26695 0.26194 0.25558 0.24809 0.23981 0.23104 0.22197 0.21286 0.20384 0.19504 0.1866 0.17847 0.17047 0.16236 0.15401 0.14546 0.13693 0.12861 0.12124 0.11472 0.10854 0.10203 0.09524 0.08843 0.08222 0.07707 0.07348 0.07141 0.07106 0.07225 0.07497 0.07899 0.0842 0.09044 0.09721 0.10387 0.10995 0.11493 0.11891 0.12174 0.12361
0.09685 0.10488 0.11305 0.12166 0.13077 0.13989 0.14893 0.15805 0.16724 0.17647 0.18569 0.19481 0.20384 0.21265 0.2212 0.22933 0.23692 0.24393 0.25016 0.25556 0.26 0.26336 0.26556 0.26655 0.26633 0.26486 0.26209 0.25803 0.25286 0.24684 0.24012 0.23296 0.22546 0.21783 0.21017 0.20258 0.19517 0.18804 0.18127 0.17481 0.16846 0.16202 0.15537 0.14876 0.1423 0.13554 0.12818 0.12033 0.11261 0.1055 0.0993 0.09423 0.09022 0.08758 0.0862 0.0862 0.08752 0.09006 0.09375 0.09808 0.10257 0.10682 0.11082 0.11467 0.11815 0.12087 0.12272
0.09884 0.10658 0.11441 0.12264 0.1313 0.14018 0.14896 0.1577 0.16649 0.1753 0.18401 0.19267 0.20115 0.2094 0.21737 0.22494 0.23199 0.23852 0.24436 0.24944 0.25367 0.25696 0.25931 0.2606 0.26079 0.25983 0.25768 0.25452 0.2505 0.24574 0.2404 0.23458 0.22843 0.22208 0.21564 0.20917 0.20276 0.19649 0.19042 0.18469 0.17922 0.17407 0.169 0.16392 0.15811 0.15146 0.14381 0.13605 0.12857 0.12178 0.11576 0.11068 0.10654 0.10349 0.10154 0.1007 0.101 0.10237 0.10445 0.10696 0.10964 0.11229 0.11511 0.11798 0.12083 0.12341 0.12538
0.1009 0.10826 0.11584 0.12357 0.1318 0.14029 0.14876 0.15713 0.16553 0.17387 0.18215 0.19032 0.19832 0.20608 0.21356 0.22066 0.22731 0.23343 0.23896 0.24384 0.24797 0.2513 0.25375 0.25524 0.2557 0.25515 0.25365 0.25138 0.24837 0.24472 0.24056 0.23592 0.23093 0.2257 0.22036 0.21492 0.20945 0.20399 0.19865 0.19339 0.18796 0.1824 0.17709 0.17176 0.1664 0.16065 0.15476 0.14883 0.14286 0.13708 0.13157 0.12661 0.12239 0.11912 0.11675 0.11533 0.1148 0.11511 0.11606 0.1173 0.11874 0.12037 0.12231 0.12438 0.12653 0.12876 0.13073
0.103 0.10977 0.11692 0.1243 0.13202 0.14011 0.14826 0.1563 0.16426 0.17222 0.18006 0.1878 0.19537 0.20268 0.20976 0.21647 0.22278 0.22865 0.23394 0.23866 0.24276 0.24609 0.24856 0.25012 0.25084 0.2508 0.25 0.24852 0.24641 0.24374 0.24054 0.23696 0.23298 0.22878 0.22437 0.21986 0.21522 0.21033 0.20499 0.1992 0.19303 0.18703 0.18141 0.1761 0.17085 0.1658 0.16115 0.15684 0.15271 0.14866 0.14467 0.14085 0.13733 0.13424 0.13164 0.12985 0.1288 0.12853 0.12865 0.12903 0.12969 0.13065 0.13176 0.13312 0.13461 0.13627 0.13802
0.10483 0.11104 0.11773 0.12466 0.13191 0.1395 0.14734 0.15511 0.16273 0.17026 0.17774 0.18509 0.19228 0.19925 0.20596 0.21234 0.2184 0.22403 0.22917 0.23379 0.23774 0.24094 0.24339 0.24515 0.24627 0.24672 0.24658 0.24583 0.24452 0.24267 0.24042 0.23772 0.23469 0.23134 0.22766 0.22352 0.21875 0.21335 0.20732 0.20092 0.19483 0.18939 0.18431 0.1793 0.17436 0.16974 0.1655 0.16171 0.15834 0.1555 0.15297 0.1507 0.14856 0.14666 0.14502 0.14387 0.14307 0.14251 0.14206 0.14192 0.14195 0.14227 0.14279 0.14353 0.14446 0.14557 0.14687
0.10663 0.11203 0.11807 0.12462 0.13145 0.1386 0.14605 0.15356 0.16087 0.16808 0.17521 0.18221 0.18905 0.19573 0.20211 0.20828 0.21408 0.21952 0.22448 0.22884 0.23259 0.23573 0.23835 0.2404 0.24189 0.24286 0.24329 0.24321 0.24261 0.24156 0.24008 0.23812 0.23554 0.23225 0.22821 0.22349 0.21813 0.21237 0.20642 0.20085 0.19578 0.19105 0.18639 0.18163 0.17712 0.17295 0.16912 0.16568 0.16267 0.16006 0.15796 0.15636 0.15531 0.15473 0.15476 0.15498 0.15521 0.15527 0.15524 0.15515 0.15502 0.15485 0.15482 0.15502 0.1554 0.15601 0.15691
0.10922 0.1134 0.11845 0.12422 0.13061 0.13737 0.14443 0.15162 0.15871 0.16559 0.17242 0.17914 0.18569 0.19209 0.19824 0.20416 0.20971 0.21487 0.2195 0.22367 0.22735 0.23059 0.23341 0.23578 0.23766 0.23908 0.24004 0.24056 0.24056 0.23987 0.23845 0.23618 0.23309 0.22924 0.22474 0.21991 0.21487 0.20976 0.20489 0.20047 0.19621 0.19194 0.18751 0.18322 0.17916 0.17541 0.17196 0.16891 0.16619 0.16392 0.16208 0.16084 0.16028 0.16056 0.16128 0.16223 0.16325 0.1642 0.16505 0.16571 0.16625 0.16658 0.16679 0.16694 0.16706 0.16727 0.16772
0.11247 0.11584 0.11971 0.12422 0.12965 0.13576 0.14244 0.14933 0.15624 0.16291 0.16947 0.17593 0.18221 0.18833 0.19424 0.19985 0.20501 0.20983 0.21427 0.21836 0.2221 0.2255 0.22852 0.23117 0.23341 0.23516 0.23628 0.23666 0.23624 0.23503 0.23298 0.23026 0.22696 0.22334 0.21943 0.21534 0.21107 0.20695 0.2032 0.19965 0.19593 0.19194 0.18796 0.18412 0.1805 0.17714 0.17407 0.17135 0.16897 0.16709 0.16583 0.16541 0.16562 0.16619 0.16691 0.16778 0.16879 0.16988 0.17108 0.17234 0.17352 0.17461 0.17544 0.17618 0.17675 0.17731 0.17793
0.11541 0.1187 0.12202 0.12562 0.12969 0.13454 0.14025 0.14673 0.15346 0.16003 0.16634 0.17251 0.17858 0.18434 0.18987 0.19504 0.1999 0.20452 0.20888 0.21298 0.21679 0.2203 0.22332 0.22579 0.22757 0.22871 0.22915 0.22884 0.22788 0.22638 0.22452 0.22231 0.21977 0.21693 0.2138 0.21045 0.20715 0.20411 0.2012 0.19814 0.19478 0.19126 0.18772 0.18431 0.18108 0.1781 0.17541 0.17306 0.17126 0.17021 0.16994 0.17015 0.17065 0.17129 0.17205 0.17295 0.17395 0.17507 0.17618 0.17734 0.17849 0.17956 0.18055 0.18147 0.18229 0.18306 0.18393
0.1179 0.12112 0.12446 0.12783 0.13126 0.13491 0.13918 0.14436 0.15043 0.15678 0.16297 0.16885 0.17444 0.17981 0.18491 0.18984 0.19453 0.19905 0.20322 0.20695 0.21019 0.21291 0.21506 0.21666 0.21762 0.21811 0.2182 0.21797 0.21744 0.21661 0.2155 0.21408 0.21234 0.21026 0.20789 0.20548 0.20325 0.2011 0.19865 0.19586 0.1929 0.18984 0.18676 0.18374 0.18091 0.17827 0.1761 0.17453 0.17384 0.17375 0.17398 0.17444 0.17504 0.17578 0.17672 0.17774 0.1788 0.18 0.18119 0.18235 0.18338 0.18428 0.18493 0.18526 0.18536 0.18528 0.18531
0.11954 0.12296 0.12637 0.12977 0.13315 0.13653 0.13989 0.14367 0.14826 0.15349 0.15909 0.16453 0.16976 0.17476 0.17944 0.18379 0.18778 0.19134 0.19447 0.19718 0.19937 0.20117 0.20261 0.20379 0.20477 0.20552 0.20611 0.20647 0.20659 0.20649 0.20613 0.20552 0.20457 0.2033 0.20194 0.20067 0.19932 0.19761 0.19542 0.19292 0.19032 0.1877 0.18507 0.18246 0.18003 0.17819 0.17703 0.17664 0.17669 0.17697 0.1774 0.17802 0.17877 0.17969 0.18072 0.18185 0.18306 0.18434 0.18558 0.18682 0.18791 0.18879 0.18929 0.18934 0.18881 0.18764 0.18615
0.12017 0.12369 0.12728 0.13073 0.1342 0.13759 0.14089 0.14401 0.14724 0.1508 0.15473 0.15884 0.16294 0.16688 0.17056 0.17381 0.17672 0.17922 0.18147 0.18349 0.18536 0.18706 0.1886 0.19003 0.19129 0.19246 0.19349 0.19442 0.19524 0.19586 0.19632 0.19652 0.19644 0.19632 0.19616 0.19586 0.19501 0.19352 0.19162 0.18947 0.18719 0.18485 0.18265 0.18072 0.17942 0.17872 0.17849 0.17855 0.17877 0.17914 0.17969 0.18039 0.18125 0.18226 0.18338 0.18466 0.18601 0.18748 0.18894 0.19047 0.19191 0.19321 0.19422 0.1947 0.19432 0.19267 0.18937
0.12042 0.12394 0.12736 0.13065 0.13375 0.13657 0.13907 0.14128 0.14318 0.14512 0.14721 0.1495 0.15186 0.1543 0.15684 0.15944 0.16196 0.16432 0.16649 0.16855 0.17047 0.17225 0.17393 0.17556 0.17709 0.17861 0.18008 0.18152 0.18295 0.18434 0.18563 0.18684 0.18804 0.18929 0.19029 0.19058 0.19003 0.18887 0.18722 0.18523 0.18314 0.18127 0.17989 0.17914 0.17883 0.17872 0.17866 0.1788 0.17911 0.17956 0.18022 0.18102 0.18202 0.18322 0.18453 0.18606 0.18775 0.18955 0.19149 0.19355 0.19568 0.19779 0.19982 0.20167 0.20303 0.20332 0.20162
0.11887 0.12174 0.12442 0.12681 0.12884 0.13061 0.13206 0.1333 0.13428 0.1352 0.13627 0.13751 0.13896 0.14046 0.14216 0.14408 0.14612 0.14826 0.1504 0.15245 0.15437 0.1562 0.15799 0.15969 0.1614 0.16316 0.16502 0.16691 0.16891 0.17108 0.17332 0.1759 0.17872 0.18136 0.18322 0.18407 0.18396 0.18303 0.18152 0.17983 0.17838 0.17745 0.17697 0.17678 0.17672 0.17678 0.17689 0.1772 0.17765 0.1783 0.17919 0.18025 0.18152 0.18298 0.18463 0.18649 0.18849 0.19074 0.19318 0.19581 0.19865 0.20172 0.20506 0.20871 0.21274 0.2173 0.22192
0.11292 0.11493 0.1167 0.11828 0.11967 0.12087 0.12198 0.12288 0.12373 0.12442 0.1251 0.1259 0.12681 0.12779 0.12876 0.12985 0.13103 0.1324 0.1339 0.13561 0.13733 0.1391 0.14082 0.14251 0.14426 0.14605 0.14802 0.1502 0.15268 0.15553 0.15906 0.16334 0.16775 0.17173 0.17473 0.17652 0.177 0.17647 0.17544 0.17447 0.17378 0.17326 0.17295 0.1728 0.17289 0.17318 0.17364 0.17421 0.17493 0.17584 0.17703 0.17838 0.17992 0.18166 0.18363 0.1858 0.1882 0.19081 0.19367 0.19682 0.20027 0.20406 0.2083 0.21312 0.2187 -9999.0 -9999.0
0.10407 0.10569 0.10719 0.10854 0.10973 0.11082 0.11171 0.11256 0.11318 0.11371 0.11415 0.11459 0.11511 0.11563 0.11615 0.1167 0.11735 0.11798 0.1187 0.1195 0.1205 0.1217 0.123 0.12446 0.12602 0.12771 0.12958 0.13168 0.13442 0.13802 0.14276 0.14822 0.15414 0.16006 0.16529 0.16897 0.17068 0.1707 0.16988 0.16885 0.16796 0.1673 0.167 0.16703 0.16736 0.16799 0.16882 0.16982 0.17097 0.17222 0.1737 0.17536 0.1772 0.17925 0.18155 0.18401 0.18671 0.18966 0.19285 0.19632 0.2001 0.20425 0.20881 0.2138 0.21918 -9999.0 -9999.0
0.09503 0.09644 0.09772 0.09889 0.0999 0.1008 0.10154 0.10218 0.10266 0.10305 0.10325 0.10334 0.10354 -9999.0 -9999.0 -9999.0 -9999.0 -9999.0 -9999.0 -9999.0 -9999.0 -9999.0 -9999.0 0.10625 0.10714 0.10821 0.10964 0.11158 0.11437 0.11807 0.1226 0.12834 0.13572 0.14512 0.15485 0.1623 0.16526 0.16392 0.16171 0.16003 0.15906 0.15868 0.15878 0.15928 0.16009 0.16118 0.16251 0.16404 0.16568 0.16742 0.16923 0.17126 0.17344 0.17578 0.17835 0.18111 0.18404 0.18724 0.19063 0.19429 0.19822 0.20241 0.20683 0.21154 -9999.0 -9999.0 -9999.0
