data/pm10_slope_sharpnack_max.asc
ncols	541
nrows	200
xllcorner	12.09692
yllcorner	48.55814
cellsize	0.0125
NODATA_value	-9999.0
[rows 150 to 179 of 200, columns 402 to 468 of 541]
2.30226 2.28084 2.26312 2.25446 2.25306 2.25412 2.2493 2.23593 2.21389 2.18546 2.15091 2.10962 2.06209 2.00968 1.95433 1.89599 1.83475 1.76986 1.70499 1.64451 1.58801 1.53549 1.48465 1.43359 1.38488 1.34604 1.32857 1.32312 1.32238 1.32544 1.32407 1.3181 1.30816 1.29497 1.27896 1.26285 1.24742 1.23444 1.22686 1.22335 1.22383 1.22749 1.23037 1.234 1.23942 1.23911 1.23301 1.22129 1.2072 1.18902 1.16714 1.14316 1.11746 1.09001 1.05976 1.02654 0.99747 0.97392 0.96132 0.95343 0.95238 0.96081 0.97654 0.99734 1.01975 1.04281 1.06614
2.21773 2.20797 2.20272 2.20591 2.21371 2.21974 2.21867 2.20957 2.19177 2.16624 2.13287 2.09186 2.04422 1.99154 1.93519 1.87429 1.81102 1.7468 1.68349 1.62413 1.56757 1.51549 1.46497 1.42025 1.38467 1.37727 1.38732 1.40069 1.41041 1.41647 1.41737 1.41325 1.40545 1.39398 1.37972 1.36307 1.34409 1.32629 1.31383 1.30668 1.30733 1.31304 1.31778 1.32462 1.33065 1.33229 1.32872 1.31939 1.30536 1.28603 1.26164 1.23441 1.2051 1.17407 1.14094 1.10763 1.07635 1.04996 1.03656 1.02638 1.01857 1.01678 1.02453 1.03951 1.05919 1.08147 1.10462
2.126 2.12631 2.13038 2.14505 2.16091 2.17221 2.17546 2.16969 2.15468 2.13112 2.09953 2.06091 2.01462 1.96141 1.90352 1.84115 1.77793 1.71554 1.65294 1.59525 1.54098 1.48937 1.44716 1.42756 1.42431 1.44688 1.46868 1.48566 1.4982 1.50611 1.50905 1.50677 1.49996 1.48944 1.47633 1.4608 1.44297 1.42349 1.40552 1.39313 1.38843 1.39201 1.39853 1.40799 1.41509 1.41877 1.41691 1.40864 1.3951 1.3753 1.34987 1.32151 1.29083 1.25778 1.22267 1.1887 1.15631 1.12917 1.11151 1.09702 1.08592 1.07813 1.07612 1.08256 1.09747 1.11678 1.13948
2.02517 2.03174 2.04853 2.07247 2.09413 2.10906 2.11582 2.11337 2.10141 2.08233 2.05517 2.02004 1.97482 1.92135 1.86238 1.80111 1.7435 1.68957 1.63612 1.58595 1.5345 1.49341 1.47671 1.48379 1.49938 1.51843 1.5463 1.56822 1.584 1.59405 1.59849 1.59721 1.59081 1.58035 1.5669 1.5513 1.53399 1.51481 1.4948 1.47752 1.4665 1.46396 1.46897 1.47965 1.48858 1.49501 1.49587 1.48963 1.47605 1.45561 1.42946 1.40036 1.36857 1.33415 1.29926 1.26625 1.2381 1.21572 1.19367 1.17065 1.15247 1.13812 1.13147 1.13021 1.1371 1.15304 1.17273
1.91694 1.93466 1.96197 1.99203 2.01762 2.03653 2.04781 2.05052 2.04414 2.02946 2.00534 1.97161 1.92909 1.87862 1.82287 1.76792 1.71655 1.66831 1.6204 1.57318 1.53427 1.51888 1.52888 1.5516 1.57065 1.5852 1.61868 1.6469 1.6669 1.67879 1.68343 1.68173 1.67443 1.66292 1.64843 1.63184 1.61358 1.59396 1.57328 1.55388 1.53833 1.53027 1.53106 1.54027 1.55007 1.55873 1.56162 1.55655 1.54374 1.5236 1.49769 1.46862 1.43717 1.40284 1.36974 1.3391 1.31596 1.29601 1.27168 1.24472 1.2199 1.19979 1.18698 1.18087 1.18076 1.18853 1.2047
1.80667 1.83766 1.87527 1.91162 1.94183 1.96475 1.97953 1.98558 1.98248 1.97076 1.9507 1.92089 1.88194 1.83397 1.78251 1.7344 1.69147 1.64739 1.60258 1.56418 1.55008 1.56124 1.58875 1.61483 1.63851 1.65674 1.68556 1.72052 1.74594 1.75946 1.76259 1.75798 1.74777 1.73385 1.71733 1.69896 1.67924 1.65872 1.63811 1.61838 1.6013 1.58936 1.58469 1.58884 1.59703 1.60655 1.61079 1.60795 1.59829 1.58181 1.56037 1.53366 1.50257 1.46927 1.43691 1.4085 1.38665 1.36501 1.34031 1.31287 1.28539 1.25939 1.24073 1.22951 1.22334 1.22568 1.23578
1.69725 1.74099 1.78638 1.82664 1.86051 1.88731 1.90624 1.9168 1.91841 1.91048 1.89332 1.86548 1.82759 1.78468 1.74143 1.70527 1.66826 1.62893 1.59119 1.57632 1.58648 1.61431 1.64226 1.67157 1.70005 1.7243 1.74455 1.78895 1.82005 1.8339 1.83269 1.82256 1.80753 1.78982 1.77037 1.74968 1.72837 1.70714 1.68705 1.66821 1.6518 1.64056 1.63381 1.63302 1.63729 1.64535 1.65107 1.65149 1.64583 1.63295 1.61383 1.5885 1.55901 1.52732 1.49834 1.47458 1.45665 1.43578 1.41056 1.38115 1.34912 1.31834 1.29198 1.27569 1.26677 1.26356 1.26937
1.59706 1.65219 1.70452 1.74985 1.78754 1.81732 1.83859 1.85106 1.85428 1.84797 1.83341 1.80818 1.77421 1.73767 1.70479 1.67563 1.64281 1.60834 1.59537 1.60601 1.63396 1.66142 1.68897 1.71853 1.75647 1.81237 1.8598 1.91083 1.95165 1.93971 1.90487 1.87417 1.84996 1.83008 1.80839 1.78719 1.7723 1.75555 1.74003 1.72605 1.71231 1.70201 1.69482 1.69159 1.68953 1.68914 1.68571 1.68476 1.68192 1.67275 1.65742 1.63594 1.60991 1.58302 1.55754 1.53648 1.51695 1.4959 1.47114 1.44278 1.41112 1.37749 1.3469 1.32333 1.3087 1.30256 1.30279
1.50735 1.56982 1.62564 1.67378 1.71398 1.74617 1.76992 1.78493 1.79093 1.7874 1.77373 1.74968 1.72009 1.69154 1.66808 1.64577 1.61937 1.60899 1.62125 1.64814 1.67333 1.69686 1.72022 1.7456 1.79795 1.87436 1.94521 1.97114 2.03687 2.01047 1.96302 1.92663 1.9028 1.88647 1.86781 1.84768 1.83031 1.81102 1.793 1.77902 1.76441 1.75402 1.74688 1.74303 1.73999 1.73771 1.73403 1.72682 1.71714 1.70929 1.69743 1.67949 1.65651 1.63403 1.61262 1.59438 1.57606 1.55504 1.52988 1.50061 1.46808 1.43341 1.39981 1.37163 1.3518 1.3402 1.33788
1.44001 1.50454 1.56175 1.61109 1.6523 1.68508 1.70913 1.72418 1.72966 1.72563 1.71275 1.69376 1.67267 1.65441 1.63882 1.61958 1.62831 1.65126 1.6842 1.71373 1.74143 1.76667 1.79073 1.81495 1.86364 1.93548 1.98913 2.00733 2.08692 2.07618 2.02968 1.9948 1.97232 1.95176 1.92629 1.90383 1.88583 1.86534 1.84535 1.83147 1.81588 1.80354 1.79481 1.78735 1.78427 1.78208 1.77846 1.7713 1.76231 1.75035 1.73232 1.71691 1.69777 1.67952 1.66196 1.64531 1.6287 1.60911 1.5852 1.5576 1.52648 1.49237 1.4571 1.42377 1.39587 1.37871 1.37023
1.39033 1.45096 1.50523 1.55247 1.59242 1.62468 1.64884 1.66441 1.67064 1.66803 1.65873 1.64544 1.63371 1.62177 1.62521 1.63507 1.66412 1.70257 1.73898 1.77142 1.80027 1.82612 1.85205 1.87769 1.93228 2.0114 2.0882 2.13137 2.18354 2.15065 2.10131 2.06997 2.0474 2.01968 1.99025 1.96587 1.94326 1.91825 1.89277 1.87688 1.85982 1.84396 1.83361 1.82386 1.82026 1.81746 1.81587 1.81039 1.80253 1.79344 1.77843 1.75872 1.73727 1.72246 1.70818 1.6928 1.67679 1.65744 1.63426 1.6078 1.57832 1.54643 1.51189 1.47723 1.44434 1.41857 1.40264
1.35884 1.413 1.46235 1.50583 1.54273 1.57249 1.59445 1.60823 1.61348 1.61245 1.60773 1.61448 1.61946 1.62588 1.63674 1.65799 1.69851 1.73959 1.77661 1.80994 1.83976 1.86668 1.89132 1.91262 1.94334 1.98631 2.02176 2.08387 2.11362 2.1138 2.09898 2.09023 2.07304 2.04795 2.02453 2.00515 1.98137 1.95388 1.92896 1.91059 1.89209 1.87364 1.86294 1.85254 1.84767 1.84443 1.84448 1.84168 1.83695 1.83144 1.8196 1.80327 1.78419 1.7651 1.74989 1.73852 1.72481 1.70685 1.68464 1.65883 1.62988 1.59861 1.56439 1.52811 1.49211 1.45964 1.43513
1.33229 1.37847 1.42107 1.45903 1.49154 1.51768 1.5371 1.55044 1.56415 1.58195 1.5969 1.60829 1.61802 1.62918 1.64479 1.67426 1.72009 1.76265 1.80122 1.83452 1.86283 1.88677 1.90782 1.92473 1.93615 1.95885 1.99407 2.02925 2.04986 2.05945 2.06497 2.07096 2.06314 2.04708 2.03441 2.01803 1.99408 1.96836 1.94851 1.93163 1.912 1.89421 1.88282 1.87209 1.8664 1.86323 1.86388 1.86355 1.86179 1.86041 1.85291 1.84016 1.82517 1.80943 1.79391 1.77777 1.76128 1.74516 1.72569 1.70243 1.67583 1.64658 1.61403 -9999.0 -9999.0 -9999.0 -9999.0
1.31251 1.35101 1.38666 1.4185 1.44574 1.47044 1.49814 1.52467 1.54877 1.56902 1.58743 1.60363 1.61864 1.633 1.65176 1.68622 1.73294 1.77564 1.81344 1.84571 1.87249 1.8944 1.91152 1.92407 1.93569 1.95761 1.97465 1.98759 1.99848 2.00933 2.01984 2.03154 2.03148 2.02453 2.02018 2.00632 1.98671 1.96699 1.95329 1.93521 1.91571 1.90163 1.89161 1.88183 1.87748 1.87489 1.87492 1.87687 1.87754 1.87948 1.87587 1.86772 1.85695 1.84534 1.83227 1.81894 1.80176 1.78455 1.76532 1.74215 1.71548 1.68568 -9999.0 -9999.0 -9999.0 -9999.0 -9999.0
1.3028 1.33575 1.36668 1.39497 1.4226 1.44922 1.47932 1.50726 1.5338 1.55924 1.58378 1.60595 1.62491 1.64027 1.65836 1.6864 1.73157 1.77281 1.80939 1.84042 1.86595 1.88618 1.90166 1.91316 1.93552 1.95292 1.96371 1.96735 1.96778 1.96987 1.97442 1.98276 1.98713 1.98891 1.98937 1.9793 1.96358 1.95032 1.9389 1.92272 1.90652 1.89741 1.88811 1.88118 1.87945 1.87721 1.87865 1.88267 1.88498 1.8898 1.88949 1.88541 1.88054 1.8721 1.86037 1.84654 1.8299 1.8112 1.79411 1.77338 1.74918 1.72179 -9999.0 -9999.0 -9999.0 -9999.0 -9999.0
1.30206 1.33026 1.35631 1.38112 1.40561 1.43196 1.46358 1.49487 1.52565 1.55567 1.58251 1.60658 1.62811 1.64625 1.66169 1.68191 1.71767 1.75839 1.79486 1.82562 1.85047 1.86943 1.88252 1.90251 1.92092 1.93513 1.94359 1.94537 1.94058 1.93562 1.93058 1.93296 1.9365 1.94418 1.94693 1.94038 1.92834 1.92133 1.91123 1.8977 1.88507 1.87912 1.87176 1.86999 1.87099 1.87123 1.87527 1.88057 1.8847 1.89229 1.895 1.89468 1.89466 1.89055 1.88285 1.87222 1.85779 1.83917 1.81659 1.79538 1.77201 -9999.0 -9999.0 -9999.0 -9999.0 -9999.0 -9999.0
1.29633 1.32073 1.34188 1.36249 1.38262 1.41199 1.44716 1.48321 1.51728 1.54969 1.57925 1.60585 1.62863 1.64857 1.6651 1.68014 1.70556 1.73911 1.77442 1.80411 1.82779 1.84558 1.86378 1.88415 1.89938 1.90925 1.91428 1.91442 1.90968 1.90042 1.89061 1.8841 1.88448 1.89175 1.89576 1.89194 1.88436 1.88184 1.87359 1.86265 1.85383 1.85017 1.84511 1.84733 1.84937 1.8551 1.8632 1.86925 1.87718 1.88711 1.89312 1.89791 1.90152 1.89939 1.89338 1.88468 1.87195 1.8552 1.83478 1.81404 1.79269 -9999.0 -9999.0 -9999.0 -9999.0 -9999.0 -9999.0
1.28313 1.30336 1.31892 1.33608 1.3563 1.39317 1.43157 1.4692 1.50498 1.54019 1.57285 1.60281 1.62891 1.65165 1.67043 1.68453 1.69736 1.71764 1.74309 1.77186 1.79455 1.81122 1.83483 1.85356 1.86718 1.87576 1.87971 1.87867 1.87267 1.86359 1.85099 1.84172 1.83489 1.83645 1.83779 1.83622 1.8334 1.83354 1.82734 1.81909 1.81371 1.81132 1.8083 1.81392 1.81888 1.83047 1.83999 1.84938 1.86185 1.87327 1.88316 1.89298 1.89964 1.90053 1.89704 1.88989 1.87869 1.86333 1.84382 1.82094 1.80235 -9999.0 -9999.0 -9999.0 -9999.0 -9999.0 -9999.0
1.261 1.27498 1.28865 1.30483 1.33213 1.37389 1.41542 1.45688 1.49631 1.53333 1.5675 1.59816 1.62487 1.6479 1.66702 1.68181 1.69344 1.70287 1.71643 1.73377 1.75522 1.77621 1.79833 1.81421 1.82497 1.83161 1.83502 1.83462 1.83014 1.82242 1.81061 1.7974 1.78703 1.78023 1.77858 1.77573 1.77735 1.77796 1.7739 1.76808 1.76563 1.76472 1.76402 1.77174 1.77928 1.79338 1.80566 1.82067 1.83711 1.85054 1.8647 1.8785 1.88686 1.89212 1.89282 1.8887 1.87985 1.86679 1.84983 1.8297 -9999.0 -9999.0 -9999.0 -9999.0 -9999.0 -9999.0 -9999.0
1.22775 1.23791 1.25134 1.27253 1.30913 1.35382 1.39763 1.43974 1.47991 1.51797 1.55363 1.58578 1.614 1.63917 1.66122 1.67977 1.69461 1.70384 1.70777 1.71145 1.7185 1.73563 1.7554 1.76947 1.7785 1.78306 1.78404 1.78274 1.77904 1.77348 1.76434 1.75208 1.73863 1.72627 1.71842 1.71454 1.71515 1.71625 1.71402 1.71066 1.71111 1.71181 1.71389 1.72213 1.73216 1.74819 1.76426 1.78421 1.8013 1.81957 1.83859 1.85311 1.86402 1.87206 1.87545 -9999.0 -9999.0 -9999.0 -9999.0 -9999.0 -9999.0 -9999.0 -9999.0 -9999.0 -9999.0 -9999.0 -9999.0
1.17891 1.18807 1.20496 1.23779 1.28212 1.3285 1.37374 1.41737 1.45885 1.49833 1.53591 1.57061 1.60228 1.63005 1.65342 1.67227 1.68699 1.69656 1.70036 1.69808 1.69365 1.69301 1.70434 1.71524 1.72347 1.72768 1.72905 1.72792 1.72391 1.71807 1.71001 1.70013 1.68822 1.67368 1.66194 1.65273 1.65086 1.64955 1.6478 1.649 1.65369 1.65755 1.66301 1.671 1.6813 1.69651 1.7153 1.73726 1.75799 1.78074 1.80064 1.81799 -9999.0 -9999.0 -9999.0 -9999.0 -9999.0 -9999.0 -9999.0 -9999.0 -9999.0 -9999.0 -9999.0 -9999.0 -9999.0 -9999.0 -9999.0
1.12 1.13208 1.15705 1.19883 1.24716 1.29562 1.34372 1.39048 1.43532 1.47765 1.51701 1.55285 1.58534 1.61424 1.63882 1.65896 1.67541 1.68673 1.69216 1.69092 1.68297 1.67041 1.66685 1.66443 1.6641 1.6655 1.66729 1.66727 1.66464 1.66388 1.66295 1.66183 1.65899 1.65394 1.64753 1.6429 1.63966 1.64116 1.64236 1.64756 1.65407 1.6579 1.66387 1.67002 1.67956 1.69 1.70393 1.71727 1.73105 1.74452 -9999.0 -9999.0 -9999.0 -9999.0 -9999.0 -9999.0 -9999.0 -9999.0 -9999.0 -9999.0 -9999.0 -9999.0 -9999.0 -9999.0 -9999.0 -9999.0 -9999.0
1.06143 1.07871 1.11459 1.16272 1.21286 1.26357 1.31402 1.363 1.4098 1.4539 1.49477 1.53196 1.56629 1.59751 1.62516 1.64845 1.66666 1.67917 1.68529 1.68478 1.67739 1.6631 1.64724 1.64251 1.64603 1.65344 1.66222 1.66934 1.67524 1.68239 1.68715 1.68955 1.68935 1.68603 1.68054 1.6733 1.66638 1.66219 1.66099 1.66424 1.66657 1.67064 1.67639 1.68054 1.68818 1.69548 1.70806 1.71898 1.73236 -9999.0 -9999.0 -9999.0 -9999.0 -9999.0 -9999.0 -9999.0 -9999.0 -9999.0 -9999.0 -9999.0 -9999.0 -9999.0 -9999.0 -9999.0 -9999.0 -9999.0 -9999.0
0.99811 1.0269 1.07076 1.12195 1.17526 -9999.0 -9999.0 -9999.0 1.3844 1.43103 1.47411 1.51355 1.5494 1.58132 1.60896 1.63187 1.64968 1.66203 1.66851 1.66887 1.66291 1.6505 1.64347 1.65265 1.67015 1.68475 1.69653 1.70576 1.71285 1.71996 1.72556 1.73039 1.73303 1.73254 1.72948 1.72356 1.715 1.70668 1.69992 1.69624 1.69418 1.6944 1.69848 1.70158 1.7073 1.71207 1.72163 -9999.0 -9999.0 -9999.0 -9999.0 -9999.0 -9999.0 -9999.0 -9999.0 -9999.0 -9999.0 -9999.0 -9999.0 -9999.0 -9999.0 -9999.0 -9999.0 -9999.0 -9999.0 -9999.0 -9999.0
0.94625 0.97833 1.02794 1.08557 -9999.0 -9999.0 -9999.0 -9999.0 -9999.0 -9999.0 -9999.0 1.4928 1.52946 1.56275 1.59242 1.61783 1.63796 1.65199 1.65955 1.66056 1.6593 1.66035 1.6801 1.70038 1.71973 1.73487 1.74692 1.75695 1.76631 1.77403 1.77907 1.78208 1.78282 1.78172 1.77926 1.77408 1.7659 1.75531 1.74216 1.73119 1.72252 1.71978 1.71833 1.72057 1.72398 1.72935 -9999.0 -9999.0 -9999.0 -9999.0 -9999.0 -9999.0 -9999.0 -9999.0 -9999.0 -9999.0 -9999.0 -9999.0 -9999.0 -9999.0 -9999.0 -9999.0 -9999.0 -9999.0 -9999.0 -9999.0 -9999.0
0.92307 0.95623 -9999.0 -9999.0 -9999.0 -9999.0 -9999.0 -9999.0 -9999.0 -9999.0 -9999.0 -9999.0 -9999.0 -9999.0 1.57946 1.60405 1.62365 1.63756 1.64866 1.65931 1.67338 1.70056 1.72879 1.75269 1.77234 1.78817 1.80069 1.81014 1.81755 1.82333 1.82768 1.83131 1.83205 1.83023 1.82577 1.81882 1.81007 1.79965 1.78664 -9999.0 -9999.0 -9999.0 -9999.0 -9999.0 -9999.0 -9999.0 -9999.0 -9999.0 -9999.0 -9999.0 -9999.0 -9999.0 -9999.0 -9999.0 -9999.0 -9999.0 -9999.0 -9999.0 -9999.0 -9999.0 -9999.0 -9999.0 -9999.0 -9999.0 -9999.0 -9999.0 -9999.0
-9999.0 -9999.0 -9999.0 -9999.0 -9999.0 -9999.0 -9999.0 -9999.0 -9999.0 -9999.0 -9999.0 -9999.0 -9999.0 -9999.0 -9999.0 -9999.0 -9999.0 1.63663 1.66106 1.68356 1.71628 1.74895 1.77766 1.80212 1.82216 -9999.0 -9999.0 -9999.0 -9999.0 -9999.0 1.87495 1.87604 1.87511 1.87329 1.86925 1.86199 1.85204 -9999.0 -9999.0 -9999.0 -9999.0 -9999.0 -9999.0 -9999.0 -9999.0 -9999.0 -9999.0 -9999.0 -9999.0 -9999.0 -9999.0 -9999.0 -9999.0 -9999.0 -9999.0 -9999.0 -9999.0 -9999.0 -9999.0 -9999.0 -9999.0 -9999.0 -9999.0 -9999.0 -9999.0 -9999.0 -9999.0
-9999.0 -9999.0 -9999.0 -9999.0 -9999.0 -9999.0 -9999.0 -9999.0 -9999.0 -9999.0 -9999.0 -9999.0 -9999.0 -9999.0 -9999.0 -9999.0 -9999.0 -9999.0 -9999.0 1.73073 1.76716 1.79966 1.82806 -9999.0 -9999.0 -9999.0 -9999.0 -9999.0 -9999.0 -9999.0 -9999.0 1.91875 1.91691 -9999.0 -9999.0 -9999.0 1.88845 -9999.0 -9999.0 -9999.0 -9999.0 -9999.0 -9999.0 -9999.0 -9999.0 -9999.0 -9999.0 -9999.0 -9999.0 -9999.0 -9999.0 -9999.0 -9999.0 -9999.0 -9999.0 -9999.0 -9999.0 -9999.0 -9999.0 -9999.0 -9999.0 -9999.0 -9999.0 -9999.0 -9999.0 -9999.0 -9999.0
-9999.0 -9999.0 -9999.0 -9999.0 -9999.0 -9999.0 -9999.0 -9999.0 -9999.0 -9999.0 -9999.0 -9999.0 -9999.0 -9999.0 -9999.0 -9999.0 -9999.0 -9999.0 -9999.0 -9999.0 -9999.0 -9999.0 -9999.0 -9999.0 -9999.0 -9999.0 -9999.0 -9999.0 -9999.0 -9999.0 -9999.0 -9999.0 -9999.0 -9999.0 -9999.0 -9999.0 -9999.0 -9999.0 -9999.0 -9999.0 -9999.0 -9999.0 -9999.0 -9999.0 -9999.0 -9999.0 -9999.0 -9999.0 -9999.0 -9999.0 -9999.0 -9999.0 -9999.0 -9999.0 -9999.0 -9999.0 -9999.0 -9999.0 -9999.0 -9999.0 -9999.0 -9999.0 -9999.0 -9999.0 -9999.0 -9999.0 -9999.0
-9999.0 -9999.0 -9999.0 -9999.0 -9999.0 -9999.0 -9999.0 -9999.0 -9999.0 -9999.0 -9999.0 -9999.0 -9999.0 -9999.0 -9999.0 -9999.0 -9999.0 -9999.0 -9999.0 -9999.0 -9999.0 -9999.0 -9999.0 -9999.0 -9999.0 -9999.0 -9999.0 -9999.0 -9999.0 -9999.0 -9999.0 -9999.0 -9999.0 -9999.0 -9999.0 -9999.0 -9999.0 -9999.0 -9999.0 -9999.0 -9999.0 -9999.0 -9999.0 -9999.0 -9999.0 -9999.0 -9999.0 -9999.0 -9999.0 -9999.0 -9999.0 -9999.0 -9999.0 -9999.0 -9999.0 -9999.0 -9999.0 -9999.0 -9999.0 -9999.0 -9999.0 -9999.0 -9999.0 -9999.0 -9999.0 -9999.0 -9999.0
