data/pm10_slope_horn_max.asc
ncols	541
nrows	200
xllcorner	12.09692
yllcorner	48.55814
cellsize	0.0125
NODATA_value	-9999.0
[rows 90 to 119 of 200, columns 402 to 468 of 541]
1.05327 1.03633 1.04593 1.07183 1.12504 1.22314 1.36516 1.50689 1.64981 1.79066 1.92691 2.05682 2.18006 2.29754 2.40992 2.51755 2.6205 2.71811 2.80986 2.89548 2.97507 3.04896 3.11752 3.18955 3.26255 3.3336 3.40311 3.47295 3.54081 3.61425 3.69424 3.77627 3.86841 3.95526 4.03661 4.1124 4.17922 4.23496 4.28002 4.3159 4.3433 4.36163 4.37032 4.36683 4.35118 4.32486 4.28799 4.23773 4.17503 4.09724 4.00449 3.8978 3.77811 3.64655 3.50663 3.36244 3.22757 3.11924 3.00458 2.88549 2.76022 2.62954 2.50922 2.41759 2.36427 2.33777 2.3197
0.91025 0.88476 0.90342 0.95018 1.03326 1.15613 1.29799 1.43938 1.58273 1.72449 1.86152 1.99193 2.11586 2.23426 2.34773 2.45653 2.56058 2.65887 2.75107 2.83706 2.91712 2.99154 3.06395 3.13813 3.21257 3.28494 3.35678 3.42814 3.50545 3.5886 3.66973 3.74626 3.84197 3.932 4.01745 4.09661 4.16448 4.22224 4.2716 4.31232 4.34276 4.36307 4.37271 4.37164 4.36027 4.33691 4.30241 4.25393 4.19194 4.11642 4.02865 3.92885 3.81305 3.68736 3.55173 3.40813 3.27021 3.15375 3.03844 2.9173 2.79229 2.66688 2.54859 2.44446 2.36935 2.31172 2.2656
0.80365 0.74869 0.77354 0.84396 0.95029 1.08405 1.22658 1.36882 1.51155 1.6534 1.7907 1.92129 2.04576 2.16498 2.27946 2.38938 2.49436 2.5933 2.68614 2.77291 2.85386 2.92988 3.00686 3.08337 3.1592 3.23338 3.3071 3.38681 3.47494 3.56161 3.64619 3.72581 3.81274 3.906 3.9944 4.07505 4.1458 4.20866 4.2633 4.30838 4.34162 4.3635 4.37552 4.37851 4.37112 4.35157 4.31949 4.27475 4.21804 4.14786 4.06319 3.96716 3.85751 3.73829 3.60777 3.46775 3.32833 3.20268 3.08381 2.96406 2.84121 2.71799 2.59969 2.48913 2.38812 2.30429 2.2355
0.70658 0.65006 0.6727 0.75831 0.8752 1.01353 1.15681 1.29895 1.44052 1.58181 1.71838 1.84822 1.9723 2.09149 2.20638 2.31699 2.42262 2.52222 2.61587 2.70373 2.78589 2.86533 2.94548 3.02496 3.10328 3.18014 3.25776 3.35195 3.44513 3.53521 3.62081 3.70144 3.78014 3.87596 3.96635 4.05067 4.12665 4.19381 4.25361 4.30161 4.33735 4.36279 4.37918 4.38638 4.38293 4.36809 4.34158 4.30254 4.24941 4.18242 4.10143 4.01011 3.90824 3.79507 3.66975 3.53582 3.39762 3.26641 3.13809 3.01442 2.8917 2.76837 2.64793 2.5322 2.42239 2.31892 2.22139
0.63735 0.59548 0.615 0.69019 0.80842 0.94793 1.09187 1.23574 1.37671 1.51453 1.6488 1.77773 1.90102 2.01948 2.13394 2.24409 2.34927 2.44999 2.54559 2.6359 2.7209 2.80483 2.88771 2.96934 3.04878 3.1275 3.22118 3.31928 3.41598 3.50873 3.59671 3.67906 3.75538 3.84791 3.94056 4.02731 4.10617 4.17749 4.24027 4.29091 4.33148 4.36258 4.38331 4.39468 4.39635 4.3874 4.36594 4.33112 4.28068 4.21656 4.14153 4.05685 3.9606 3.85316 3.73358 3.60485 3.47014 3.3386 3.20268 3.06882 2.94071 2.8159 2.69247 2.57155 2.45405 2.3404 2.23057
0.64098 0.58646 0.59434 0.65035 0.7627 0.8994 1.04127 1.18178 1.32111 1.45735 1.58994 1.71804 1.84138 1.96045 2.07583 2.18703 2.29354 2.39713 2.49623 2.59017 2.67902 2.7672 2.86939 2.96788 3.06177 3.1526 3.24181 3.32669 3.4084 3.49193 3.57638 3.65784 3.73346 3.8195 3.91423 4.00273 4.084 4.15821 4.22423 4.2804 4.32576 4.36191 4.38712 4.40287 4.40936 4.40539 4.38815 4.3556 4.30763 4.24764 4.17846 4.09992 4.00967 3.90821 3.7955 3.67246 3.54142 3.40937 3.27167 3.13028 2.99093 2.85977 2.7329 2.60679 2.48221 2.35957 2.239
0.68863 0.61876 0.60235 0.64939 0.75188 0.87661 1.01065 1.14519 1.28242 1.41892 1.55318 1.68411 1.81046 1.9322 2.05018 2.1643 2.27405 2.38116 2.48638 2.59129 2.70353 2.81208 2.91677 3.01726 3.11212 3.20142 3.28618 3.36562 3.44247 3.52019 3.59402 3.66319 3.72794 3.80263 3.89618 3.98623 4.06896 4.14422 4.21123 4.26939 4.31825 4.35836 4.38837 4.40845 4.4189 4.4187 4.40327 4.37182 4.32722 4.27246 4.2099 4.13768 4.05509 3.96185 3.85607 3.73869 3.6103 3.47577 3.33678 3.19292 3.04523 2.9024 2.76885 2.63762 2.50638 2.37553 2.24518
0.75053 0.67954 0.64358 0.67073 0.76617 0.88459 1.01306 1.14292 1.27574 1.41158 1.54864 1.6845 1.81769 1.94733 2.07353 2.19645 2.3158 2.43081 2.54102 2.64631 2.74671 2.85747 2.96509 3.06828 3.1654 3.25578 3.33926 3.41726 3.4919 3.56492 3.63364 3.69747 3.75655 3.82336 3.90964 3.99249 4.06833 4.1388 4.20445 4.26307 4.31386 4.3559 4.38776 4.40931 4.42206 4.42286 4.40735 4.37793 4.33773 4.2901 4.2347 4.16963 4.09471 4.00899 3.91059 3.79896 3.67383 3.53813 3.39611 3.25006 3.09834 2.94519 2.80086 2.66394 2.52639 2.38787 2.24841
0.81668 0.76141 0.7242 0.7229 0.79332 0.90849 1.03381 1.16656 1.30369 1.44195 1.57978 1.71644 1.85128 1.98313 2.11145 2.23653 2.3583 2.47607 2.58924 2.69756 2.80103 2.89952 3.00205 3.10733 3.20615 3.29804 3.38294 3.46228 3.53754 3.60884 3.6755 3.73651 3.79129 3.85096 3.93686 4.01581 4.08424 4.14452 4.20302 4.25881 4.30835 4.34954 4.38121 4.40296 4.41501 4.41486 4.4005 4.37425 4.33884 4.29955 4.25094 4.19259 4.12568 4.04692 3.95444 3.84748 3.72663 3.59336 3.44992 3.3002 3.14546 2.98671 2.83098 2.68583 2.54231 2.39657 2.24854
0.89297 0.85239 0.82593 0.81206 0.83658 0.93361 1.05835 1.19003 1.32573 1.46373 1.60207 1.73974 1.87616 2.01038 2.14133 2.26895 2.39345 2.51428 2.6307 2.74236 2.84921 2.95113 3.04763 3.13711 3.22972 3.32194 3.40727 3.48726 3.5635 3.6362 3.70451 3.7664 3.81925 3.86783 3.95786 4.03522 4.09824 4.14966 4.19711 4.24574 4.29284 4.33297 4.36405 4.38511 4.39534 4.39448 4.38199 4.35932 4.33081 4.29876 4.25658 4.20577 4.14608 4.07255 3.9845 3.88212 3.76567 3.63625 3.49469 3.34302 3.1846 3.02129 2.85826 2.70359 2.55447 2.40196 2.24591
0.97759 0.94942 0.93056 0.91426 0.9092 0.96377 1.0742 1.2045 1.33882 1.47638 1.61535 1.75419 1.89219 2.02872 2.16258 2.29309 2.42048 2.54445 2.66421 2.77933 2.88966 2.9951 3.0949 3.18732 3.27127 3.34601 3.41092 3.48904 3.56528 3.6391 3.71029 3.77661 3.83122 3.86485 3.96272 4.03821 4.09495 4.13938 4.17785 4.21795 4.262 4.30123 4.33185 4.3524 4.36217 4.36189 4.35272 4.33567 4.3159 4.29003 4.25293 4.20823 4.15346 4.08432 4.0008 3.90288 3.79063 3.66502 3.52669 3.37593 3.21506 3.04754 2.88018 2.71761 2.56341 2.40467 2.24125
1.0664 1.04607 1.02974 1.0147 1.00244 1.01846 1.09045 1.20878 1.34182 1.47868 1.61809 1.75815 1.8978 2.03643 2.17314 2.30677 2.43713 2.56419 2.68716 2.80554 2.91908 3.02771 3.13036 3.22553 3.31238 3.39044 3.45933 3.51969 3.5728 3.61797 3.67996 3.74912 3.81638 3.83301 3.94004 4.00381 4.05489 4.09849 4.13678 4.17256 4.22178 4.26527 4.29846 4.31963 4.32812 4.32402 4.31866 4.31028 4.2959 4.27342 4.24038 4.19866 4.14723 4.08275 4.00373 3.91016 3.80198 3.6801 3.54508 3.39688 3.23598 3.06534 2.89447 2.72774 2.5699 2.40594 2.23598
1.14976 1.13413 1.11965 1.10687 1.09705 1.09937 1.13073 1.21109 1.33171 1.46772 1.60714 1.74828 1.8895 2.03002 2.16916 2.30568 2.43878 2.5685 2.69429 2.81565 2.9323 3.04422 3.15002 3.24848 3.33897 3.42127 3.49538 3.56211 3.62356 3.68036 3.73217 3.77731 3.81122 3.78069 3.90957 3.99658 4.061 4.11152 4.15346 4.19068 4.22969 4.26442 4.291 4.30696 4.31145 4.30618 4.29562 4.28125 4.26902 4.2488 4.21808 4.17765 4.12841 4.06827 3.9938 3.90457 3.80049 3.68236 3.55075 3.40568 3.24679 3.07564 2.90166 2.73324 2.5735 2.40631 2.23145
1.21967 1.20658 1.19497 1.18574 1.17978 1.18087 1.19589 1.2336 1.31451 1.43736 1.57652 1.71849 1.86143 2.00402 2.14557 2.28513 2.42149 2.55429 2.68322 2.80783 2.92787 3.04321 3.15235 3.25425 3.34846 3.43497 3.51407 3.58658 3.6552 3.72154 3.78668 3.8512 3.91422 3.92725 4.0127 4.06587 4.10756 4.14189 4.17114 4.19862 4.2263 4.25278 4.27291 4.28483 4.28838 4.28727 4.2825 4.27104 4.25005 4.21837 4.18592 4.14674 4.09854 4.04149 3.97161 3.88678 3.78689 3.67269 3.5447 3.403 3.24703 3.07827 2.90325 2.7346 2.57389 2.40526 2.22798
1.27051 1.26156 1.2541 1.24934 1.24797 1.24946 1.25742 1.27504 1.31275 1.39672 1.52477 1.66745 1.8123 1.95746 2.10182 2.24463 2.38468 2.521 2.65331 2.78135 2.90486 3.0236 3.13598 3.24109 3.33856 3.42852 3.51122 3.58722 3.65887 3.72768 3.79354 3.85408 3.90238 3.9291 3.99385 4.05724 4.10257 4.13552 4.16174 4.18617 4.2089 4.23006 4.24707 4.2599 4.26741 4.26952 4.26442 4.25092 4.22794 4.19461 4.15092 4.10727 4.05971 4.00375 3.93766 3.85741 3.76191 3.65188 3.52784 3.38985 3.23747 3.07273 2.89991 2.73275 2.57159 2.40287 2.22561
1.29963 1.29793 1.29692 1.29737 1.30071 1.30461 1.3071 1.31415 1.33116 1.37437 1.46421 1.59524 1.74179 1.88979 2.03749 2.18384 2.32784 2.46812 2.60403 2.73559 2.86254 2.98453 3.09993 3.20785 3.30799 3.40043 3.48531 3.56282 3.63446 3.7017 3.76401 3.81923 3.86436 3.89732 3.94812 4.011 4.06004 4.09733 4.12817 4.15538 4.1785 4.19877 4.21657 4.23101 4.23981 4.24115 4.23431 4.21911 4.19465 4.16043 4.1159 4.06128 4.01335 3.95726 3.89294 3.81699 3.72611 3.6206 3.50094 3.36716 3.21902 3.05915 2.89143 2.72831 2.56738 2.40002 2.22536
1.31442 1.31836 1.32297 1.32897 1.33601 1.34116 1.34242 1.34129 1.34598 1.36876 1.4165 1.5111 1.65018 1.80082 1.95212 2.10242 2.25063 2.39524 2.53505 2.67015 2.80046 2.92553 3.04371 3.15413 3.25646 3.35072 3.43697 3.51516 3.58599 3.65125 3.71098 3.76399 3.80892 3.8451 3.8843 3.94432 3.99508 4.0379 4.07448 4.10575 4.13236 4.15489 4.17436 4.18986 4.19936 4.20024 4.19232 4.1759 4.15068 4.11615 4.07124 4.01579 3.96042 3.90425 3.83953 3.76613 3.67999 3.57938 3.46457 3.33561 3.19253 3.03866 2.8778 2.7211 2.56185 2.39762 2.22812
1.3073 1.31961 1.33124 1.34234 1.35159 1.35714 1.35774 1.35497 1.35252 1.36251 1.38495 1.43525 1.54245 1.69102 1.84575 2.00027 2.15294 2.30212 2.44615 2.58485 2.71841 2.84646 2.96729 3.08002 3.18429 3.28012 3.36749 3.44632 3.5168 3.58065 3.63879 3.69075 3.73576 3.77422 3.80795 3.86051 3.91438 3.96266 4.00411 4.03935 4.06962 4.09505 4.11674 4.13415 4.14531 4.14679 4.13876 4.12189 4.09656 4.0621 4.01721 3.96146 3.90122 3.84584 3.78035 3.70674 3.62393 3.52857 3.41914 3.29561 3.15866 3.01199 2.85949 2.71063 2.55529 2.39598 2.234
1.2791 1.29924 1.31852 1.33383 1.34665 1.35422 1.35549 1.35336 1.35098 1.3516 1.35803 1.38047 1.43977 1.5632 1.72024 1.87814 2.03485 2.18871 2.33722 2.47969 2.61651 2.74744 2.87086 2.98585 3.09203 3.1894 3.27795 3.35767 3.42848 3.49154 3.54853 3.59975 3.64538 3.68663 3.72509 3.76281 3.82052 3.87332 3.91906 3.95827 3.99198 4.02074 4.04488 4.0645 4.07774 4.08095 4.07385 4.05766 4.03283 3.99875 3.9543 3.89878 3.83592 3.78199 3.71685 3.64206 3.5596 3.46836 3.36482 3.24733 3.11745 2.97896 2.83671 2.69623 2.54733 2.39489 2.242
1.24576 1.26501 1.28631 1.30457 1.32349 1.33898 1.34576 1.34509 1.34046 1.33695 1.3341 1.33546 1.35987 1.43647 1.57793 1.73833 1.89789 2.05539 2.20841 2.35479 2.49486 2.62872 2.75476 2.87202 2.98015 3.07915 3.16906 3.24989 3.3216 3.38453 3.44077 3.49206 3.53957 3.58441 3.6279 3.67045 3.71396 3.77063 3.82067 3.86393 3.90113 3.93317 3.9601 3.98199 3.99738 4.00318 3.99812 3.98363 3.96005 3.92677 3.88315 3.82832 3.76493 3.71283 3.64906 3.57414 3.49037 3.4002 3.30155 3.19096 3.06927 2.93993 2.80922 2.67725 2.53711 2.3934 2.25028
1.23279 1.23891 1.2595 1.27585 1.29382 1.32266 1.34772 1.35753 1.35095 1.33456 1.3172 1.29939 1.29344 1.32185 1.42633 1.58279 1.74452 1.90399 2.06023 2.21053 2.35382 2.49053 2.61924 2.73884 2.84897 2.9497 3.04113 3.1233 3.19617 3.26018 3.31727 3.37034 3.42113 3.47055 3.51915 3.56687 3.61158 3.65615 3.7107 3.75821 3.79917 3.83438 3.86434 3.88866 3.90636 3.91501 3.91304 3.90112 3.87956 3.84775 3.80534 3.75163 3.69232 3.64173 3.57925 3.50493 3.42 3.32815 3.2308 3.12637 3.01396 2.89534 2.77635 2.65328 2.5234 2.38978 2.25682
1.22605 1.2317 1.23993 1.26287 1.28274 1.31261 1.34986 1.37375 1.37689 1.3596 1.32864 1.28941 1.25076 1.23562 1.28602 1.42006 1.57822 1.7381 1.89484 2.04758 2.19382 2.33316 2.4645 2.58653 2.69889 2.80162 2.89484 2.97874 3.05385 3.12103 3.1815 3.2383 3.29359 3.34768 3.40054 3.45248 3.50293 3.54849 3.59096 3.64306 3.68818 3.72689 3.7599 3.78702 3.8072 3.81862 3.82042 3.81172 3.79285 3.76325 3.72253 3.6704 3.6183 3.57006 3.50982 3.43745 3.35335 3.26017 3.16115 3.05865 2.95331 2.84586 2.73761 2.62394 2.50474 2.38196 2.2596
1.21444 1.22994 1.24294 1.25389 1.28339 1.31093 1.34976 1.38353 1.3987 1.38863 1.35293 1.29812 1.23737 1.18897 1.18449 1.26986 1.40693 1.56368 1.71908 1.87115 2.0181 2.15887 2.29212 2.41618 2.53078 2.63576 2.73148 2.81848 2.89784 2.97041 3.03729 3.09996 3.16002 3.21822 3.27511 3.33118 3.38654 3.43854 3.484 3.52212 3.57101 3.61353 3.64965 3.67962 3.70258 3.71703 3.72275 3.71804 3.70255 3.67587 3.63758 3.58744 3.54022 3.49478 3.43732 3.36774 3.28628 3.19436 3.09498 2.99264 2.89108 2.79309 2.69467 2.59065 2.48135 2.36873 2.25685
1.21088 1.24429 1.2707 1.28998 1.30135 1.32283 1.36187 1.40651 1.43233 1.4229 1.37737 1.30524 1.22512 1.16047 1.13266 1.16248 1.24933 1.38486 1.53525 1.68461 1.82995 1.97072 2.10516 2.2306 2.34699 2.45468 2.55448 2.64718 2.73341 2.81387 2.88852 2.95697 3.02045 3.08158 3.14168 3.20118 3.26013 3.31731 3.36915 3.41355 3.4505 3.49034 3.52995 3.5628 3.58879 3.60665 3.61603 3.61579 3.60449 3.58161 3.54677 3.49973 3.45679 3.41454 3.36032 3.29404 3.21605 3.12731 3.0298 2.92814 2.82841 2.73585 2.64534 2.5514 2.45285 2.35074 2.24906
1.22189 1.26561 1.30315 1.3338 1.35699 1.37428 1.39197 1.45263 1.50266 1.50176 1.42072 1.29489 1.17981 1.10651 1.08869 1.10233 1.13991 1.22492 1.34958 1.49195 1.63236 1.76987 1.90387 2.03111 2.15053 2.26256 2.36725 2.46682 2.56125 2.64948 2.7307 2.80453 2.872 2.93624 2.9994 3.06212 3.12418 3.18525 3.24296 3.29382 3.33674 3.37215 3.40124 3.43732 3.46632 3.48771 3.50088 3.50492 3.49835 3.4798 3.44896 3.40565 3.36762 3.32886 3.27815 3.21545 3.14137 3.05673 2.96286 2.86372 2.766 2.67656 2.59063 2.50387 2.41513 2.32405 2.23324
1.22766 1.28412 1.33436 1.37748 1.41608 1.45279 1.4861 1.51463 1.58702 1.62076 1.49027 1.24685 1.08243 1.01765 1.02538 1.05186 1.08135 1.1217 1.19167 1.30456 1.43324 1.56488 1.69352 1.81896 1.94115 2.05898 2.17123 2.27889 2.38123 2.476 2.56299 2.64239 2.71513 2.78334 2.84963 2.91532 2.9803 3.04433 3.1065 3.16364 3.21299 3.25407 3.28758 3.31422 3.33639 3.36133 3.37825 3.38633 3.38458 3.37096 3.34458 3.3055 3.27279 3.23772 3.19081 3.13205 3.06223 2.98215 2.89269 2.79746 2.70261 2.61619 2.53366 2.45107 2.36844 2.28632 2.2066
1.23154 1.29428 1.35232 1.4044 1.44917 1.48405 1.50242 1.48681 1.40741 1.42994 1.39381 1.13714 0.94858 0.92049 0.95884 1.00068 1.04062 1.07447 1.10647 1.15979 1.24932 1.36187 1.48215 1.60156 1.72597 1.84968 1.96912 2.08339 2.19221 2.29298 2.38585 2.47111 2.54992 2.62354 2.69364 2.76219 2.82992 2.89653 2.96178 3.02403 3.07984 3.12724 3.16622 3.19755 3.22126 3.23747 3.24912 3.26121 3.26383 3.25536 3.23408 3.19962 3.17242 3.14121 3.09832 3.04385 2.97869 2.90351 2.81893 2.72823 2.6371 2.55426 2.47531 2.39612 2.32076 2.25315 2.19326
1.24207 1.30921 1.36643 1.41159 1.44197 1.45151 1.42853 1.40501 1.4331 1.42047 1.28788 1.09796 0.93102 0.89458 0.91764 0.96058 1.00512 1.04301 1.07546 1.10334 1.14127 1.20313 1.2971 1.39929 1.51537 1.64003 1.76214 1.88008 1.99416 2.10091 2.19997 2.29149 2.37677 2.45677 2.53214 2.6042 2.67452 2.74361 2.81115 2.87671 2.93812 2.99206 3.03729 3.07435 3.10283 3.1232 3.1357 3.14029 3.13724 3.13353 3.11763 3.08836 3.06675 3.03956 3.00072 2.95089 2.8907 2.82068 2.74136 2.6556 2.56869 2.48963 2.41614 2.34832 2.28949 2.23655 2.18926
1.25205 1.31592 1.36638 1.40022 1.41328 1.40611 1.39997 1.39182 1.36822 1.27005 1.18135 1.10602 1.01582 0.97259 0.95221 0.9562 0.97943 1.0157 1.05154 1.08297 1.11082 1.13784 1.17956 1.24042 1.32562 1.43691 1.55451 1.6729 1.7896 1.90125 2.00637 2.10442 2.19648 2.28322 2.365 2.44211 2.51568 2.58713 2.65681 2.7245 2.78948 2.84925 2.90102 2.94453 2.97894 3.00403 3.02047 3.02878 3.02881 3.01872 2.99631 2.97198 2.95609 2.93319 2.89833 2.85312 2.79812 2.73345 2.6597 2.57923 2.497 2.42237 2.35935 2.30713 2.26422 2.22581 2.18857
1.25575 1.31629 1.35944 1.38367 1.3919 1.39117 1.36115 1.34952 1.29367 1.20032 1.16991 1.13776 1.10129 1.06711 1.03835 1.01733 0.99971 1.00511 1.03013 1.06526 1.0965 1.12416 1.14881 1.1731 1.20548 1.26835 1.35851 1.47079 1.58611 1.69812 1.80741 1.91142 2.01021 2.10382 2.19233 2.27576 2.35424 2.42874 2.50053 2.56998 2.6369 2.7004 2.75806 2.80815 2.8493 2.88032 2.9014 2.91341 2.91699 2.91189 2.89607 2.86716 2.84512 2.82234 2.79166 2.75071 2.70073 2.64153 2.5735 2.49855 2.42151 2.35506 2.30625 2.27548 2.2497 2.22188 2.19157
