data/pm10_slope_4cell_modal.asc
ncols	541
nrows	200
xllcorner	12.09692
yllcorner	48.55814
cellsize	0.0125
NODATA_value	-9999.0
[rows 150 to 179 of 200, columns 268 to 334 of 541]
0.03937 0.04074 0.04219 0.04336 0.04416 0.04483 0.04561 0.04604 0.04572 0.04472 0.04393 0.04347 0.04301 0.04243 0.04171 0.04123 0.04207 0.04382 0.04637 0.0497 0.05339 0.05745 0.06107 0.06419 0.06663 0.06826 0.06986 0.07148 0.07342 0.0747 0.07576 0.07778 0.08112 0.08544 0.09072 0.09664 0.10281 0.10895 0.1148 0.12042 0.12578 0.13092 0.13587 0.14071 0.14536 0.1493 0.15202 0.15349 0.15521 0.15726 0.15919 0.161 0.16276 0.16483 0.16721 0.16968 0.17208 0.17464 0.17745 0.18042 0.18363 0.1869 0.19029 0.19367 0.19708 0.20047 0.20359
0.03937 0.04087 0.04231 0.04324 0.04416 0.04506 0.04604 0.04658 0.04637 0.04561 0.04494 0.04438 0.04382 0.04324 0.04219 0.04111 0.04111 0.04183 0.04336 0.04572 0.04868 0.05206 0.05586 0.05992 0.06387 0.06745 0.0705 0.07287 0.0747 0.0755 0.07543 0.07596 0.07797 0.08124 0.08544 0.09033 0.0956 0.10095 0.1063 0.11158 0.11675 0.12178 0.12669 0.13142 0.13579 0.13953 0.143 0.14522 0.14642 0.14809 0.14993 0.15162 0.15339 0.15543 0.15764 0.15978 0.1619 0.16389 0.16592 0.16799 0.17015 0.17237 0.17473 0.17726 0.17997 0.18289 0.18606
0.03899 0.04087 0.04231 0.04336 0.04438 0.04539 0.04658 0.04733 0.04712 0.04658 0.04593 0.04528 0.04483 0.04438 0.04324 0.04195 0.04123 0.04123 0.04231 0.04382 0.04615 0.04889 0.05215 0.05577 0.05958 0.06364 0.0679 0.07204 0.07596 0.07874 0.08012 0.08056 0.0813 0.08289 0.08509 0.08815 0.09192 0.09623 0.1009 0.10574 0.11054 0.11533 0.12 0.12458 0.12837 0.13195 0.13524 0.13809 0.13964 0.14036 0.14142 0.14255 0.14356 0.14484 0.14615 0.14744 0.14873 0.1499 0.1511 0.15248 0.15408 0.15595 0.15796 0.16019 0.1627 0.16547 0.16843
0.03755 0.0395 0.04099 0.04243 0.04359 0.04494 0.04637 0.04743 0.04743 0.0469 0.04637 0.04593 0.04561 0.04517 0.04416 0.04266 0.04159 0.04123 0.04159 0.04278 0.04461 0.0469 0.0497 0.05292 0.05648 0.06033 0.06442 0.0687 0.07314 0.07746 0.08087 0.08355 0.08579 0.08815 0.09039 0.09252 0.09482 0.09721 0.09995 0.1031 0.10658 0.11027 0.11406 0.11777 0.12079 0.12353 0.1261 0.12837 0.13015 0.13058 0.13035 0.13042 0.13061 0.13115 0.13176 0.13244 0.13323 0.13413 0.13506 0.13631 0.13773 0.13943 0.14135 0.14353 0.14591 0.14856 0.15153
0.03493 0.03688 0.0386 0.04025 0.04183 0.04336 0.04494 0.04604 0.04626 0.04583 0.04528 0.04506 0.04472 0.04438 0.0437 0.04231 0.04099 0.04012 0.04 0.04074 0.04219 0.04405 0.04658 0.0494 0.05273 0.05639 0.06033 0.0645 0.06885 0.07328 0.07688 0.08025 0.08337 0.08672 0.09017 0.09333 0.09623 0.09879 0.101 0.103 0.10498 0.10686 0.10877 0.11023 0.11153 0.11292 0.11428 0.11563 0.11696 0.11781 0.11743 0.11658 0.11628 0.11645 0.11675 0.11713 0.11769 0.11836 0.11921 0.12021 0.12153 0.12317 0.1251 0.12732 0.12981 0.13263 0.1366
0.03286 0.03479 0.03633 0.03808 0.03975 0.04147 0.04313 0.04427 0.04438 0.04393 0.04347 0.04313 0.04266 0.04243 0.04183 0.0405 0.0386 0.03728 0.03647 0.03633 0.03701 0.03847 0.0405 0.04313 0.04637 0.0498 0.05357 0.05762 0.06189 0.06626 0.06986 0.07314 0.07622 0.07925 0.0824 0.08562 0.08894 0.09225 0.09534 0.09813 0.1006 0.10271 0.10407 0.10464 0.10498 0.10521 0.10526 0.10526 0.10521 0.10526 0.10493 0.10368 0.10227 0.10188 0.10188 0.10203 0.10232 0.10286 0.10354 0.1045 0.10578 0.10752 0.10959 0.11198 0.11476 0.11866 0.12402
0.03194 0.03362 0.0355 0.03715 0.03886 0.0405 0.04219 0.04324 0.04324 0.04266 0.04219 0.04159 0.04111 0.04062 0.04012 0.0386 0.03633 0.03406 0.03256 0.03146 0.0313 0.03178 0.03317 0.03521 0.03808 0.04135 0.04494 0.04879 0.05292 0.05701 0.06075 0.06387 0.06693 0.06993 0.0728 0.07563 0.07855 0.08149 0.08444 0.08735 0.09022 0.09301 0.09487 0.09623 0.09716 0.09767 0.09788 0.09767 0.09721 0.09659 0.09581 0.0946 0.09257 0.09066 0.0895 0.08877 0.08843 0.08843 0.08877 0.08955 0.09088 0.09279 0.09513 0.09798 0.10188 0.10738 0.11353
0.03256 0.03406 0.03564 0.03728 0.03886 0.0405 0.04207 0.04301 0.04278 0.04219 0.04159 0.04111 0.04037 0.03987 0.03937 0.03795 0.0355 0.03271 0.03033 0.02846 0.0272 0.02665 0.02702 0.02811 0.03017 0.03302 0.03619 0.03987 0.0437 0.04764 0.05138 0.05441 0.05736 0.06033 0.06309 0.06565 0.06826 0.07071 0.07328 0.07576 0.07829 0.08019 0.08161 0.08276 0.08385 0.08473 0.0855 0.08602 0.08626 0.08608 0.08567 0.08491 0.08379 0.08185 0.07994 0.07868 0.07785 0.07746 0.0774 0.07785 0.07893 0.08081 0.08331 0.08701 0.0923 0.09849 0.10507
0.03421 0.03564 0.03701 0.03847 0.04 0.04147 0.04313 0.0437 0.04336 0.04266 0.04207 0.04135 0.04074 0.04012 0.0395 0.0386 0.03619 0.03286 0.02983 0.0272 0.0249 0.02302 0.02214 0.02191 0.02302 0.0249 0.02757 0.03098 0.0345 0.03821 0.04195 0.04483 0.04754 0.0504 0.05329 0.05568 0.05788 0.06008 0.06221 0.06434 0.06626 0.06731 0.06826 0.06899 0.06964 0.07007 0.07036 0.07057 0.07064 0.07057 0.07029 0.06993 0.06957 0.06907 0.06804 0.06686 0.06626 0.06595 0.06611 0.06663 0.06775 0.06957 0.07294 0.0781 0.0842 0.09066 0.09747
0.03688 0.03821 0.0395 0.04074 0.04207 0.04347 0.04483 0.04528 0.04472 0.04405 0.04324 0.04254 0.04183 0.04123 0.0405 0.03975 0.03782 0.03435 0.03066 0.02739 0.02429 0.02145 0.01897 0.01761 0.01703 0.01761 0.01949 0.02191 0.0253 0.02898 0.0324 0.03507 0.03782 0.04037 0.04313 0.04572 0.04764 0.0495 0.05128 0.0531 0.05404 0.05459 0.05505 0.05532 0.0555 0.05559 0.05541 0.05523 0.05495 0.0545 0.05394 0.0532 0.05273 0.05235 0.05206 0.05148 0.05119 0.05158 0.05254 0.05404 0.05604 0.05941 0.06473 0.07092 0.0774 0.0842 0.09127
0.04025 0.04135 0.04243 0.04359 0.04472 0.04593 0.04701 0.04722 0.04669 0.04593 0.04517 0.0445 0.04359 0.0429 0.04231 0.04147 0.04012 0.03701 0.03317 0.02933 0.02569 0.02191 0.01871 0.01581 0.01342 0.01225 0.01225 0.01378 0.01612 0.01949 0.0228 0.0255 0.02775 0.03033 0.03286 0.0355 0.03742 0.03912 0.0405 0.04147 0.04183 0.04195 0.04195 0.04183 0.04159 0.04123 0.04074 0.04012 0.0395 0.03873 0.03782 0.03701 0.03633 0.03606 0.03606 0.03633 0.03688 0.03834 0.04062 0.04347 0.04743 0.05273 0.05891 0.06573 0.07294 0.08025 0.08781
0.04405 0.04494 0.04572 0.0468 0.04785 0.04889 0.0497 0.0498 0.04909 0.04837 0.04764 0.0469 0.04615 0.04528 0.0445 0.04393 0.0429 0.0405 0.03661 0.03271 0.02881 0.0249 0.02098 0.01703 0.01342 0.01 0.00837 0.00707 0.00775 0.01049 0.01342 0.01581 0.01789 0.02025 0.02258 0.0249 0.0272 0.02864 0.02966 0.02983 0.02983 0.0295 0.02915 0.02846 0.02793 0.02702 0.02627 0.0251 0.02408 0.02324 0.02214 0.02121 0.02049 0.02074 0.02191 0.02345 0.0255 0.02846 0.03286 0.03834 0.04427 0.0504 0.05666 0.06364 0.07113 0.07887 0.08666
0.04806 0.04889 0.0496 0.0504 0.05128 0.05225 0.05282 0.05263 0.05196 0.05128 0.0505 0.0498 0.04909 0.04837 0.04754 0.0468 0.04604 0.0445 0.04111 0.03701 0.03317 0.02915 0.0251 0.02121 0.01703 0.01304 0.00949 0.00548 0.00316 0.00316 0.00447 0.00707 0.00894 0.01 0.01225 0.01483 0.01673 0.01844 0.01871 0.01844 0.01789 0.01732 0.01673 0.01581 0.01449 0.01342 0.01183 0.01049 0.00894 0.00775 0.00707 0.00707 0.00837 0.01183 0.01517 0.01897 0.0228 0.02683 0.03178 0.03821 0.04517 0.05148 0.05779 0.06434 0.07155 0.07931 0.08724
0.05235 0.05301 0.05357 0.05431 0.05505 0.05586 0.05612 0.05586 0.05514 0.0545 0.05385 0.0531 0.05244 0.05177 0.05099 0.0503 0.0496 0.04858 0.04615 0.04231 0.03834 0.03435 0.03033 0.02646 0.02258 0.01871 0.01517 0.0114 0.00837 0.00548 0.00316 0.0 0.0 0.0 0.00316 0.00447 0.00632 0.00707 0.00775 0.00775 0.00707 0.00707 0.00632 0.00447 0.00316 0.00316 0.0 0.00316 0.00548 0.00775 0.01 0.01225 0.01517 0.01844 0.02236 0.02646 0.03017 0.03406 0.03808 0.04243 0.04817 0.05486 0.06124 0.06738 0.07382 0.08112 0.08888
0.05675 0.05727 0.05771 0.05831 0.05899 0.05958 0.05975 0.05925 0.05865 0.05805 0.05736 0.05675 0.05612 0.0555 0.05477 0.05413 0.05348 0.05282 0.05128 0.04796 0.04416 0.04025 0.03633 0.03271 0.02898 0.0253 0.02214 0.01897 0.01612 0.01342 0.0114 0.01 0.00837 0.00707 0.00548 0.00447 0.00316 0.00316 0.00548 0.00632 0.00707 0.00837 0.00949 0.01095 0.01225 0.01414 0.01581 0.01789 0.01975 0.02191 0.02429 0.02646 0.02915 0.03194 0.03521 0.03834 0.04123 0.04405 0.04722 0.0505 0.05422 0.05916 0.06527 0.07148 0.07752 0.08385 0.09105
0.06124 0.06164 0.06205 0.06253 0.06309 0.06348 0.06348 0.06293 0.06237 0.06181 0.06124 0.06066 0.06008 0.0595 0.05891 0.05822 0.05771 0.0571 0.0563 0.05404 0.0504 0.04658 0.0429 0.03924 0.03564 0.0324 0.02933 0.02646 0.02366 0.02145 0.01949 0.01761 0.01612 0.01517 0.01414 0.01304 0.01342 0.01378 0.01483 0.01581 0.01732 0.01897 0.02074 0.02258 0.0247 0.02683 0.02915 0.03146 0.03391 0.03619 0.0386 0.04099 0.04336 0.04604 0.04837 0.0503 0.05215 0.05431 0.05683 0.05958 0.06253 0.0658 0.07 0.07543 0.08155 0.08741 0.0937
0.0658 0.06603 0.06641 0.06678 0.06723 0.06745 0.06731 0.06678 0.06626 0.06573 0.06527 0.06473 0.06419 0.06356 0.06309 0.06253 0.06205 0.06156 0.06099 0.05983 0.05692 0.05329 0.0496 0.04615 0.04278 0.0395 0.03647 0.03376 0.03114 0.02898 0.02702 0.0255 0.02408 0.0228 0.02214 0.02191 0.02236 0.02345 0.02449 0.02588 0.02757 0.02933 0.03146 0.03406 0.03661 0.03912 0.04183 0.04461 0.04743 0.0501 0.05273 0.05523 0.05718 0.05882 0.05992 0.06116 0.06253 0.06427 0.06626 0.06848 0.07099 0.07376 0.07668 0.08019 0.08491 0.09061 0.09659
0.07029 0.0705 0.07078 0.07113 0.07148 0.07148 0.0712 0.07078 0.07029 0.06986 0.06935 0.06885 0.06841 0.06797 0.06745 0.06701 0.06656 0.06618 0.06573 0.06527 0.0634 0.06008 0.05657 0.0532 0.05 0.0468 0.04393 0.04123 0.0386 0.03647 0.0345 0.03302 0.03162 0.03066 0.03033 0.03066 0.03114 0.03209 0.03347 0.03493 0.03674 0.03886 0.04147 0.04427 0.04743 0.0507 0.05404 0.05727 0.0605 0.06356 0.06633 0.06834 0.06935 0.06979 0.07043 0.0712 0.07225 0.07342 0.0749 0.07668 0.07874 0.08099 0.08361 0.08643 0.0895 0.09365 0.09879
-9999.0 -9999.0 -9999.0 -9999.0 0.07563 0.07556 0.07523 0.07483 0.07443 0.07403 0.07355 0.07321 0.0728 0.07239 0.07197 0.07162 0.0712 0.07085 0.0705 0.07021 0.06943 0.06701 0.06356 0.06033 0.05718 0.05413 0.05138 0.04868 0.04626 0.04393 0.04207 0.04037 0.03899 0.0386 0.0386 0.03899 0.0395 0.0405 0.04183 0.04336 0.04528 0.04764 0.0502 0.05329 0.05683 0.06083 0.06481 0.06892 0.07287 0.07635 0.07861 0.07969 0.07994 0.07987 0.08006 0.08031 0.08075 0.08149 0.08246 0.08379 0.08544 0.08741 0.08967 0.0922 0.09503 0.09798 0.10154
-9999.0 -9999.0 -9999.0 -9999.0 -9999.0 0.07962 0.07925 0.07893 0.07861 0.07823 0.07791 0.07752 0.07727 0.07688 0.07655 0.07622 0.07596 0.0757 0.07537 0.0751 0.0749 0.07362 0.07071 0.06753 0.06442 0.06148 0.05874 0.05612 0.05367 0.05158 0.0496 0.04796 0.04712 0.0468 0.0469 0.04701 0.04764 0.04848 0.0497 0.05119 0.0531 0.05541 0.05814 0.06124 0.06488 0.06921 0.07396 0.07893 0.08331 0.08654 0.08854 0.08955 0.08961 0.08905 0.08854 0.08809 0.08786 0.08803 0.08854 0.08961 0.09094 0.09268 0.09471 0.09706 0.0997 0.10252 0.10559
-9999.0 -9999.0 -9999.0 -9999.0 -9999.0 -9999.0 0.08343 0.08313 0.08283 0.08258 0.08228 0.08198 0.08167 0.08149 0.08118 0.08099 0.08068 0.0805 0.08025 0.08012 0.08 0.07962 0.07778 0.0747 0.07176 0.06885 0.06611 0.06356 0.06116 0.05891 0.0571 0.05595 0.05541 0.05514 0.05505 0.05505 0.05541 0.05604 0.05701 0.0584 0.06 0.06213 0.06481 0.06797 0.07162 0.07609 0.08099 0.08591 0.09028 0.09402 0.0969 0.09818 0.09788 0.09638 0.09487 0.09365 0.0929 0.09268 0.09295 0.09375 0.09497 0.09664 0.09859 0.10095 0.10344 0.10625 0.10927
-9999.0 -9999.0 -9999.0 -9999.0 -9999.0 -9999.0 -9999.0 -9999.0 -9999.0 0.08689 0.08666 0.08649 0.08626 0.08608 0.08585 0.08567 0.0855 0.08532 0.08526 0.08509 0.08503 0.08491 0.08438 0.08198 0.07906 0.07622 0.07355 0.07099 0.06856 0.06648 0.06519 0.06434 0.06387 0.06332 0.06309 0.06293 0.06301 0.0634 0.06395 0.06488 0.06618 0.0679 0.07007 0.07287 0.07622 0.07994 0.0839 0.08837 0.09386 0.0997 0.10436 0.10583 0.10392 0.1004 0.09737 0.09545 0.09445 0.09429 0.09482 0.09592 0.09737 0.09925 0.10139 0.10378 0.1064 0.10922 0.11225
-9999.0 -9999.0 -9999.0 -9999.0 -9999.0 -9999.0 -9999.0 -9999.0 -9999.0 -9999.0 -9999.0 -9999.0 -9999.0 -9999.0 0.0905 0.09044 0.09033 0.09022 0.09017 0.09011 0.09006 0.09011 0.09006 0.08905 0.08643 0.08367 0.08099 0.07842 0.07622 0.07463 0.07382 0.07294 0.07232 0.07169 0.0712 0.07085 0.07064 0.07064 0.07078 0.07113 0.07176 0.07273 0.07403 0.0755 0.07701 0.07874 0.08149 0.08585 0.09225 0.1007 0.11032 0.11252 0.10502 0.09803 0.0937 0.09187 0.09154 0.09214 0.09354 0.09539 0.09757 0.1001 0.10276 0.10555 0.10849 0.11153 0.11467
-9999.0 -9999.0 -9999.0 -9999.0 -9999.0 -9999.0 -9999.0 -9999.0 -9999.0 -9999.0 -9999.0 -9999.0 -9999.0 -9999.0 -9999.0 -9999.0 -9999.0 0.09513 0.09513 0.09513 0.09518 0.09518 0.09524 0.09513 0.0937 0.0911 0.08843 0.0862 0.0845 0.08343 0.08258 -9999.0 0.08087 0.08006 0.07944 0.07887 0.07836 0.07791 0.07765 0.07733 0.0772 0.07681 0.07603 0.07477 0.07362 0.07328 0.07416 0.07681 0.08161 0.08832 0.09407 0.09381 0.08689 0.08319 0.08185 0.08276 0.08473 0.08718 0.08994 0.0929 0.09602 0.0993 0.10257 0.10592 0.10932 0.11274 0.11615
-9999.0 -9999.0 -9999.0 -9999.0 -9999.0 -9999.0 -9999.0 -9999.0 -9999.0 -9999.0 -9999.0 -9999.0 -9999.0 -9999.0 -9999.0 -9999.0 -9999.0 -9999.0 -9999.0 0.10015 0.10025 0.10035 0.10045 0.10055 0.1003 0.09859 -9999.0 -9999.0 -9999.0 -9999.0 -9999.0 -9999.0 -9999.0 0.08871 0.08792 0.08718 0.08637 0.08567 0.08491 0.08379 0.08204 0.07956 0.07642 0.07301 0.0695 0.06595 0.06293 0.0614 0.06189 0.06325 0.05148 0.03521 0.04817 0.05762 0.0645 0.07064 0.07616 0.08118 0.08567 0.09 0.09402 0.09798 0.10178 0.10555 0.10927 0.11287 0.11658
-9999.0 -9999.0 -9999.0 -9999.0 -9999.0 -9999.0 -9999.0 -9999.0 -9999.0 -9999.0 -9999.0 -9999.0 -9999.0 -9999.0 -9999.0 -9999.0 -9999.0 -9999.0 -9999.0 -9999.0 -9999.0 -9999.0 -9999.0 -9999.0 -9999.0 -9999.0 -9999.0 -9999.0 -9999.0 -9999.0 -9999.0 -9999.0 -9999.0 -9999.0 -9999.0 0.09586 0.09497 0.09365 0.09187 0.08939 0.08614 0.08246 0.07836 0.07362 0.06797 0.06124 0.05357 0.04561 0.04037 0.03873 0.0324 0.02 0.02429 0.03962 0.05206 0.06181 0.07 0.07675 0.08264 0.08792 0.09268 0.09716 0.10134 0.1054 0.10932 0.11309 0.11679
-9999.0 -9999.0 -9999.0 -9999.0 -9999.0 -9999.0 -9999.0 -9999.0 -9999.0 -9999.0 -9999.0 -9999.0 -9999.0 -9999.0 -9999.0 -9999.0 -9999.0 -9999.0 -9999.0 -9999.0 -9999.0 -9999.0 -9999.0 -9999.0 -9999.0 -9999.0 -9999.0 -9999.0 -9999.0 -9999.0 -9999.0 -9999.0 -9999.0 -9999.0 -9999.0 -9999.0 -9999.0 0.10075 0.09793 0.09476 0.09138 0.08764 0.08343 0.07849 0.07273 0.06557 0.05648 0.04506 0.03421 0.03715 0.04099 0.03795 0.0386 0.04483 0.05329 0.06148 0.06928 0.07616 0.08228 0.08775 0.09268 0.09721 0.10144 0.10536 0.10909 0.11256 0.1158
-9999.0 -9999.0 -9999.0 -9999.0 -9999.0 -9999.0 -9999.0 -9999.0 -9999.0 -9999.0 -9999.0 -9999.0 -9999.0 -9999.0 -9999.0 -9999.0 -9999.0 -9999.0 -9999.0 -9999.0 -9999.0 -9999.0 -9999.0 -9999.0 -9999.0 -9999.0 -9999.0 -9999.0 -9999.0 -9999.0 -9999.0 -9999.0 -9999.0 -9999.0 -9999.0 -9999.0 -9999.0 -9999.0 0.10237 -9999.0 0.09664 0.09349 0.09006 0.08637 0.08234 0.07817 0.07389 0.07014 0.0679 0.06892 0.06753 0.06148 0.05882 0.0595 0.06253 0.06686 0.07183 0.07714 0.0821 0.08672 0.09105 0.09497 0.09864 0.10203 0.10517 0.10803 0.11068
-9999.0 -9999.0 -9999.0 -9999.0 -9999.0 -9999.0 -9999.0 -9999.0 -9999.0 -9999.0 -9999.0 -9999.0 -9999.0 -9999.0 -9999.0 -9999.0 -9999.0 -9999.0 -9999.0 -9999.0 -9999.0 -9999.0 -9999.0 -9999.0 -9999.0 -9999.0 -9999.0 -9999.0 -9999.0 -9999.0 -9999.0 -9999.0 -9999.0 -9999.0 -9999.0 -9999.0 -9999.0 -9999.0 -9999.0 -9999.0 -9999.0 0.09592 0.09359 0.09132 0.08944 0.08815 0.08803 0.09006 0.09508 0.09381 0.08414 0.07681 0.07218 0.07 0.06971 0.07078 0.0728 0.07589 0.07931 0.08276 0.08614 0.08933 0.09236 0.09518 0.09783 0.10015 0.10227
-9999.0 -9999.0 -9999.0 -9999.0 -9999.0 -9999.0 -9999.0 -9999.0 -9999.0 -9999.0 -9999.0 -9999.0 -9999.0 -9999.0 -9999.0 -9999.0 -9999.0 -9999.0 -9999.0 -9999.0 -9999.0 -9999.0 -9999.0 -9999.0 -9999.0 -9999.0 -9999.0 -9999.0 -9999.0 -9999.0 -9999.0 -9999.0 -9999.0 -9999.0 -9999.0 -9999.0 -9999.0 -9999.0 -9999.0 -9999.0 -9999.0 0.09513 0.09359 0.0923 0.09149 0.09127 0.09176 0.09284 0.09349 0.09154 0.08689 0.08167 0.0774 0.0745 0.07294 0.07239 0.07253 0.07382 0.0757 0.07804 0.08068 0.08319 0.08567 0.08786 0.09 0.09182 0.09349
