data/pm10_slope_horn_max.asc
ncols	541
nrows	200
xllcorner	12.09692
yllcorner	48.55814
cellsize	0.0125
NODATA_value	-9999.0
[rows 90 to 119 of 200, columns 67 to 133 of 541]
1.07103 1.07537 1.08015 1.08978 1.09995 1.11028 1.12003 1.12734 1.1323 1.1355 1.1379 1.13967 1.14102 1.14028 1.13932 1.14206 1.15947 1.18733 1.22129 1.25958 1.30568 1.36029 1.42086 1.48407 1.54962 1.61806 1.6889 1.75897 1.82575 1.88987 1.95193 2.0139 2.07476 2.13508 2.19398 2.24949 2.30223 2.36301 2.42948 2.50044 2.57097 2.63544 2.6934 2.74354 2.7848 2.81808 2.85547 2.88549 2.90847 2.92405 2.93597 2.95663 2.97857 2.9975 3.01294 3.02556 3.03609 3.04622 3.054 3.05496 3.04927 3.04081 3.03194 3.01782 3.00308 2.98854 2.96594
1.12837 1.12541 1.12882 1.13656 1.14254 1.14903 1.15673 1.16401 1.17001 1.17342 1.17589 1.177 1.17597 1.17412 1.17897 1.19496 1.22386 1.25394 1.28759 1.32596 1.37228 1.42555 1.48429 1.54673 1.61197 1.67758 1.74274 1.80559 1.86581 1.92482 1.98413 2.04442 2.10615 2.16504 2.21913 2.26966 2.3192 2.37627 2.43699 2.49868 2.55981 2.62032 2.67412 2.71936 2.75558 2.78424 2.81389 2.84238 2.86603 2.88342 2.8981 2.91654 2.93649 2.95476 2.96964 2.98198 2.99192 3.00103 3.00824 3.01124 3.00666 2.99641 2.98757 2.97733 2.96226 2.94976 2.93269
1.21357 1.20538 1.19872 1.19384 1.19266 1.19606 1.20238 1.20718 1.21169 1.21561 1.22032 1.22213 1.22292 1.22819 1.24206 1.25948 1.28519 1.31535 1.34881 1.38504 1.42823 1.47919 1.53593 1.5964 1.65848 1.719 1.77654 1.83197 1.88814 1.94579 2.008 2.06941 2.12838 2.18364 2.23492 2.28043 2.32477 2.37558 2.43206 2.48903 2.54235 2.59513 2.64694 2.69014 2.7247 2.75068 2.76795 2.78941 2.80768 2.82526 2.84498 2.86434 2.88385 2.90154 2.91704 2.93144 2.94416 2.95327 2.9569 2.95838 2.95633 2.94806 2.93702 2.92823 2.91501 2.90102 2.88794
1.29666 1.2825 1.2715 1.26279 1.25696 1.2534 1.25221 1.2535 1.25765 1.2617 1.26442 1.26663 1.27313 1.28386 1.2975 1.31156 1.33474 1.36297 1.39518 1.4293 1.46772 1.51348 1.56487 1.62094 1.67834 1.7327 1.78503 1.83663 1.89132 1.94831 2.00919 2.07163 2.12985 2.18124 2.22759 2.26758 2.30562 2.3517 2.40372 2.45668 2.50688 2.56122 2.60954 2.64898 2.67977 2.7016 2.71446 2.72801 2.74006 2.75512 2.77787 2.80036 2.82086 2.83865 2.85438 2.86916 2.88469 2.8964 2.90068 2.89937 2.89676 2.89154 2.88009 2.86944 2.85862 2.8434 2.8303
1.3698 1.35108 1.33644 1.32488 1.31675 1.31061 1.30438 1.3013 1.30107 1.30213 1.30247 1.30643 1.31472 1.32471 1.33478 1.3458 1.36628 1.39128 1.42155 1.45258 1.48484 1.52219 1.56534 1.61392 1.66469 1.71432 1.76481 1.81543 1.87004 1.92718 1.98546 2.04452 2.09811 2.14478 2.18648 2.2239 2.25851 2.30194 2.35051 2.40186 2.45948 2.5126 2.5571 2.59232 2.61895 2.63734 2.64744 2.65193 2.66221 2.67873 2.70136 2.72624 2.74849 2.76675 2.78204 2.79583 2.81175 2.82598 2.83404 2.8341 2.82932 2.82522 2.81661 2.80306 2.79199 2.77973 2.76385
1.42919 1.40886 1.39188 1.3767 1.3638 1.3524 1.34261 1.33806 1.33545 1.33323 1.33071 1.33362 1.33936 1.3458 1.3524 1.3605 1.37738 1.39923 1.42591 1.45232 1.47828 1.50529 1.53648 1.57489 1.6196 1.66621 1.71624 1.76903 1.82307 1.87561 1.92638 1.97852 2.02834 2.07289 2.11141 2.14446 2.17646 2.21988 2.27146 2.32568 2.38492 2.43614 2.47761 2.51012 2.53523 2.55364 2.56466 2.56779 2.57264 2.59264 2.61633 2.64278 2.667 2.68609 2.70179 2.71484 2.72782 2.74205 2.75362 2.75861 2.75588 2.75023 2.74452 2.73294 2.71796 2.7064 2.69223
1.47818 1.45745 1.43752 1.41982 1.40431 1.38918 1.37446 1.36354 1.35464 1.34872 1.34363 1.34454 1.34697 1.34921 1.35154 1.35586 1.36843 1.3865 1.40744 1.4275 1.44636 1.46508 1.48538 1.51237 1.54887 1.59264 1.64256 1.69463 1.74481 1.79207 1.83653 1.88094 1.92505 1.96449 1.99808 2.02791 2.06011 2.10449 2.16245 2.2293 2.29042 2.34151 2.38243 2.41406 2.43652 2.45191 2.46211 2.46647 2.47194 2.49586 2.52204 2.54943 2.57573 2.59623 2.61242 2.62554 2.63655 2.64817 2.66092 2.67042 2.67305 2.6687 2.66277 2.65534 2.64138 2.62568 2.61269
1.51565 1.49367 1.47318 1.45498 1.43619 1.41679 1.39953 1.38648 1.37491 1.36637 1.35851 1.35353 1.34707 1.34107 1.3375 1.33755 1.34242 1.3539 1.36715 1.37953 1.39161 1.40607 1.42119 1.44032 1.46669 1.50147 1.54146 1.58635 1.63143 1.67449 1.71414 1.75077 1.78663 1.82061 1.85132 1.88102 1.91576 1.96652 2.0421 2.1151 2.17773 2.22826 2.26751 2.29674 2.31657 2.32975 2.33944 2.34498 2.3597 2.38951 2.4185 2.44577 2.47301 2.49615 2.51341 2.52714 2.53809 2.54757 2.55865 2.57061 2.57856 2.57912 2.57343 2.5666 2.55725 2.54144 2.52449
1.54131 1.51952 1.49872 1.47782 1.45656 1.43594 1.41913 1.40612 1.3965 1.38895 1.38112 1.37088 1.35702 1.34152 1.32624 1.31561 1.30969 1.3052 1.30826 1.31225 1.31957 1.33042 1.34387 1.35963 1.37604 1.39543 1.42036 1.45326 1.48876 1.52581 1.56065 1.59342 1.62376 1.65252 1.68167 1.71449 1.75458 1.8157 1.90127 1.97799 2.04064 2.08891 2.12508 2.15181 2.17078 2.18348 2.19374 2.20454 2.2324 2.27007 2.30368 2.33189 2.35871 2.38479 2.40485 2.41987 2.43173 2.44081 2.44904 2.45978 2.47098 2.47731 2.47607 2.46915 2.46112 2.45005 2.4328
1.56133 1.53811 1.51588 1.49354 1.47188 1.45416 1.4427 1.4349 1.42668 1.41667 1.40522 1.39049 1.3725 1.35229 1.3299 1.30576 1.28024 1.25707 1.24153 1.2344 1.23632 1.2431 1.25317 1.26301 1.27229 1.28114 1.29121 1.30619 1.32702 1.35377 1.38085 1.41039 1.44003 1.46879 1.49859 1.53383 1.58117 1.65235 1.74926 1.82885 1.88915 1.9327 1.96383 1.98539 2.00199 2.01704 2.03229 2.0574 2.09676 2.13885 2.17572 2.20643 2.23318 2.26031 2.28444 2.30197 2.31512 2.32537 2.33304 2.34066 2.35159 2.36208 2.3671 2.36449 2.35639 2.34667 2.3339
1.59379 1.5697 1.54462 1.5196 1.49956 1.4892 1.48281 1.4759 1.4668 1.45585 1.44199 1.42398 1.40209 1.37678 1.34809 1.31687 1.28485 1.25436 1.22271 1.19144 1.16663 1.15308 1.15036 1.14987 1.15162 1.15408 1.15666 1.15906 1.1623 1.17073 1.18598 1.20886 1.23422 1.26571 1.30203 1.34519 1.40482 1.49309 1.6106 1.69573 1.74771 1.77762 1.79671 1.81248 1.82856 1.84914 1.87599 1.91035 1.95013 1.99155 2.03211 2.067 2.09605 2.12259 2.14954 2.17205 2.18806 2.20006 2.20913 2.21594 2.22378 2.23484 2.24437 2.24831 2.24474 2.23548 2.22364
1.6269 1.59995 1.57491 1.55555 1.5465 1.54108 1.53303 1.52247 1.50989 1.49505 1.47727 1.45568 1.43011 1.40128 1.37044 1.33792 1.30604 1.27231 1.23638 1.19802 1.15609 1.11479 1.08179 1.05775 1.04025 1.02615 1.01567 1.00906 1.00399 0.99864 0.99455 0.99743 1.01074 1.04336 1.09487 1.15799 1.23919 1.3641 1.51392 1.59035 1.61547 1.62341 1.63347 1.65285 1.67915 1.7106 1.74406 1.77649 1.80964 1.84048 1.87633 1.91219 1.94621 1.97464 2.00135 2.02783 2.04944 2.06476 2.07592 2.08396 2.09029 2.09885 2.10973 2.11818 2.12138 2.11746 2.10735
1.66046 1.63485 1.61737 1.60816 1.60192 1.59262 1.58006 1.56488 1.54771 1.52845 1.50635 1.48105 1.45358 1.42456 1.39374 1.35945 1.32568 1.28923 1.25002 1.20791 1.16346 1.11707 1.07022 1.02364 0.97875 0.93974 0.90634 0.88085 0.86205 0.84645 0.83064 0.81278 0.79916 0.80383 0.85796 0.9602 1.08581 1.23663 1.35033 1.39666 1.40477 1.44149 1.48623 1.52445 1.55603 1.5832 1.6083 1.64186 1.67396 1.70309 1.73237 1.76179 1.79326 1.82154 1.84718 1.87313 1.8983 1.91856 1.93266 1.94269 1.9504 1.9578 1.96792 1.97723 1.98421 1.98728 1.98359
1.69701 1.67942 1.6705 1.66247 1.65237 1.64021 1.6254 1.60754 1.58697 1.56356 1.53672 1.5071 1.47643 1.44404 1.40949 1.37441 1.33917 1.30194 1.26245 1.22 1.17466 1.12647 1.07734 1.02738 0.97532 0.92166 0.86601 0.81215 0.76475 0.73036 0.70973 0.69433 0.67889 0.65388 0.667 0.76228 0.91882 1.13907 1.29678 1.34905 1.3676 1.39046 1.41458 1.43915 1.46288 1.48505 1.50495 1.52254 1.5386 1.56981 1.59876 1.62357 1.6489 1.67882 1.70541 1.72968 1.75122 1.76973 1.78335 1.79376 1.80216 1.80953 1.81986 1.83126 1.83849 1.84421 1.84688
1.74444 1.73518 1.72875 1.71987 1.70823 1.69303 1.67437 1.65233 1.62768 1.60125 1.5726 1.54157 1.50849 1.47262 1.43676 1.39961 1.3604 1.31991 1.27817 1.2336 1.18678 1.13888 1.09058 1.03955 0.98548 0.92994 0.87201 0.81328 0.7608 0.72424 0.70478 0.68635 0.66729 0.64676 0.64921 0.69035 0.78214 0.95656 1.1383 1.24253 1.27102 1.28311 1.30106 1.32319 1.34661 1.36938 1.39028 1.40877 1.42438 1.43637 1.4664 1.49338 1.51581 1.53603 1.5677 1.59588 1.61854 1.63674 1.65032 1.66008 1.66754 1.67204 1.67492 1.68183 1.68943 1.69596 1.69974
1.79694 1.79234 1.78728 1.77762 1.76263 1.74381 1.7236 1.70091 1.67507 1.64606 1.61384 1.57868 1.54205 1.50525 1.46654 1.42657 1.38521 1.34198 1.29726 1.25059 1.20214 1.15199 1.10129 1.04775 0.99118 0.93351 0.87625 0.82609 0.78609 0.75814 0.74554 0.73961 0.72955 0.71134 0.70301 0.7075 0.71562 0.7548 0.83888 0.93223 1.02216 1.08278 1.12896 1.16812 1.2029 1.23398 1.26137 1.28492 1.30463 1.32027 1.33125 1.36079 1.38699 1.40854 1.42848 1.46408 1.48831 1.50616 1.52082 1.53247 1.54141 1.54703 1.54927 1.55018 1.5491 1.55 1.55117
1.84763 1.84554 1.84044 1.82903 1.8112 1.79154 1.77246 1.74933 1.72083 1.68761 1.65206 1.61631 1.58133 1.54324 1.50214 1.45869 1.4139 1.36693 1.31776 1.26638 1.21317 1.15908 1.10539 1.05156 0.99992 0.95228 0.90899 0.86985 0.83453 0.8115 0.79542 0.7843 0.7706 0.74601 0.72078 0.71506 0.69674 0.66368 0.68692 0.71662 0.78782 0.86079 0.93269 0.99098 1.03979 1.08358 1.12095 1.15272 1.17936 1.20115 1.21819 1.23021 1.2471 1.26644 1.27161 1.3123 1.34509 1.36887 1.38861 1.40459 1.41667 1.42476 1.42887 1.42941 1.42737 1.42418 1.41744
1.89629 1.89256 1.88444 1.87065 1.85119 1.8328 1.81366 1.78937 1.75853 1.72171 1.68708 1.65213 1.61792 1.57841 1.5341 1.4869 1.43846 1.38889 1.33829 1.28559 1.23184 1.1786 1.12734 1.07834 1.03494 0.99804 0.96992 0.94397 0.91875 0.90165 0.8848 0.88052 0.88477 0.88271 0.87837 0.85711 0.79357 0.75356 0.74299 0.72608 0.73131 0.74685 0.78647 0.83509 0.89101 0.94376 0.98839 1.02621 1.05813 1.08551 1.10888 1.1286 1.1446 1.15551 1.15326 1.17332 1.21019 1.24215 1.26593 1.28297 1.29438 1.302 1.30724 1.30994 1.30912 1.30517 1.29815
1.94059 1.93202 1.91943 1.90335 1.88455 1.86644 1.84471 1.81773 1.7846 1.7497 1.71429 1.67707 1.64399 1.60514 1.5594 1.50954 1.45914 1.40902 1.35773 1.30451 1.25214 1.20101 1.15418 1.11584 1.09043 1.06862 1.0494 1.03276 1.02002 1.00964 1.01352 1.02515 1.03358 1.03376 1.02532 1.00139 0.95578 0.91022 0.90567 0.89873 0.88359 0.86405 0.84635 0.83108 0.859 0.89593 0.93049 0.96525 0.9951 1.0218 1.04511 1.06446 1.0781 1.08536 1.08851 1.10787 1.14645 1.17763 1.20053 1.21575 1.22394 1.22557 1.22178 1.21405 1.20246 1.19076 1.18134
1.97851 1.96491 1.9482 1.93063 1.91156 1.88994 1.86409 1.83376 1.7982 1.76461 1.72829 1.68935 1.65473 1.61584 1.57064 1.51958 1.46666 1.41689 1.36791 1.31492 1.26446 1.22738 1.20088 1.17815 1.16334 1.15223 1.14492 1.13836 1.14496 1.16356 1.18072 1.19626 1.20486 1.20617 1.19565 1.16993 1.13438 1.09287 1.08271 1.07856 1.06893 1.05228 1.0278 1.00052 0.98171 0.9632 0.9661 0.9871 1.00608 1.02396 1.04488 1.06221 1.07476 1.08288 1.08864 1.09488 1.12249 1.14612 1.16392 1.17504 1.17948 1.17751 1.16963 1.15634 1.13694 1.11203 1.08489
2.009 1.99057 1.97073 1.95067 1.9282 1.90177 1.87122 1.8366 1.80101 1.76602 1.72799 1.68746 1.64938 1.60858 1.56354 1.51348 1.46357 1.4186 1.37627 1.33087 1.29263 1.27523 1.26149 1.25417 1.25133 1.2487 1.25011 1.27555 1.30287 1.32679 1.3468 1.35986 1.36628 1.36772 1.36076 1.34408 1.31898 1.28743 1.26292 1.25124 1.2441 1.23059 1.21191 1.18844 1.16286 1.13587 1.1077 1.08268 1.06002 1.06188 1.07442 1.08468 1.09123 1.09652 1.10219 1.10626 1.11975 1.13539 1.14613 1.15126 1.1504 1.14352 1.13059 1.11164 1.08666 1.05622 1.02168
2.03138 2.00806 1.98484 1.9606 1.93329 1.90194 1.86654 1.82728 1.7922 1.75414 1.71325 1.67042 1.63238 1.59617 1.55565 1.51122 1.46534 1.42169 1.382 1.35654 1.34279 1.34179 1.34156 1.34336 1.3472 1.36705 1.4004 1.4326 1.46067 1.48307 1.50268 1.51621 1.52748 1.53474 1.53346 1.52079 1.49728 1.46875 1.4456 1.42518 1.41047 1.39705 1.37822 1.35695 1.33311 1.30597 1.27501 1.24327 1.21147 1.179 1.15317 1.13415 1.12807 1.12508 1.12494 1.1218 1.11703 1.12599 1.13005 1.12877 1.12195 1.10943 1.09118 1.06756 1.0389 1.00557 0.96772
2.04585 2.01759 1.98979 1.9601 1.92741 1.89084 1.85049 1.80992 1.77331 1.73619 1.69745 1.65799 1.61945 1.58107 1.53995 1.49603 1.45171 1.41798 1.4101 1.41314 1.41596 1.42155 1.43063 1.44415 1.47994 1.51787 1.55077 1.58212 1.61124 1.63869 1.66451 1.68256 1.69383 1.69819 1.69511 1.68232 1.65961 1.63261 1.61101 1.5929 1.57307 1.54896 1.52396 1.50203 1.47766 1.45049 1.42169 1.39239 1.36132 1.32929 1.2972 1.26355 1.2296 1.19777 1.17081 1.1545 1.13546 1.12174 1.11633 1.10594 1.09184 1.07473 1.05226 1.02462 0.99196 0.95487 0.91444
2.0666 2.03481 2.00249 1.96813 1.93068 1.88972 1.84575 1.80499 1.76538 1.72378 1.68062 1.63698 1.59522 1.55499 1.51323 1.47426 1.45839 1.46495 1.47364 1.48652 1.50082 1.51702 1.53956 1.58113 1.62355 1.66291 1.70055 1.73733 1.77021 1.79795 1.82141 1.83713 1.84589 1.84967 1.84653 1.83488 1.81448 1.7896 1.7692 1.75175 1.7322 1.70857 1.68212 1.6547 1.62469 1.5918 1.55941 1.52979 1.49901 1.46599 1.43072 1.39359 1.3563 1.3179 1.27659 1.23199 1.1852 1.1503 1.12401 1.10273 1.07904 1.05485 1.02583 0.99219 0.95477 0.91434 0.87093
2.08983 2.05402 2.01607 1.97691 1.93443 1.88804 1.83831 1.79318 1.74834 1.70192 1.65445 1.60803 1.56537 1.52556 1.49282 1.49758 1.51077 1.52897 1.5486 1.57044 1.59514 1.62718 1.67563 1.7231 1.76988 1.81356 1.85205 1.88628 1.91713 1.94499 1.9683 1.98363 1.99047 1.99204 1.98676 1.9738 1.95293 1.92888 1.90861 1.89095 1.87144 1.84915 1.82548 1.79934 1.76989 1.73791 1.70556 1.67192 1.63667 1.59963 1.56061 1.51987 1.47793 1.43432 1.38937 1.34347 1.29608 1.24579 1.19264 1.1457 1.10386 1.0666 1.03113 0.99288 0.94997 0.90385 0.85565
2.10432 2.06486 2.02139 1.97709 1.92995 1.87902 1.82421 1.77358 1.72334 1.6729 1.62328 1.57784 1.53972 1.51994 1.53244 1.55182 1.57608 1.60006 1.62587 1.6553 1.70778 1.76346 1.81555 1.86337 1.90752 1.95098 1.99105 2.02616 2.05692 2.08281 2.1023 2.11359 2.1171 2.11676 2.11011 2.09621 2.07527 2.05362 2.03494 2.01787 2.00032 1.98162 1.96066 1.9356 1.90665 1.87432 1.83985 1.80355 1.765 1.72501 1.68363 1.64064 1.59571 1.54858 1.49904 1.44757 1.39509 1.34244 1.28976 1.24039 1.19825 1.1546 1.10757 1.05571 0.99924 0.94011 0.8816
2.10997 2.06784 2.02083 1.97163 1.92004 1.86566 1.80712 1.74905 1.69473 1.64382 1.59822 1.56332 1.54966 1.56794 1.58866 1.61445 1.64474 1.67549 1.7188 1.77441 1.83332 1.88773 1.93832 1.98729 2.03467 2.07947 2.1179 2.1497 2.17816 2.20122 2.21834 2.22756 2.23131 2.23154 2.22523 2.21184 2.19236 2.17243 2.1528 2.13382 2.11617 2.09724 2.07508 2.04868 2.01838 1.98457 1.94841 1.90998 1.86923 1.82668 1.78211 1.73601 1.68851 1.64 1.59067 1.54035 1.48954 1.43716 1.38303 1.32756 1.282 1.23685 1.19139 1.14384 1.09236 1.03692 0.9798
2.10973 2.06593 2.01777 1.96654 1.91237 1.85669 1.79671 1.73753 1.68134 1.63548 1.60604 1.59835 1.60832 1.63037 1.66691 1.70175 1.73441 1.77162 1.82615 1.88468 1.94142 1.99572 2.0494 2.1 2.14613 2.18866 2.2248 2.25514 2.28389 2.30809 2.32601 2.33487 2.33673 2.33385 2.32573 2.31094 2.29148 2.27174 2.25148 2.23134 2.21175 2.19005 2.16575 2.13809 2.1071 2.07342 2.03747 1.99872 1.95745 1.91473 1.87047 1.82512 1.7787 1.73107 1.68192 1.63086 1.57837 1.52482 1.47089 1.41595 1.36948 1.32283 1.27374 1.22298 1.1697 1.1143 1.05884
2.109 2.06525 2.01842 1.96949 1.91665 1.86317 1.80737 1.75354 1.7048 1.66809 1.65059 1.65511 1.67711 1.71764 1.75572 1.79128 1.82665 1.8686 1.92373 1.98037 2.03788 2.09402 2.14841 2.19671 2.23956 2.28144 2.31895 2.3511 2.3786 2.39989 2.41441 2.42133 2.42051 2.41585 2.40732 2.39271 2.37321 2.35357 2.33436 2.31496 2.29433 2.27221 2.24696 2.21879 2.18764 2.15334 2.11583 2.0755 2.03303 1.98991 1.94577 1.90065 1.85443 1.80692 1.75831 1.70819 1.65722 1.60519 1.55277 1.49901 1.45183 1.40431 1.35382 1.30128 1.24732 1.19264 1.13755
2.11641 2.07594 2.03202 1.98666 1.93971 1.8924 1.84561 1.8017 1.76246 1.73038 1.71479 1.72305 1.76567 1.80791 1.84564 1.88438 1.92097 1.96152 2.01378 2.07214 2.12998 2.18294 2.23495 2.28257 2.32564 2.36776 2.40358 2.4327 2.45491 2.47231 2.4841 2.48994 2.48868 2.48657 2.4809 2.46908 2.45151 2.43143 2.41011 2.38846 2.36611 2.34243 2.31539 2.2859 2.25353 2.21906 2.1821 2.14344 2.10375 2.06323 2.0212 1.9776 1.9326 1.88617 1.83866 1.78932 1.74074 1.6911 1.63995 1.5861 1.53818 1.49031 1.44058 1.38919 1.33534 1.27921 1.22334
