data/pm10_concentration_min.asc
NCOLS 541
NROWS 200
XLLCORNER 12.09692
YLLCORNER 48.55814
CELLSIZE 0.0125
NODATA_VALUE -9999
[rows 126 to 146 of 200, columns 470 to 516 of 541]
22.5129359409684 22.4117109858933 22.3119337528163 22.2072725894655 22.1042963799768 22.0011551138993 21.8977614014555 21.7941638391704 21.6904972311434 21.5869947611507 21.4800682014861 21.3677807258778 21.2564878327195 21.1469667424504 21.0184369300599 20.8821799566334 20.7377247067975 20.5953757854222 20.4569087275332 20.3255435523771 20.2016090494965 20.0849289126048 19.9749659211643 19.8691824944481 19.7660135396099 19.6649701703243 19.5657307397943 19.4681177080107 19.3720561820827 19.2775153268604 19.179447851642 19.0823616463401 18.9868066699037 18.8926014153864 18.7995740651661 18.7076216890295 18.6159794051399 18.5258021188639 18.4379166270104 18.3534260725451 18.2742048218382 18.2034017663353 18.1446553753384 18.1073044988179 18.1039737991692 18.147832650741 -9999
22.3767319161473 22.262756931848 22.1436097877048 22.028060365559 21.9151053370848 21.8027033965288 21.6908311177317 21.5795970379659 21.4691890205934 21.35988049298 21.2470637284971 21.1315559443668 21.0179276608813 20.9068449605493 20.7915321713183 20.6557163459807 20.5205484372917 20.3817743331279 20.2456783484367 20.1161053097026 19.9930242845852 19.8755608380259 19.759387911293 19.6488585619238 19.5437004828902 19.4434979335172 19.3462361385655 19.2510287931402 19.1577224237394 19.0662615910876 18.9766019543873 18.8886968626468 18.801821853059 18.7127378416478 18.6257957338516 18.5411529505027 18.459137210464 18.3803320584421 18.3056865760453 18.236666221355 18.1754602042345 18.1252453894254 18.090442631344 18.0767378716228 18.0897235147106 -9999 -9999
22.2713403606672 22.1378066305489 22.0086121295568 21.8836310900373 21.761737057852 21.6410193126911 21.5215230656124 21.40340152548 21.2868774084587 21.1720209766581 21.0513397097578 20.9327209725254 20.8166711604191 20.7037537985205 20.5942622123618 20.4659712202132 20.3299895561629 20.1952734830781 20.0622082400018 19.9314119943411 19.8056930934494 19.6856860055526 19.571371980261 19.4626191771704 19.3590681194189 19.260383133188 19.1646651667604 19.0713336700994 18.9803316571864 18.8916322927319 18.8052355173789 18.7211689442174 18.6394967177167 18.5603385727289 18.4839000225094 18.4104979327828 18.3386168754618 18.26992934328 18.2070521942769 18.1514878689036 18.1052470665994 18.0709127056015 18.0516117861187 18.0507946987764 -9999 -9999 -9999
22.1868945818447 22.0440138328968 21.9058949963942 21.7724427867039 21.6423992969473 21.5140605185197 21.3875416649654 21.2630340424196 21.1407873639765 21.0141551621666 20.8897497411349 20.76803143675 20.6494486774997 20.5344810318365 20.4218615233377 20.3068910039305 20.1742812316032 20.0384799506462 19.9049907693969 19.7765310421782 19.6533629304535 19.5355032970252 19.4229829006331 19.3157854923229 19.2138676048494 19.1169942602444 19.022234688 18.9300146301701 18.8422944791619 18.7574234242392 18.6752277820684 18.5958063711874 18.5193068282847 18.4459436417082 18.376022951452 18.3099740979653 18.2483872464813 18.1920554885026 18.1409088508933 18.0976256602762 18.0638823218053 18.0393817362704 18.0286686878716 -9999 -9999 -9999 -9999
22.1317817711494 21.9805004075735 21.8343156539817 21.6931568993379 21.5555258346336 21.420047859768 21.2868995724374 21.1521189237038 21.0186949051064 20.8877645104851 20.759684122357 20.6348346398961 20.5136162392715 20.3963553806485 20.2791062924391 20.1594006589337 20.0383717697587 19.9149914366886 19.7840579989322 19.6577268224325 19.5365586728997 19.4206673571864 19.3065262868512 19.1974158387633 19.0933396013824 18.9942866891646 18.9002866260631 18.8113800258005 18.7272230427237 18.646248451681 18.5679811252652 18.4936120507076 18.4226406460703 18.3552760223578 18.2918766659649 18.2329063858928 18.1789571711887 18.1307711414015 18.0892576065271 18.0554991256479 18.0307379982211 -9999 -9999 -9999 -9999 -9999 -9999
22.1053224806958 21.9464651352286 21.7929222888983 21.6446168326342 21.4972360436112 21.3486954303086 21.2048112516783 21.0639773721612 20.9258216436051 20.7906882584954 20.6589296444057 20.530902970192 20.4069677880786 20.2854323779044 20.1626655188652 20.0396139230023 19.916279566033 19.7955895331579 19.67781048904 19.5527664145773 19.4318272175873 19.3157046832421 19.2045162169655 19.0983564570104 18.9973051675614 18.9013524688758 18.8062098764961 18.7162271639513 18.6313804226534 18.5518008542417 18.4776516672658 18.4041641579117 18.335764326782 18.2735007964756 18.2165581968054 18.1620583074522 18.113039507878 18.0708133242307 18.0353599947533 18.0073189222489 -9999 -9999 -9999 -9999 -9999 -9999 -9999
22.1014704637849 21.9398975022956 21.7749556265294 21.6115882067345 21.4527081507649 21.2985892055914 21.1493144979309 21.0032531286431 20.8603647630871 20.721015431567 20.5855532949233 20.454311226995 20.3217718030181 20.1929279513158 20.0686732684868 19.9449557121017 19.8187250531402 19.6953785787517 19.5751529363848 19.4582616156132 19.3448944222757 19.2318250975287 19.1208784181925 19.0148499744107 18.9137250751276 18.8175775214643 18.7265234676921 18.6373811598941 18.5521446052001 18.472383383388 18.3982549209951 18.3298151216501 18.2638837500841 18.2011286780139 18.1450292099922 18.0960352173218 18.0545088880195 18.0145096946164 17.9814422776974 -9999 -9999 -9999 -9999 -9999 -9999 -9999 -9999
22.1085541288546 21.9411942423386 21.7679727220514 21.5988761584925 21.4342156658429 21.2744735121075 21.1196416446656 20.968257343182 20.820579608777 20.6736212252737 20.5297241551396 20.3899717809323 20.2546347681386 20.1239707888946 19.9982278170453 19.8745290489177 19.7453582137439 19.6193346037793 19.4966607048417 19.3775238008605 19.2620959510348 19.1505349290785 19.0429861823935 18.9394949189608 18.8390256640945 18.7432933867584 18.6526811340804 18.5672934105468 18.487161869894 18.4071459744825 18.3324884981733 18.2636733385334 18.2009839397784 18.1447168985269 18.0943013809385 -9999 -9999 -9999 -9999 -9999 -9999 -9999 -9999 -9999 -9999 -9999 -9999
22.1277082789998 21.9638863891748 21.7862378487624 21.6112949176552 21.4405089117201 21.2748173463893 21.107069623371 20.9442219382024 20.7875607802311 20.6362575410411 20.4893342493453 20.34702860235 20.2095594069432 20.0771346599972 19.949751166731 19.8234156513807 19.6947524192902 19.5660487048402 19.4409359863985 19.3195779414721 19.2021293550608 19.088736823679 18.9795401586239 18.8758869098718 18.7793513477357 18.6833169282496 18.590470177952 18.5041161447755 18.4240163942988 18.3494064720374 18.2804974538964 18.2173837631143 18.1544277600557 18.0970664491261 18.0462990384264 -9999 -9999 -9999 -9999 -9999 -9999 -9999 -9999 -9999 -9999 -9999 -9999
22.1580042115923 21.9954239216106 21.820904423021 21.6381776813523 21.453683825357 21.2742092907782 21.1007559393669 20.9338614817482 20.7737806677624 20.6191279623731 20.4693762007564 20.3246946971055 20.185244765152 20.0511854854798 19.9189442884889 19.7894686896226 19.6584791888043 19.5296604268016 19.4041913486328 19.2822231092384 19.1635878108783 19.0482289152934 18.938771357854 18.8322379292572 18.7299092581044 18.6322535228444 18.5415953679105 18.4584910197123 18.3829235570141 18.3093318292654 18.2365382992205 18.1717521945627 18.1139033337532 18.0621709534319 18.0087062099913 -9999 -9999 -9999 -9999 -9999 -9999 -9999 -9999 -9999 -9999 -9999 -9999
22.2003271277111 22.0385783985328 21.8610130393878 21.6662988511336 21.4744882626245 21.2894883708368 21.111748787457 20.9414335822129 20.7783391419767 20.6207793565558 20.4654403689665 20.3155213989214 20.1707418628612 20.0310669807518 19.8966270007531 19.7675565124514 19.6387155841774 19.5077138630751 19.3802725348969 19.2565262180506 19.1366080207194 19.0206496834265 18.9087821187609 18.801128067434 18.6986791712323 18.6033362546477 18.5153145915173 18.4347996465173 18.3523859388888 18.275432047182 18.2062893853197 18.1450893286697 18.0860674664772 18.0280964584324 -9999 -9999 -9999 -9999 -9999 -9999 -9999 -9999 -9999 -9999 -9999 -9999 -9999
22.2386129686026 22.0691472836773 21.8909973001778 21.6982870769639 21.50515726711 21.3180115345854 21.1365575254581 20.9579402313188 20.7863333453912 20.6217966367772 20.4643970190738 20.3133414915052 20.1675065639232 20.0269930464135 19.8919157210923 19.7622329430233 19.633996566036 19.503553029928 19.3741402682687 19.2485753234387 19.1269047236897 19.0092367652021 18.8957730967825 18.7884782818923 18.6882374788188 18.5952162444898 18.5050694870221 18.4164427820875 18.3351043035052 18.2612341910221 18.1950382100129 18.1283431238874 18.0659065338082 -9999 -9999 -9999 -9999 -9999 -9999 -9999 -9999 -9999 -9999 -9999 -9999 -9999 -9999
22.26008617144 22.0810817362059 21.9027741337946 21.7183646698696 21.5322497539198 21.3399566296077 21.1540031491061 20.974814071793 20.8026116623585 20.6375410805139 20.4796543223719 20.3276284157067 20.176825104728 20.0326191510344 19.8938979782765 19.7603632028684 19.6321321491269 19.5093244855115 19.3834483284094 19.2561630962655 19.1323483947894 19.0134205094178 18.901239734308 18.7960270079096 18.6937830279205 18.5937809821812 18.5006789361517 18.4147018516254 18.3360258270477 18.2632595938108 18.1888618807992 18.1219328573119 -9999 -9999 -9999 -9999 -9999 -9999 -9999 -9999 -9999 -9999 -9999 -9999 -9999 -9999 -9999
22.2896901465216 22.1055944638437 21.9248949576494 21.7390323851622 21.5569390420763 21.3715983423553 21.1858354869686 21.0066473151578 20.8343505431098 20.6634396748099 20.4991050790471 20.3415029642848 20.1907349671827 20.0464760984898 19.9075162747974 19.7738735344721 19.6456605848721 19.5226775241663 19.3990393036478 19.2729070238003 19.1505034931237 19.0319329263269 18.9172997162919 18.8068055774821 18.7023361010452 18.6046995535945 18.514051996005 18.4305545923624 -9999 -9999 -9999 -9999 -9999 -9999 -9999 -9999 -9999 -9999 -9999 -9999 -9999 -9999 -9999 -9999 -9999 -9999 -9999
22.3315275340423 22.1386574881695 21.9495773704496 21.7652715895051 21.5856750938371 21.4108052979118 21.2244949915963 21.0405701525311 20.8630347726594 20.6920592324445 20.5277846478832 20.3703326480983 20.2198097518327 20.0753073404234 19.9361278616575 19.8023821208146 19.6741574019875 19.5486820012295 19.4240568797413 19.2998850879191 19.1755669024534 19.0551852522979 18.9396938995612 18.8307512553882 -9999 -9999 -9999 -9999 -9999 -9999 -9999 -9999 -9999 -9999 -9999 -9999 -9999 -9999 -9999 -9999 -9999 -9999 -9999 -9999 -9999 -9999 -9999
22.371678944346 22.1753509047888 21.9845254905987 21.7992750141803 21.6198158936996 21.446460032195 21.2684341456515 21.0842696872955 20.9066190212811 20.735634037394 20.5714497847444 20.4141868729051 20.2637562825404 20.1189060206728 19.9767467452626 19.8395410377129 19.7077425451164 19.5812665807278 -9999 -9999 -9999 -9999 -9999 -9999 -9999 -9999 -9999 -9999 -9999 -9999 -9999 -9999 -9999 -9999 -9999 -9999 -9999 -9999 -9999 -9999 -9999 -9999 -9999 -9999 -9999 -9999 -9999
22.4228907961559 22.2241807751994 22.0316509292997 21.8452557984173 21.6651371524123 21.4914980233722 21.3162560189078 21.1410851874533 20.9646975591525 20.7942692193891 20.6301807225991 20.4699131758264 20.3131177083607 20.1630304137488 20.0197251023298 19.8825509246981 19.750717783954 -9999 -9999 -9999 -9999 -9999 -9999 -9999 -9999 -9999 -9999 -9999 -9999 -9999 -9999 -9999 -9999 -9999 -9999 -9999 -9999 -9999 -9999 -9999 -9999 -9999 -9999 -9999 -9999 -9999 -9999
22.4861461269816 22.2850688977794 22.0908492525362 21.9032084780562 21.7178250014501 21.5369371437852 21.3625888018339 21.1947887602479 21.026045706151 20.8587437456648 20.6887473613959 20.5253650548937 20.3687452599568 20.218953269068 20.0759228334088 19.9385416674252 -9999 -9999 -9999 -9999 -9999 -9999 -9999 -9999 -9999 -9999 -9999 -9999 -9999 -9999 -9999 -9999 -9999 -9999 -9999 -9999 -9999 -9999 -9999 -9999 -9999 -9999 -9999 -9999 -9999 -9999 -9999
22.5094827816948 22.3546760255168 22.156014517987 21.960559729919 21.7720506290028 21.5905368805429 21.4158476046052 21.2480444341199 21.0854694353223 20.9214492226755 20.757504844635 20.5941338429438 20.4376363858346 20.2880538370401 -9999 -9999 -9999 -9999 -9999 -9999 -9999 -9999 -9999 -9999 -9999 -9999 -9999 -9999 -9999 -9999 -9999 -9999 -9999 -9999 -9999 -9999 -9999 -9999 -9999 -9999 -9999 -9999 -9999 -9999 -9999 -9999 -9999
22.5200364307926 22.3661128567299 22.2149636388937 22.026122267047 21.8365565550449 21.6542747279435 21.4791573110062 21.3109182715851 21.1432410935535 20.9812903023962 20.8258343251965 20.671363141378 20.5165101931173 20.3659580586073 -9999 -9999 -9999 -9999 -9999 -9999 -9999 -9999 -9999 -9999 -9999 -9999 -9999 -9999 -9999 -9999 -9999 -9999 -9999 -9999 -9999 -9999 -9999 -9999 -9999 -9999 -9999 -9999 -9999 -9999 -9999 -9999 -9999
22.5360844113915 22.3789861173566 22.2259027922615 22.0768828093746 21.9112212477851 21.7280919380493 21.54776652902 21.3722652577346 21.2039406740236 21.0427892441217 20.887845592576 20.7277954939827 20.5721250368125 20.4217250105986 20.2767238573473 -9999 -9999 -9999 -9999 -9999 -9999 -9999 -9999 -9999 -9999 -9999 -9999 -9999 -9999 -9999 -9999 -9999 -9999 -9999 -9999 -9999 -9999 -9999 -9999 -9999 -9999 -9999 -9999 -9999 -9999 -9999 -9999
