data/pm10_aspect_4cell_max.asc
ncols	541
nrows	200
xllcorner	12.09692
yllcorner	48.55814
cellsize	0.0125
NODATA_value	-9999.0
[rows 108 to 134 of 200, columns 480 to 539 of 541]
259.05177 261.62206 263.52715 265.14403 266.24526 266.94312 267.42612 267.78021 268.08617 268.29988 268.45687 268.56631 268.63564 268.66944 268.67116 268.70554 268.79721 268.86826 268.83846 268.60584 268.13029 266.7953 264.46851 261.62378 258.08806 254.49848 250.45569 245.47324 239.66345 233.20049 227.78718 222.69359 220.70256 223.00127 226.58225 234.28796 243.09891 250.52616 257.09168 261.49372 264.2846 265.97138 266.97062 -9999.0 -9999.0 -9999.0 -9999.0 -9999.0 -9999.0 -9999.0 -9999.0 -9999.0 -9999.0 -9999.0 -9999.0 -9999.0 -9999.0 -9999.0 -9999.0 -9999.0
243.17626 243.50399 246.80308 249.94117 252.41577 254.61364 256.54737 258.23531 259.44482 260.28191 260.82278 261.16198 261.34303 261.55216 261.74353 261.83463 262.2271 263.01492 263.76951 264.60087 264.22845 261.13848 256.93698 252.12987 247.43906 242.36953 236.86513 230.79578 225.03011 220.86299 217.46248 218.30874 221.50298 226.80055 236.81413 246.52806 254.5191 260.91847 264.98761 267.4055 268.71012 269.29397 269.39022 269.05562 269.30886 269.80619 269.99985 269.99985 269.99985 -9999.0 -9999.0 -9999.0 -9999.0 -9999.0 -9999.0 -9999.0 -9999.0 -9999.0 -9999.0 -9999.0
235.01677 229.39089 225.21747 225.24497 227.09792 229.48887 232.16573 234.64835 236.75054 238.30612 239.37869 240.20891 240.8489 241.07866 241.02767 240.65238 240.55669 242.3237 243.95548 246.02959 248.46007 246.58306 241.24367 235.72551 229.8951 224.55513 219.26501 215.2778 212.46801 211.60857 215.37806 219.69587 228.38077 239.33629 249.17111 257.41598 263.22348 266.83598 268.87284 269.8039 269.99985 269.99985 269.99985 269.99985 269.99985 269.99985 269.99985 269.99985 269.99985 269.99985 -9999.0 -9999.0 -9999.0 -9999.0 -9999.0 -9999.0 -9999.0 -9999.0 -9999.0 -9999.0
231.60022 219.49362 213.44147 209.5614 206.73385 206.07953 206.67655 207.44374 208.25333 209.17007 210.07763 210.63111 210.65746 210.34062 209.47087 208.37767 208.89505 209.27492 209.80032 211.13073 214.34273 217.30091 215.88685 212.71438 209.2371 206.49149 205.28656 205.47449 207.90956 213.18478 220.75413 231.84544 242.56778 252.60714 259.92267 264.78192 267.77964 269.40225 269.98724 269.99985 269.99985 269.99985 269.99985 269.99985 269.99985 269.99985 269.40397 269.19484 269.90417 269.99985 269.99985 -9999.0 269.99985 269.99985 269.99985 269.99985 -9999.0 -9999.0 -9999.0 -9999.0
238.98049 224.68118 212.09616 202.41203 197.63814 195.13088 193.34211 192.22312 191.51552 191.52468 191.53614 191.39691 191.16086 190.72713 190.40856 190.82911 191.38259 191.7785 192.05639 192.64367 193.6939 194.90628 195.62993 197.15342 198.98689 200.4783 202.89331 207.92102 215.55797 226.13134 238.59259 249.16252 257.11116 262.64422 266.27792 268.49698 269.65951 269.99985 269.99985 269.99985 269.99985 269.99985 269.99985 269.99985 269.99985 269.99985 267.10756 266.72769 268.2592 269.63488 269.99985 269.99985 269.99985 269.99985 269.99985 269.99985 -9999.0 -9999.0 -9999.0 -9999.0
254.46696 242.54486 228.71538 215.64048 205.34557 198.09995 193.33523 190.09401 189.1154 188.45248 187.80562 187.1639 186.56172 186.09133 186.27353 186.42364 186.56975 186.94159 187.54607 188.46681 189.77945 191.59115 193.43206 195.6093 199.58276 207.64199 217.09579 227.37064 239.07273 248.9998 256.56456 261.93432 265.55943 267.8822 269.24526 269.8887 269.99985 269.99985 269.99985 269.99985 269.99985 269.99985 269.99985 269.99985 269.99985 269.99985 269.24526 268.04778 267.64499 268.19675 269.64462 269.99985 269.99985 269.99985 269.99985 269.99985 -9999.0 -9999.0 -9999.0 -9999.0
266.13754 261.11156 253.55997 243.60368 232.51065 222.04099 213.52225 207.32113 203.11046 200.69602 198.75427 197.17348 195.90896 194.94582 194.21644 193.78901 193.6813 194.04799 194.91717 196.42978 198.84479 202.70596 208.74951 216.53028 225.26502 234.43521 244.38978 252.60428 258.79509 263.19827 266.19083 268.1257 269.27907 269.85489 269.99985 269.99985 269.99985 269.99985 269.99985 269.99985 269.99985 269.99985 269.99985 269.99985 269.99985 269.98553 269.44351 268.25691 266.7953 265.84877 269.99985 269.99985 269.99985 269.99985 269.99985 269.99985 269.99985 -9999.0 -9999.0 -9999.0
269.83083 268.67918 266.23666 262.33024 257.29222 251.95798 246.60369 241.57656 237.05306 232.9587 229.40694 226.5261 224.28584 222.54462 221.28411 220.61834 220.70543 221.51387 223.31525 226.10555 229.91114 234.72628 240.55841 247.32333 253.7055 258.95781 262.96908 265.84533 267.79282 269.02009 269.70248 269.97922 269.99985 269.99985 269.99985 269.99985 269.99985 269.99985 269.99985 269.99985 269.99985 269.99985 269.99985 269.99985 269.99985 269.90646 269.15474 267.39977 264.27256 267.02276 269.99985 269.99985 269.99985 269.99985 269.99985 269.99985 269.99985 -9999.0 -9999.0 -9999.0
269.99985 269.99985 269.91906 269.29568 268.11883 266.51226 264.65014 262.73188 260.83825 259.05807 257.49161 256.18011 255.15566 254.37644 253.85619 253.64305 253.74217 254.14439 254.99867 256.46487 258.45074 260.80903 263.24983 265.45687 267.24851 268.556 269.40168 269.85604 269.99928 269.99985 269.99985 269.99985 269.99985 269.99985 269.99985 269.99985 269.99985 269.99985 269.99985 269.99985 269.99985 269.99985 269.99985 269.99985 269.99985 269.80046 268.64595 265.69063 261.42095 264.3121 269.97235 269.99985 269.99985 269.99985 269.99985 269.99985 269.99985 -9999.0 -9999.0 -9999.0
269.99985 269.99985 269.99985 269.99985 269.99985 269.93339 269.66524 269.2785 268.86253 268.50328 268.25577 268.11539 268.04664 268.02658 268.02773 268.0495 268.09075 268.14175 268.22425 268.41734 268.79377 269.28308 269.70821 269.95229 269.99985 269.99985 269.99985 269.99985 269.99985 269.99985 269.99985 269.99985 269.99985 269.99985 269.99985 269.99985 269.99985 269.99985 269.99985 269.99985 269.99985 269.99985 269.99985 269.99985 269.99985 269.7827 268.29473 264.03421 256.82354 258.26682 265.89804 268.92727 269.99985 269.99985 269.99985 269.99985 269.99985 269.99985 -9999.0 -9999.0
269.99985 269.99985 269.99985 269.99985 269.99985 269.99985 269.99985 269.99985 269.99985 269.99985 269.99985 269.99985 269.99985 269.99985 269.99985 269.99985 269.99985 269.99985 269.99985 269.99985 269.99985 269.99985 269.99985 269.99985 269.99985 269.99985 269.99985 269.99985 269.99985 269.99985 269.99985 269.99985 269.99985 269.99985 269.99985 269.99985 269.99985 269.99985 269.99985 269.99985 269.99985 269.99985 269.99985 269.99985 269.99985 269.89901 268.55657 263.97233 256.00077 254.94023 255.76529 262.51587 268.37208 269.99985 269.99985 269.99985 269.99985 269.99985 -9999.0 -9999.0
269.99985 269.99985 269.99985 269.99985 269.99985 269.99985 269.99985 269.99985 269.99985 269.99985 269.99985 269.99985 269.99985 269.99985 269.99985 269.99985 269.99985 269.99985 269.99985 269.99985 269.99985 269.99985 269.99985 269.99985 269.99985 269.99985 269.99985 269.99985 269.99985 269.99985 269.99985 269.99985 269.99985 269.99985 269.99985 269.99985 269.99985 269.99985 269.99985 269.99985 269.99985 269.99985 269.99985 269.99985 269.99985 269.99985 269.28766 266.51397 262.38008 257.69615 258.02159 263.27791 268.8144 269.99985 269.99985 269.99985 269.99985 269.99985 -9999.0 -9999.0
269.99985 269.99985 269.99985 269.99985 269.99985 269.99985 269.99985 269.99985 269.99985 269.99985 269.99985 269.99985 269.99985 269.99985 269.99985 269.99985 269.99985 269.99985 269.99985 269.99985 269.99985 269.99985 269.99985 269.99985 269.99985 269.99985 269.99985 269.99985 269.99985 269.99985 269.99985 269.99985 269.99985 269.99985 269.99985 269.99985 269.99985 269.99985 269.99985 269.99985 269.99985 269.99985 269.99985 269.99985 269.99985 269.99985 269.99527 269.33465 267.74641 265.56115 264.56305 266.06248 269.75978 269.99985 269.99985 269.99985 269.99985 269.99985 269.99985 -9999.0
269.99985 269.99985 269.99985 269.99985 269.99985 269.99985 269.99985 269.99985 269.99985 269.99985 269.99985 269.99985 269.99985 269.99985 269.99985 269.99985 269.99985 269.99985 269.99985 269.99985 269.99985 269.99985 269.99985 269.99985 269.99985 269.99985 269.99985 269.99985 269.99985 269.99985 269.99985 269.99985 269.99985 269.99985 269.99985 269.99985 269.99985 269.99985 269.99985 269.99985 269.99985 269.99985 269.99985 269.99985 269.99985 269.99985 269.99985 269.99985 269.96776 269.5942 269.05619 269.08083 269.99985 269.99985 269.99985 269.99985 269.99985 269.99985 269.99985 269.99985
269.99985 269.99985 269.99985 269.99985 269.99985 269.99985 269.99985 269.99985 269.99985 269.99985 269.99985 269.99985 269.99985 269.99985 269.99985 269.99985 269.99985 269.99985 269.99985 269.99985 269.99985 269.99985 269.99985 269.99985 269.99985 269.99985 269.99985 269.99985 269.99985 269.99985 269.99985 269.99985 269.99985 269.99985 269.99985 269.99985 269.99985 269.99985 269.99985 269.99985 269.99985 269.99985 269.99985 269.99985 269.99985 269.99985 269.99985 269.99985 269.99985 269.99985 269.99985 269.99985 269.99985 269.99985 269.99985 269.99985 269.99985 -9999.0 -9999.0 -9999.0
269.99985 269.99985 269.99985 269.99985 269.99985 269.99985 269.99985 269.99985 269.99985 269.99985 269.99985 269.99985 269.99985 269.99985 269.99985 269.99985 269.99985 269.99985 269.99985 269.99985 269.99985 269.99985 269.99985 269.99985 269.99985 269.99985 269.99985 269.99985 269.99985 269.99985 269.99985 269.99985 269.99985 269.99985 269.99985 269.99985 -9999.0 -9999.0 -9999.0 -9999.0 269.99985 269.99985 269.99985 269.99985 269.99985 -9999.0 -9999.0 269.99985 269.99985 269.99985 269.99985 269.99985 269.99985 269.99985 -9999.0 -9999.0 -9999.0 -9999.0 -9999.0 -9999.0
269.99985 269.99985 269.99985 269.99985 269.99985 269.99985 269.99985 269.99985 269.99985 269.99985 269.99985 269.99985 269.99985 269.99985 269.99985 269.99985 269.99985 269.99985 269.99985 269.99985 269.99985 269.99985 269.99985 269.99985 269.99985 269.99985 269.99985 269.99985 269.99985 269.99985 269.99985 269.99985 269.99985 269.99985 269.99985 -9999.0 -9999.0 -9999.0 -9999.0 -9999.0 -9999.0 -9999.0 -9999.0 -9999.0 -9999.0 -9999.0 -9999.0 -9999.0 -9999.0 -9999.0 -9999.0 269.99985 269.99985 -9999.0 -9999.0 -9999.0 -9999.0 -9999.0 -9999.0 -9999.0
269.99985 269.99985 269.99985 269.99985 269.99985 269.99985 269.99985 269.99985 269.99985 269.99985 269.99985 269.99985 269.99985 269.99985 269.99985 269.99985 269.99985 269.99985 269.99985 269.99985 269.99985 269.99985 269.99985 269.99985 269.99985 269.99985 269.99985 269.99985 269.99985 269.99985 269.99985 269.99985 269.99985 269.99985 -9999.0 -9999.0 -9999.0 -9999.0 -9999.0 -9999.0 -9999.0 -9999.0 -9999.0 -9999.0 -9999.0 -9999.0 -9999.0 -9999.0 -9999.0 -9999.0 -9999.0 -9999.0 -9999.0 -9999.0 -9999.0 -9999.0 -9999.0 -9999.0 -9999.0 -9999.0
269.99985 269.99985 269.99985 269.99985 269.99985 269.99985 269.99985 269.99985 269.99985 269.99985 269.99985 269.99985 269.99985 269.99985 269.99985 269.99985 269.99985 269.99985 269.99985 269.99985 269.99985 269.99985 269.99985 269.99985 269.99985 269.99985 269.99985 269.99985 269.99985 269.99985 269.99985 269.99985 269.99985 269.99985 269.99985 -9999.0 -9999.0 -9999.0 -9999.0 -9999.0 -9999.0 -9999.0 -9999.0 -9999.0 -9999.0 -9999.0 -9999.0 -9999.0 -9999.0 -9999.0 -9999.0 -9999.0 -9999.0 -9999.0 -9999.0 -9999.0 -9999.0 -9999.0 -9999.0 -9999.0
269.99985 269.99985 269.99985 269.99985 269.99985 269.99985 269.99985 269.99985 269.99985 269.99985 269.99985 269.99985 269.99985 269.99985 269.99985 269.99985 269.99985 269.99985 269.99985 269.99985 269.99985 269.99985 269.99985 269.99985 269.99985 269.99985 269.99985 269.99985 269.99985 269.99985 269.99985 269.99985 269.99985 269.99985 -9999.0 -9999.0 -9999.0 -9999.0 -9999.0 -9999.0 -9999.0 -9999.0 -9999.0 -9999.0 -9999.0 -9999.0 -9999.0 -9999.0 -9999.0 -9999.0 -9999.0 -9999.0 -9999.0 -9999.0 -9999.0 -9999.0 -9999.0 -9999.0 -9999.0 -9999.0
269.99985 269.99985 269.99985 269.99985 269.99985 269.99985 269.99985 269.99985 269.99985 269.99985 269.99985 269.99985 269.99985 269.99985 269.99985 269.99985 269.99985 269.99985 269.99985 269.99985 269.99985 269.99985 269.99985 269.99985 269.99985 269.99985 269.99985 269.99985 269.99985 269.99985 269.99985 269.99985 269.99985 -9999.0 -9999.0 -9999.0 -9999.0 -9999.0 -9999.0 -9999.0 -9999.0 -9999.0 -9999.0 -9999.0 -9999.0 -9999.0 -9999.0 -9999.0 -9999.0 -9999.0 -9999.0 -9999.0 -9999.0 -9999.0 -9999.0 -9999.0 -9999.0 -9999.0 -9999.0 -9999.0
269.99985 269.99985 269.99985 269.99985 269.99985 269.99985 269.99985 269.99985 269.99985 269.99985 269.99985 269.99985 269.99985 269.99985 269.99985 269.99985 269.99985 269.99985 269.99985 269.99985 269.99985 269.99985 269.99985 269.99985 269.99985 269.99985 269.99985 269.99985 269.99985 269.99985 269.99985 -9999.0 -9999.0 -9999.0 -9999.0 -9999.0 -9999.0 -9999.0 -9999.0 -9999.0 -9999.0 -9999.0 -9999.0 -9999.0 -9999.0 -9999.0 -9999.0 -9999.0 -9999.0 -9999.0 -9999.0 -9999.0 -9999.0 -9999.0 -9999.0 -9999.0 -9999.0 -9999.0 -9999.0 -9999.0
269.99985 269.99985 269.99985 269.99985 269.99985 269.99985 269.99985 269.99985 269.99985 269.99985 269.99985 269.99985 269.99985 269.99985 269.99985 269.99985 269.99985 269.99985 269.99985 269.99985 269.99985 269.99985 269.99985 269.99985 269.99985 269.99985 269.99985 269.99985 269.99985 269.99985 -9999.0 -9999.0 -9999.0 -9999.0 -9999.0 -9999.0 -9999.0 -9999.0 -9999.0 -9999.0 -9999.0 -9999.0 -9999.0 -9999.0 -9999.0 -9999.0 -9999.0 -9999.0 -9999.0 -9999.0 -9999.0 -9999.0 -9999.0 -9999.0 -9999.0 -9999.0 -9999.0 -9999.0 -9999.0 -9999.0
269.99985 269.99985 269.99985 269.99985 269.99985 269.99985 269.99985 269.99985 269.99985 269.99985 269.99985 269.99985 269.99985 269.99985 269.99985 269.99985 269.99985 269.99985 269.99985 269.99985 269.99985 269.99985 269.99985 269.99985 269.99985 269.99985 269.99985 269.99985 269.99985 -9999.0 -9999.0 -9999.0 -9999.0 -9999.0 -9999.0 -9999.0 -9999.0 -9999.0 -9999.0 -9999.0 -9999.0 -9999.0 -9999.0 -9999.0 -9999.0 -9999.0 -9999.0 -9999.0 -9999.0 -9999.0 -9999.0 -9999.0 -9999.0 -9999.0 -9999.0 -9999.0 -9999.0 -9999.0 -9999.0 -9999.0
269.99985 269.99985 269.99985 269.99985 269.99985 269.99985 269.99985 269.99985 269.99985 269.99985 269.99985 269.99985 269.99985 269.99985 269.99985 269.99985 269.99985 269.99985 269.99985 269.99985 269.99985 269.99985 269.99985 269.99985 269.99985 -9999.0 -9999.0 -9999.0 -9999.0 -9999.0 -9999.0 -9999.0 -9999.0 -9999.0 -9999.0 -9999.0 -9999.0 -9999.0 -9999.0 -9999.0 -9999.0 -9999.0 -9999.0 -9999.0 -9999.0 -9999.0 -9999.0 -9999.0 -9999.0 -9999.0 -9999.0 -9999.0 -9999.0 -9999.0 -9999.0 -9999.0 -9999.0 -9999.0 -9999.0 -9999.0
269.99985 269.99985 269.99985 269.99985 269.99985 269.99985 269.99985 269.99985 269.99985 269.99985 269.99985 269.99985 269.99985 269.99985 269.99985 269.99985 269.99985 269.99985 269.99985 269.99985 269.99985 269.99985 269.99985 269.99985 -9999.0 -9999.0 -9999.0 -9999.0 -9999.0 -9999.0 -9999.0 -9999.0 -9999.0 -9999.0 -9999.0 -9999.0 -9999.0 -9999.0 -9999.0 -9999.0 -9999.0 -9999.0 -9999.0 -9999.0 -9999.0 -9999.0 -9999.0 -9999.0 -9999.0 -9999.0 -9999.0 -9999.0 -9999.0 -9999.0 -9999.0 -9999.0 -9999.0 -9999.0 -9999.0 -9999.0
269.99985 269.99985 269.99985 269.99985 269.99985 269.99985 269.99985 269.99985 269.99985 269.99985 269.99985 269.99985 269.99985 269.99985 269.99985 269.99985 269.99985 269.99985 269.99985 269.99985 269.99985 269.99985 269.99985 269.99985 -9999.0 -9999.0 -9999.0 -9999.0 -9999.0 -9999.0 -9999.0 -9999.0 -9999.0 -9999.0 -9999.0 -9999.0 -9999.0 -9999.0 -9999.0 -9999.0 -9999.0 -9999.0 -9999.0 -9999.0 -9999.0 -9999.0 -9999.0 -9999.0 -9999.0 -9999.0 -9999.0 -9999.0 -9999.0 -9999.0 -9999.0 -9999.0 -9999.0 -9999.0 -9999.0 -9999.0
