data/pm10_aspect_sharpnack_modal.asc
ncols	541
nrows	200
xllcorner	12.09692
yllcorner	48.55814
cellsize	0.0125
NODATA_value	-9999.0
[rows 54 to 80 of 200, columns 300 to 359 of 541]
186.13315 188.03824 189.58751 190.78557 191.75387 192.48783 193.02125 193.43034 193.70765 193.90991 194.14654 194.46338 194.94582 195.42194 195.9187 196.5077 197.1941 197.84441 198.52222 199.19315 199.89216 200.5058 201.18819 201.94851 202.64637 203.40668 204.00084 204.44374 204.67063 204.72621 204.73595 204.82418 204.82074 -9999.0 -9999.0 -9999.0 -9999.0 -9999.0 -9999.0 -9999.0 -9999.0 -9999.0 -9999.0 -9999.0 -9999.0 -9999.0 -9999.0 -9999.0 -9999.0 -9999.0 -9999.0 -9999.0 -9999.0 -9999.0 -9999.0 -9999.0 -9999.0 -9999.0 -9999.0 -9999.0
188.6089 190.79588 192.17556 193.08141 193.67557 194.03596 194.2915 194.4164 194.46453 194.62897 194.88451 195.20708 195.59383 195.97026 196.30086 196.74949 197.27546 197.80029 198.3532 198.87 199.3977 199.92081 200.421 200.95213 201.43743 201.75427 201.95882 201.91356 201.78865 201.6414 201.4953 201.47925 201.42826 -9999.0 -9999.0 -9999.0 -9999.0 202.69106 205.39427 209.63817 -9999.0 -9999.0 -9999.0 -9999.0 -9999.0 -9999.0 -9999.0 -9999.0 -9999.0 -9999.0 -9999.0 -9999.0 -9999.0 -9999.0 -9999.0 -9999.0 -9999.0 -9999.0 -9999.0 -9999.0
193.59364 195.16927 195.57263 195.6855 195.67347 195.58352 195.42939 195.32855 195.31308 195.43512 195.65628 195.92844 196.20231 196.42405 196.6137 196.86121 197.22619 197.62325 198.03635 198.40362 198.73765 199.11752 199.4315 199.70423 199.79705 199.69449 199.4464 199.137 198.80125 198.50961 198.26267 198.02203 197.82321 197.64731 197.57913 197.65992 198.11313 199.92425 203.65707 209.14829 -9999.0 -9999.0 -9999.0 -9999.0 -9999.0 -9999.0 -9999.0 -9999.0 -9999.0 -9999.0 -9999.0 -9999.0 -9999.0 -9999.0 -9999.0 -9999.0 -9999.0 -9999.0 -9999.0 -9999.0
198.68035 198.56691 197.99911 197.48402 197.00273 196.58963 196.2682 196.0797 196.08657 196.22007 196.3805 196.51744 196.63088 196.73574 196.80334 196.87267 197.07665 197.34594 197.57856 197.80316 198.01859 198.14922 198.17672 198.0375 197.72982 197.33104 196.83887 196.39253 195.91182 195.5033 195.07015 194.65819 194.28978 193.91392 193.61197 193.55983 194.06346 195.47236 197.92233 201.34518 -9999.0 -9999.0 -9999.0 -9999.0 -9999.0 -9999.0 -9999.0 -9999.0 -9999.0 -9999.0 -9999.0 -9999.0 -9999.0 -9999.0 -9999.0 -9999.0 -9999.0 -9999.0 -9999.0 -9999.0
195.9525 197.47027 197.70919 197.53673 197.19639 196.87783 196.6836 196.65667 196.73402 196.80449 196.85949 196.87267 196.91049 196.9082 196.8658 196.76897 196.8234 196.94945 197.05144 197.09956 197.1093 196.94028 196.59823 196.1433 195.58867 194.98077 194.41583 193.85376 193.25444 192.70154 192.16239 191.58198 191.05658 190.50138 190.10031 190.01036 190.17938 190.70421 191.36999 191.77621 191.35509 -9999.0 -9999.0 -9999.0 -9999.0 -9999.0 -9999.0 -9999.0 -9999.0 -9999.0 -9999.0 -9999.0 -9999.0 -9999.0 -9999.0 -9999.0 -9999.0 -9999.0 -9999.0 -9999.0
194.31728 195.66946 196.247 196.46415 196.60682 196.7237 196.83142 196.95346 197.0543 197.0967 197.0967 197.0818 197.0119 196.91393 196.77527 196.59479 196.46988 196.45384 196.38967 196.25044 195.89979 195.40991 194.83008 194.1517 193.47904 192.85165 192.18874 191.53156 190.88412 190.24298 189.60642 188.94695 188.32643 187.76379 187.39194 187.22063 187.08025 186.97769 186.72845 186.11711 184.93853 183.18643 -9999.0 -9999.0 -9999.0 -9999.0 -9999.0 -9999.0 -9999.0 -9999.0 -9999.0 -9999.0 -9999.0 -9999.0 -9999.0 -9999.0 -9999.0 -9999.0 -9999.0 -9999.0
193.38508 194.47828 195.03405 195.47466 195.92099 196.36274 196.7237 196.93283 197.0904 197.1517 197.16946 197.09383 197.00273 196.82168 196.61255 196.31289 196.06939 195.8614 195.52851 195.05239 194.43474 193.7575 193.04761 192.30333 191.60891 190.88412 190.17651 189.48381 188.77449 188.11329 187.43663 186.78231 186.18873 185.74354 185.42899 185.16084 184.82165 184.47558 184.00461 183.26034 182.2548 181.10717 180.19273 180.06381 180.62531 181.27447 181.68643 -9999.0 -9999.0 -9999.0 -9999.0 -9999.0 -9999.0 -9999.0 -9999.0 -9999.0 -9999.0 -9999.0 -9999.0 -9999.0
193.0436 193.95976 194.57798 195.02889 195.4844 195.95766 196.37993 196.70308 196.96435 197.10587 197.16374 197.12707 196.99987 196.80564 196.52202 196.11408 195.64368 195.13546 194.50349 193.79417 193.03958 192.25692 191.45478 190.69504 189.92212 189.1704 188.44504 187.71222 187.01035 186.33999 185.67249 185.07834 184.632 184.31458 184.01206 183.66829 183.31019 182.92401 182.41924 181.77466 181.07623 180.46087 180.07355 180.01224 180.20304 180.45399 180.63734 180.72328 -9999.0 -9999.0 -9999.0 -9999.0 -9999.0 -9999.0 -9999.0 -9999.0 -9999.0 -9999.0 -9999.0 -9999.0
193.86407 194.92748 195.52107 195.94563 196.30258 196.77183 197.17004 197.45365 197.68112 197.91775 198.03349 198.07588 197.96588 197.71836 197.29437 196.59593 195.76457 194.94238 194.07549 193.20918 192.31479 191.39634 190.49393 189.62361 188.78537 187.95057 187.18338 186.40187 185.69197 185.00099 184.41886 183.93987 183.62188 183.3268 183.0048 182.63925 182.27543 181.86863 181.42115 180.95648 180.53077 180.20877 180.03573 180.00021 180.05006 180.11996 180.187 180.21851 180.2208 -9999.0 -9999.0 -9999.0 -9999.0 -9999.0 -9999.0 -9999.0 -9999.0 -9999.0 -9999.0 -9999.0
195.73993 197.19525 197.67309 197.93551 198.37439 199.09575 199.89216 200.55622 201.02547 201.31424 201.39216 201.27184 200.85015 200.11275 199.07741 197.91431 196.64521 195.47981 194.42328 193.29913 192.22083 191.10127 190.0625 189.02659 188.05313 187.13296 186.27295 185.47425 184.73915 184.1003 183.60755 183.24029 182.94808 182.65358 182.29147 181.8967 181.51454 181.15529 180.81209 180.50212 180.2569 180.11137 180.03688 180.00021 180.00021 180.01339 180.02829 180.03001 180.04777 180.05006 -9999.0 -9999.0 -9999.0 -9999.0 -9999.0 -9999.0 -9999.0 -9999.0 -9999.0 -9999.0
199.71741 200.50293 199.74663 199.52776 200.02681 201.33888 202.90477 204.46666 205.68018 206.47487 206.74244 206.33335 205.45501 204.11429 202.43323 200.52184 198.48841 196.69391 195.07989 193.56556 192.17499 190.86578 189.64538 188.46566 187.37475 186.37036 185.44789 184.60851 183.92096 183.42707 183.04434 182.72291 182.42153 182.04624 181.632 181.23665 180.92382 180.65224 180.43222 180.25403 180.13543 180.07928 180.03975 180.02657 180.01339 180.00021 180.00021 180.00021 180.00021 180.03058 -9999.0 -9999.0 -9999.0 -9999.0 -9999.0 -9999.0 -9999.0 -9999.0 -9999.0 -9999.0
206.39351 202.8045 199.31003 199.35301 201.12001 203.68228 206.53045 209.0698 210.88149 211.91224 212.03084 211.28772 209.92752 208.23385 206.23079 203.94756 201.39331 198.9485 196.69907 194.60089 192.55887 190.74833 189.19103 187.82223 186.62991 185.54702 184.63086 183.86137 183.31993 182.90855 182.59285 182.24105 181.85831 181.43375 181.03383 180.72672 180.49926 180.33482 180.2059 180.12111 180.08845 180.05865 180.05865 180.04433 180.03001 180.01511 180.01511 180.00021 180.00021 180.02943 180.05865 180.07298 -9999.0 -9999.0 -9999.0 -9999.0 -9999.0 -9999.0 -9999.0 -9999.0
201.22887 195.89177 194.47599 198.04724 202.98269 208.15593 212.9556 216.61737 218.77628 219.52456 219.14068 217.71516 215.55969 212.89143 209.87939 206.84042 203.80603 200.92463 198.30965 195.76056 193.32836 191.05944 189.10852 187.39939 185.90913 184.73857 183.89002 183.27237 182.86385 182.50747 182.11099 181.65319 181.23837 180.82928 180.54624 180.36633 180.22882 180.14402 180.08615 180.06667 180.06553 180.06496 180.06496 180.06496 180.04891 180.01625 180.00021 180.00021 180.03001 180.04433 180.07298 180.0724 180.05808 -9999.0 -9999.0 -9999.0 -9999.0 -9999.0 -9999.0 -9999.0
191.37457 192.30333 194.93779 202.4212 211.19719 219.1424 225.33664 229.39891 231.15159 231.26848 229.95182 227.56373 224.22682 220.2505 215.75392 211.2499 206.80203 202.88243 199.45557 196.25331 193.3656 190.8824 188.69714 186.85852 185.30064 184.20687 183.44311 182.88906 182.40434 181.93394 181.45151 181.0407 180.66885 180.40988 180.23799 180.13314 180.08386 180.03975 180.0386 180.03745 180.05522 180.05464 180.05464 180.0535 180.0174 180.00021 180.00021 180.03115 180.06094 180.0747 180.08902 180.07355 180.07298 180.05751 180.04261 -9999.0 -9999.0 -9999.0 -9999.0 -9999.0
198.12688 206.96246 214.8498 226.17946 235.66994 242.19879 246.15449 248.19881 248.54831 247.49464 245.24521 241.59604 237.05592 231.26504 224.88744 218.06294 211.5043 205.74091 201.06329 197.0056 193.49566 190.4544 187.89099 186.03346 184.62799 183.70839 183.08101 182.43528 181.83597 181.21889 180.7548 180.45743 180.25231 180.1148 180.05292 180.02485 180.00021 180.00021 180.00021 180.02141 180.04204 180.04089 180.01969 180.01912 180.00021 180.0174 180.05006 180.08043 180.09418 180.10793 180.10678 180.10506 180.08902 180.07298 180.05751 180.04261 -9999.0 -9999.0 -9999.0 -9999.0
268.92383 267.91543 266.05675 265.23112 265.30675 265.53823 265.57719 265.34514 264.63582 263.2464 260.97519 257.57125 252.83804 246.23471 238.18579 228.81392 219.12463 210.4363 203.55221 197.96931 193.50082 189.97483 187.40913 185.6066 184.39881 183.43337 182.56133 181.70877 181.03841 180.5428 180.24085 180.08615 180.00021 180.00021 180.00021 180.02886 180.02714 180.00021 180.00021 180.00021 180.00021 180.00021 180.00021 180.00021 180.03803 180.09017 180.12111 180.15147 180.16465 180.16121 180.15835 180.15491 180.13715 180.11939 180.10277 180.07183 -9999.0 -9999.0 -9999.0 -9999.0
222.17621 248.54831 260.28936 265.10679 267.23991 268.23629 268.91524 269.49851 269.85661 269.99985 269.62456 268.4924 266.07165 261.83004 254.66177 244.19899 231.34009 218.06867 207.40765 199.41546 193.72427 189.92613 187.38335 185.57223 184.28364 182.91943 181.75518 180.89001 180.35545 180.12683 180.00021 180.00021 180.0936 180.16923 180.19158 180.21106 180.13085 180.06152 180.02943 180.00021 180.02599 180.02428 180.06782 180.10506 180.15892 180.20877 180.23856 180.25002 180.24372 180.2546 180.24887 180.2271 180.2059 180.18585 180.16637 180.13256 -9999.0 -9999.0 -9999.0 -9999.0
202.69564 217.83892 229.99708 238.49748 244.57313 248.7752 252.16482 255.49027 258.53038 261.78936 264.64441 267.38544 269.38736 269.99985 268.29014 262.30388 250.26718 232.5393 214.53467 202.46703 195.09135 190.66639 187.91906 185.74755 183.68605 181.90931 180.81037 180.29758 180.00021 180.00021 180.13658 180.30502 180.49467 180.65166 180.69865 180.6127 180.41217 180.26778 180.20934 180.18871 180.19845 180.23169 180.2844 180.33367 180.36003 180.3669 180.37493 180.38237 180.37206 180.38008 180.36977 180.34284 180.31706 180.29242 180.25231 180.2145 -9999.0 -9999.0 -9999.0 -9999.0
196.18627 203.11562 208.74149 213.06732 216.81275 219.91646 222.75719 226.1915 229.96958 234.27822 239.33343 245.09509 251.81073 258.69024 265.0833 269.22578 268.02486 256.55138 234.60538 213.14697 200.04514 192.99489 188.53098 184.91676 182.36653 180.74907 180.15376 180.00021 180.11079 180.38352 180.74964 181.09743 181.37302 181.49162 181.38792 181.1954 181.01778 180.8883 180.79949 180.78173 180.78803 180.76339 180.72443 180.67859 180.62474 180.60239 180.58348 180.56629 180.55025 180.55541 180.54051 180.52561 180.49295 180.46087 180.41274 180.36633 -9999.0 -9999.0 -9999.0 -9999.0
193.06823 196.13929 198.00025 199.05106 200.00618 200.79285 201.51879 202.59824 204.07991 205.84634 207.74111 210.32744 213.78295 218.58548 225.49822 236.0034 251.02979 265.23628 269.99985 255.96353 227.29043 199.65381 187.52372 181.88811 180.40644 180.00021 180.22653 180.72959 181.19368 181.86347 182.42096 182.83521 182.98303 182.89479 182.54644 182.18433 181.96202 181.85373 181.84055 181.82737 181.74888 181.6234 181.42458 181.25098 181.09972 180.9708 180.88543 180.86022 180.83845 180.84017 180.81782 180.7949 180.77199 180.72787 180.6849 180.62359 180.564 180.48837 -9999.0 -9999.0
191.38603 192.25807 192.16697 191.70918 191.35795 191.06918 190.78671 190.82797 191.01017 191.23248 191.38202 191.4628 191.429 191.46968 191.38374 191.52354 191.46968 193.09172 197.74471 208.61029 224.99974 269.99985 180.00021 180.00021 181.94139 182.31381 183.07356 183.90664 184.94197 185.6765 186.10565 186.32681 186.2168 185.56134 184.78269 184.12436 183.75079 183.44713 183.22253 183.03402 182.88333 182.66217 182.46049 182.21584 181.97004 181.73054 181.54548 181.41484 181.3352 181.26702 181.26358 181.2315 181.19941 181.16618 181.13123 181.06763 181.00231 180.91408 180.82871 -9999.0
190.48076 189.73591 188.54817 187.38277 186.5898 185.96757 185.46967 185.17116 185.0176 184.81191 184.47272 184.04759 183.666 183.0896 182.42783 181.76607 181.26588 181.2103 180.53535 180.00021 180.00021 183.17955 233.13002 269.99985 237.26505 212.8284 202.42578 198.26782 196.80506 196.24929 195.59268 194.64902 193.07625 190.93282 189.25692 187.92078 186.91123 186.0495 185.33903 184.76837 184.26646 183.83158 183.54739 183.39327 183.18815 182.96699 182.71718 182.50919 182.31439 182.10755 182.01358 182.01187 182.00671 182.0239 182.01989 181.96316 181.86232 181.76091 181.60106 181.42115
189.93587 187.72941 185.83464 184.51397 183.68949 183.10106 182.65759 182.36767 182.13047 181.88352 181.6446 181.27848 181.02122 180.64364 180.36977 180.1423 180.00021 180.00021 180.00021 180.63333 182.72634 188.53098 203.35569 234.46214 262.09303 269.99985 264.80541 252.34988 239.24978 228.4776 220.49801 213.69013 207.23003 201.85741 197.73039 194.41812 192.04951 190.16276 188.54989 187.30943 186.2529 185.5367 185.05083 184.69503 184.52142 184.58788 184.57413 184.49736 184.32375 184.1427 183.86481 183.65454 183.5726 183.58635 183.57031 183.5239 183.36634 183.20706 182.96928 182.6765
189.52334 185.58426 183.48379 182.43815 181.85659 181.50079 181.20743 181.00231 180.81209 180.65739 180.50728 180.3119 180.20533 180.07527 180.00021 180.00021 180.1022 180.23283 180.82069 181.99812 184.38277 188.2806 194.70804 205.75524 222.19741 242.87889 260.0596 268.99488 269.145 262.42936 252.3241 241.51067 230.55743 220.64183 212.49551 206.1924 201.13548 196.94601 193.63603 190.96949 188.97731 187.50539 186.58865 185.97559 185.78594 185.82834 186.09018 186.72845 187.25901 187.51799 187.41887 187.12494 186.66371 186.26952 186.07643 185.85126 185.61921 185.27944 184.91332 184.48074
189.47063 182.83864 181.71164 181.20285 180.92497 180.72787 180.54166 180.38982 180.29299 180.22252 180.14116 180.04949 180.00021 180.00021 180.00021 180.12512 180.26893 180.66198 181.39708 182.6066 184.36615 186.92613 190.56613 195.96969 204.60703 218.53392 237.57559 256.39038 267.17631 269.99985 267.1173 260.66751 251.74828 241.62469 230.96423 220.77189 211.57019 204.11772 198.39846 194.08867 190.96376 188.68339 187.26818 186.37666 185.95439 186.11997 186.81096 187.89156 189.58121 191.25368 192.6769 193.06938 192.68321 191.67996 190.57472 189.5921 188.81918 188.29378 187.63602 186.9966
207.53656 185.50576 182.07776 181.2103 180.81438 180.54051 180.38524 180.23111 180.15434 180.07756 180.03917 180.00021 180.00021 180.00021 180.08386 180.21564 180.44998 180.90778 181.59704 182.64327 184.04128 186.01627 188.85585 193.30028 200.33907 211.7478 228.81392 247.94097 261.98302 268.69121 269.86005 267.00213 261.0428 252.50401 241.71923 230.01312 218.76253 209.26575 201.65572 195.85796 191.65475 188.5877 186.58178 185.45133 185.00385 185.32815 186.59438 188.73266 191.63355 194.908 197.84785 200.1414 200.90916 200.05431 198.08333 195.7577 193.71568 192.14405 191.05085 190.12495
265.41046 227.56774 190.98381 184.07165 181.96087 181.09685 180.58921 180.36347 180.2059 180.13142 180.06381 180.00021 180.00021 180.03001 180.08959 180.21163 180.53249 181.02179 181.72195 182.69025 184.07108 186.06726 189.13488 194.03596 201.81615 214.33815 231.65465 249.0846 261.46392 267.90111 269.99985 268.86883 264.6679 257.73053 248.41596 237.22265 225.16075 213.51194 203.65191 196.07225 190.55925 186.87857 184.4584 183.07642 182.60259 183.14518 184.87264 188.48915 193.60739 199.0396 203.45252 206.41299 208.09004 208.23958 206.81636 204.09996 200.88395 197.87649 195.41163 193.74318
