data/pm10_slope_sharpnack_max.asc
ncols	541
nrows	200
xllcorner	12.09692
yllcorner	48.55814
cellsize	0.0125
NODATA_value	-9999.0
[rows 60 to 89 of 200, columns 335 to 401 of 541]
1.18162 1.1821 1.18097 1.17802 1.17426 1.17212 1.17098 1.16948 1.16728 1.17946 1.18635 1.18961 -9999.0 -9999.0 -9999.0 -9999.0 -9999.0 -9999.0 -9999.0 -9999.0 -9999.0 -9999.0 -9999.0 -9999.0 -9999.0 -9999.0 -9999.0 -9999.0 -9999.0 -9999.0 -9999.0 -9999.0 -9999.0 -9999.0 -9999.0 -9999.0 -9999.0 -9999.0 -9999.0 -9999.0 -9999.0 -9999.0 -9999.0 -9999.0 -9999.0 -9999.0 -9999.0 -9999.0 -9999.0 -9999.0 -9999.0 -9999.0 -9999.0 -9999.0 -9999.0 -9999.0 -9999.0 -9999.0 -9999.0 1.08263 1.06196 1.04617 1.03863 1.05629 1.08247 1.10946 1.13602
1.21811 1.22111 1.22262 1.22271 1.22336 1.22479 1.22673 1.2275 1.22929 1.23935 1.24791 1.25329 1.25626 -9999.0 -9999.0 -9999.0 -9999.0 -9999.0 -9999.0 -9999.0 -9999.0 -9999.0 -9999.0 -9999.0 -9999.0 -9999.0 -9999.0 -9999.0 -9999.0 -9999.0 -9999.0 -9999.0 -9999.0 -9999.0 -9999.0 -9999.0 -9999.0 -9999.0 -9999.0 -9999.0 -9999.0 -9999.0 -9999.0 -9999.0 -9999.0 -9999.0 -9999.0 -9999.0 -9999.0 -9999.0 -9999.0 -9999.0 -9999.0 -9999.0 -9999.0 -9999.0 -9999.0 -9999.0 -9999.0 -9999.0 1.04715 1.03455 1.03203 1.0547 1.08228 1.10941 1.1367
1.25199 1.25451 1.25713 1.26071 1.26678 1.27395 1.27974 1.2827 1.28618 1.29375 1.30215 1.3082 1.31214 1.31407 -9999.0 -9999.0 -9999.0 -9999.0 -9999.0 -9999.0 -9999.0 -9999.0 -9999.0 -9999.0 -9999.0 -9999.0 -9999.0 -9999.0 -9999.0 -9999.0 -9999.0 -9999.0 -9999.0 -9999.0 -9999.0 -9999.0 -9999.0 -9999.0 -9999.0 -9999.0 -9999.0 -9999.0 -9999.0 -9999.0 -9999.0 -9999.0 -9999.0 -9999.0 -9999.0 -9999.0 -9999.0 -9999.0 -9999.0 -9999.0 -9999.0 -9999.0 -9999.0 -9999.0 -9999.0 -9999.0 1.03366 1.02423 1.02839 1.0537 1.08162 1.10899 1.13778
1.27758 1.28386 1.29048 1.29741 1.30779 1.3179 1.32707 1.33219 1.33644 1.34267 1.35035 1.35633 1.36045 1.36272 1.36185 -9999.0 -9999.0 -9999.0 -9999.0 -9999.0 -9999.0 -9999.0 -9999.0 -9999.0 -9999.0 -9999.0 -9999.0 -9999.0 -9999.0 -9999.0 -9999.0 -9999.0 -9999.0 -9999.0 -9999.0 -9999.0 -9999.0 -9999.0 -9999.0 -9999.0 -9999.0 -9999.0 -9999.0 -9999.0 -9999.0 -9999.0 -9999.0 -9999.0 -9999.0 -9999.0 -9999.0 -9999.0 -9999.0 -9999.0 -9999.0 -9999.0 -9999.0 -9999.0 -9999.0 -9999.0 1.01946 1.01321 1.02498 1.05199 1.07998 1.10819 1.14238
1.29509 1.30699 1.31937 1.33382 1.34727 1.3584 1.36735 1.37388 1.37939 1.38553 1.39236 1.39791 1.40146 1.40152 1.39642 -9999.0 -9999.0 -9999.0 -9999.0 -9999.0 -9999.0 -9999.0 -9999.0 -9999.0 -9999.0 -9999.0 -9999.0 -9999.0 -9999.0 -9999.0 -9999.0 -9999.0 -9999.0 -9999.0 -9999.0 -9999.0 -9999.0 -9999.0 -9999.0 -9999.0 -9999.0 -9999.0 -9999.0 -9999.0 -9999.0 -9999.0 -9999.0 -9999.0 -9999.0 -9999.0 -9999.0 -9999.0 -9999.0 -9999.0 -9999.0 -9999.0 -9999.0 -9999.0 -9999.0 -9999.0 1.00312 0.99893 1.01808 1.04769 1.07649 1.11317 1.15524
1.30281 1.32092 1.34024 1.36078 1.37919 1.39305 1.40267 1.40944 1.41495 1.42133 1.42762 1.43185 1.43208 1.42656 1.41429 1.39602 1.37237 -9999.0 -9999.0 -9999.0 -9999.0 -9999.0 -9999.0 -9999.0 -9999.0 -9999.0 -9999.0 -9999.0 -9999.0 -9999.0 -9999.0 -9999.0 -9999.0 -9999.0 -9999.0 -9999.0 -9999.0 -9999.0 -9999.0 -9999.0 -9999.0 -9999.0 -9999.0 -9999.0 -9999.0 -9999.0 -9999.0 -9999.0 -9999.0 -9999.0 -9999.0 -9999.0 -9999.0 -9999.0 -9999.0 -9999.0 -9999.0 -9999.0 -9999.0 -9999.0 0.98384 0.98107 1.00625 1.03872 1.07658 1.12237 1.17689
1.30395 1.32794 1.35397 1.37955 1.40096 1.41783 1.42985 1.43776 1.44256 1.44988 1.45437 1.45446 1.44838 1.43566 1.41726 1.39415 1.36689 1.33561 -9999.0 -9999.0 -9999.0 -9999.0 -9999.0 -9999.0 -9999.0 -9999.0 -9999.0 -9999.0 -9999.0 -9999.0 -9999.0 -9999.0 -9999.0 -9999.0 -9999.0 -9999.0 -9999.0 -9999.0 -9999.0 -9999.0 -9999.0 -9999.0 -9999.0 -9999.0 -9999.0 -9999.0 -9999.0 -9999.0 -9999.0 -9999.0 -9999.0 -9999.0 -9999.0 -9999.0 -9999.0 -9999.0 -9999.0 -9999.0 -9999.0 -9999.0 0.9628 0.95996 0.98959 1.03079 1.07811 1.13931 1.20854
1.29586 1.32562 1.35619 1.38504 1.41006 1.4305 1.44587 1.45518 1.46085 1.46756 1.46822 1.46177 1.44875 1.43026 1.40729 1.37995 1.34875 1.31441 1.27873 1.24377 -9999.0 -9999.0 -9999.0 -9999.0 -9999.0 -9999.0 -9999.0 -9999.0 -9999.0 -9999.0 -9999.0 -9999.0 -9999.0 -9999.0 -9999.0 -9999.0 -9999.0 -9999.0 -9999.0 -9999.0 -9999.0 -9999.0 -9999.0 -9999.0 -9999.0 -9999.0 -9999.0 -9999.0 -9999.0 -9999.0 -9999.0 -9999.0 -9999.0 -9999.0 -9999.0 1.05486 -9999.0 -9999.0 -9999.0 -9999.0 0.95344 0.94211 0.97226 1.02199 1.08728 1.16049 1.24146
1.28055 1.31393 1.34677 1.37735 1.40533 1.42921 1.44761 1.45877 1.46559 1.46847 1.46287 1.45006 1.43219 1.40962 1.38254 1.35119 1.31781 1.28362 1.24986 1.21764 1.18484 -9999.0 -9999.0 -9999.0 -9999.0 -9999.0 -9999.0 -9999.0 -9999.0 -9999.0 -9999.0 -9999.0 -9999.0 -9999.0 -9999.0 -9999.0 -9999.0 -9999.0 -9999.0 -9999.0 -9999.0 -9999.0 -9999.0 -9999.0 -9999.0 -9999.0 -9999.0 -9999.0 -9999.0 1.13546 1.12441 1.11366 1.10151 1.09132 1.07958 1.06792 1.05545 1.04116 1.0222 0.99508 0.96212 0.93777 0.95437 1.01934 1.09424 1.17768 1.26083
1.25315 1.28944 1.32387 1.35662 1.38716 1.4132 1.43275 1.44378 1.4524 1.45139 1.44078 1.42276 1.40025 1.37464 1.34638 1.31546 1.28279 1.24899 1.21503 1.18287 1.151 -9999.0 -9999.0 -9999.0 -9999.0 -9999.0 -9999.0 -9999.0 -9999.0 -9999.0 -9999.0 -9999.0 -9999.0 -9999.0 -9999.0 -9999.0 -9999.0 -9999.0 -9999.0 -9999.0 -9999.0 -9999.0 -9999.0 -9999.0 -9999.0 -9999.0 -9999.0 -9999.0 -9999.0 1.15625 1.14566 1.13449 1.12256 1.11211 1.10028 1.08976 1.07773 1.06321 1.04544 1.02107 0.98934 0.95493 0.96347 1.01635 1.09881 1.18508 1.26997
1.21113 1.24967 1.28688 1.3219 1.35398 1.38032 1.39868 1.40946 1.41578 1.41181 1.40007 1.38161 1.35815 1.33167 1.30274 1.27126 1.23836 1.20482 1.1716 1.14004 1.10964 -9999.0 -9999.0 -9999.0 -9999.0 -9999.0 -9999.0 -9999.0 -9999.0 -9999.0 -9999.0 -9999.0 -9999.0 -9999.0 -9999.0 -9999.0 -9999.0 -9999.0 -9999.0 -9999.0 -9999.0 -9999.0 -9999.0 1.26687 1.25375 1.23744 1.22163 1.20804 1.19759 1.1874 1.17648 1.16497 1.15358 1.14257 1.13063 1.1195 1.10596 1.09011 1.07134 1.04897 1.02109 0.99066 0.98945 1.02452 1.09635 1.18508 1.27239
1.15205 1.19291 1.23211 1.26894 1.30126 1.3263 1.34231 1.35243 1.35648 1.35354 1.34385 1.3282 1.30696 1.28212 1.25481 1.22505 1.19323 1.16044 1.12783 1.09694 1.0747 -9999.0 -9999.0 -9999.0 -9999.0 -9999.0 -9999.0 -9999.0 -9999.0 -9999.0 -9999.0 -9999.0 -9999.0 -9999.0 -9999.0 -9999.0 -9999.0 -9999.0 -9999.0 -9999.0 -9999.0 -9999.0 1.34701 1.33301 1.31353 1.29032 1.26758 1.2496 1.23843 1.22967 1.21985 1.20827 1.19657 1.18442 1.17184 1.15853 1.14187 1.12268 1.10091 1.07821 1.05254 1.03527 1.03877 1.05563 1.1057 1.1796 1.26966
1.07785 1.12013 1.16098 1.19848 1.22965 1.25239 1.26631 1.2778 1.28616 1.28951 1.28538 1.27349 1.25459 1.23061 1.20366 1.17443 1.14338 1.11137 1.07926 1.05284 1.04821 -9999.0 -9999.0 -9999.0 -9999.0 -9999.0 -9999.0 -9999.0 -9999.0 -9999.0 -9999.0 -9999.0 -9999.0 -9999.0 -9999.0 -9999.0 -9999.0 -9999.0 -9999.0 -9999.0 -9999.0 -9999.0 1.43467 1.41853 1.39606 1.36821 1.34112 1.31918 1.30902 1.30125 1.29176 1.28004 1.26738 1.25449 1.24239 1.2282 1.21054 1.18904 1.16425 1.13814 1.10961 1.09902 1.10495 1.11694 1.13974 1.18976 1.26171
0.9911 1.03318 1.07338 1.10896 1.13743 1.15971 1.17682 1.19618 1.21011 1.21755 1.21708 1.2081 1.19183 1.16941 1.14326 1.11496 1.08485 1.05348 1.02569 1.01157 1.02517 1.06075 1.09582 -9999.0 -9999.0 -9999.0 -9999.0 -9999.0 -9999.0 -9999.0 -9999.0 -9999.0 -9999.0 -9999.0 -9999.0 -9999.0 -9999.0 -9999.0 -9999.0 -9999.0 -9999.0 1.54296 1.53132 1.51228 1.48652 1.45582 1.426 1.40217 1.39107 1.38376 1.37433 1.36275 1.3492 1.33473 1.32222 1.30738 1.28896 1.26614 1.24068 1.21319 1.18405 1.18257 1.19666 1.21263 1.22405 1.23801 1.27715
0.89914 0.93677 0.97253 1.00492 1.03377 1.0601 1.08777 1.11153 1.12974 1.14067 1.14349 1.13774 1.12409 1.10374 1.07908 1.05254 1.02798 1.00436 0.99037 0.98908 1.01246 1.05544 1.10594 1.16313 -9999.0 -9999.0 -9999.0 -9999.0 -9999.0 -9999.0 -9999.0 -9999.0 -9999.0 -9999.0 -9999.0 -9999.0 -9999.0 -9999.0 -9999.0 -9999.0 1.64962 1.64423 1.63003 1.6085 1.58139 1.55079 1.51928 1.49473 1.48142 1.47633 1.46737 1.45592 1.44155 1.42602 1.41155 1.39518 1.37576 1.35223 1.32637 1.29801 1.26775 1.27265 1.29399 1.31906 1.33421 1.34171 1.34709
0.81985 0.85363 0.88373 0.91074 0.94025 0.97131 0.99947 1.02277 1.04084 1.05255 1.05743 1.05487 1.04465 1.02737 1.00744 0.9867 0.97223 0.9606 0.95983 0.97428 1.01684 1.08003 1.14543 1.21244 1.28106 -9999.0 -9999.0 -9999.0 -9999.0 -9999.0 -9999.0 -9999.0 -9999.0 -9999.0 -9999.0 -9999.0 -9999.0 1.72911 1.74534 1.75504 1.75455 1.7478 1.73222 1.70951 1.68198 1.65148 1.62027 1.59596 1.58017 1.57527 1.56791 1.55787 1.54455 1.52849 1.51153 1.49222 1.47092 1.44552 1.41767 1.3876 1.35585 1.36424 1.3912 1.42503 1.44583 1.45244 1.45164
0.7714 0.78997 0.81123 0.83512 0.86077 0.88527 0.90954 0.93044 0.94732 0.95904 0.96423 0.96235 0.95568 0.94484 0.93686 0.93322 0.93556 0.93931 0.95315 0.98324 1.0429 1.11537 1.18983 1.26475 1.33919 1.41012 1.47518 -9999.0 -9999.0 -9999.0 -9999.0 -9999.0 -9999.0 -9999.0 -9999.0 -9999.0 -9999.0 1.83609 1.85681 1.86847 1.86904 1.8579 1.83762 1.8146 1.78832 1.75941 1.73136 1.70823 1.69353 1.68712 1.68233 1.67339 1.66098 1.64599 1.62793 1.60589 1.58047 1.55119 1.51964 1.48651 1.45104 1.45364 1.48237 1.52056 1.54706 1.55663 1.55439
0.74234 0.74626 0.75765 0.77125 0.7875 0.80677 0.82615 0.84409 0.85739 0.86596 0.87199 0.87349 0.87561 0.88003 0.88874 0.89679 0.90606 0.92162 0.95086 1.00097 1.0764 1.15736 1.23832 1.31719 1.39435 1.46923 1.53931 1.6032 1.65898 1.7064 1.747 -9999.0 -9999.0 -9999.0 -9999.0 -9999.0 1.92339 1.94868 1.96982 1.98243 1.98509 1.9801 1.96599 1.94592 1.92076 1.89366 1.86902 1.85082 1.84243 1.83364 1.82474 1.81904 1.80945 1.79625 1.77791 1.7538 1.72437 1.68904 1.64899 1.60553 1.55905 1.54177 1.5653 1.60369 1.63414 1.64661 1.64363
0.72749 0.71738 0.712 0.71442 0.71923 0.73045 0.7425 0.75629 0.76636 0.77233 0.78079 0.79152 0.80703 0.82318 0.83594 0.85189 0.87575 0.90881 0.95619 1.02336 1.109 1.19593 1.2831 1.36772 1.44866 1.5257 1.5993 1.66788 1.73038 1.7841 1.82859 1.86657 1.90217 1.93783 1.97062 2.00372 2.04136 2.07361 2.09931 2.11514 2.12039 2.1177 2.10735 2.09126 2.06917 2.04477 2.02317 2.00291 1.99614 1.98966 1.98239 1.97131 1.96489 1.95346 1.93637 1.91292 1.88314 1.84672 1.80279 1.75212 1.69415 1.64648 1.64458 1.67215 1.70388 1.71919 1.7169
0.72036 0.69999 0.68256 0.66957 0.66173 0.66246 0.66785 0.67586 0.68845 0.70157 0.71893 0.73676 0.7537 0.769 0.78409 0.81273 0.85093 0.90164 0.96527 1.05069 1.1426 1.23645 1.33076 1.42147 1.50721 1.5872 1.66247 1.73448 1.80124 1.86102 1.911 1.95252 1.99256 2.03378 2.07203 2.11124 2.15677 2.19447 2.22367 2.24397 2.25414 2.25472 2.24682 2.23303 2.21407 2.19411 2.17662 2.15725 2.15038 2.14625 2.14179 2.13123 2.12091 2.11345 2.0988 2.07675 2.04563 2.00652 1.95744 1.89914 1.83251 1.75894 1.72108 1.72747 1.75326 1.76995 1.76832
0.71598 0.69049 0.66552 0.64258 0.62102 0.60562 0.60196 0.60574 0.61664 0.63383 0.65075 0.66629 0.68646 0.70519 0.73511 0.78036 0.83356 0.89553 0.97451 1.06991 1.16752 1.26734 1.36795 1.46493 1.55573 1.63934 1.71724 1.79089 1.86069 1.92422 1.98019 2.02912 2.0748 2.12003 2.16486 2.2089 2.25956 2.30241 2.33774 2.36281 2.37713 2.38159 2.37745 2.36624 2.35147 2.33727 2.32459 2.30912 2.30141 2.30007 2.29906 2.29458 2.28075 2.27422 2.26363 2.24311 2.20981 2.16516 2.10806 2.03947 1.96179 1.87625 1.80073 1.77876 1.7827 1.79693 1.79643
0.71397 0.68695 0.6568 0.62648 0.59715 0.57078 0.55382 0.54769 0.55894 0.57573 0.58913 0.6001 0.61285 0.64137 0.68729 0.74402 0.80691 0.8837 0.97818 1.07893 1.18205 1.28745 1.39387 1.49659 1.59298 1.6814 1.76223 1.83698 1.90835 1.97428 2.03593 2.09284 2.14451 2.19346 2.24589 2.29638 2.34997 2.39706 2.43672 2.46675 2.48589 2.49485 2.49466 2.48685 2.47725 2.46861 2.46195 2.45353 2.44953 2.44887 2.45394 2.45514 2.44928 2.43377 2.42849 2.40921 2.37192 2.31912 2.25098 2.16988 2.0797 1.98175 1.88247 1.82886 1.8104 1.81251 1.81132
0.72824 0.70287 0.67139 0.63382 0.59252 0.55091 0.51727 0.51003 0.51302 0.51898 0.52556 0.5296 0.53577 0.57516 0.63591 0.70279 0.7764 0.86976 0.9734 1.07935 1.1876 1.29814 1.40967 1.51733 1.61848 1.71174 1.79629 1.87253 1.94284 2.01195 2.07818 2.14157 2.19682 2.25229 2.31217 2.37076 2.42869 2.47951 2.52015 2.55237 2.57549 2.58987 2.59508 2.59204 2.58692 2.58303 2.58243 2.58279 2.58636 2.59077 2.60175 2.61196 2.61442 2.60036 2.5912 2.57349 2.53224 2.47075 2.39041 2.29625 2.19236 2.08115 1.96675 1.88179 1.84108 1.82274 1.81113
0.74394 0.71917 0.68922 0.65351 0.61115 0.56445 0.52341 0.51071 0.49867 0.48165 0.4704 0.45617 0.4535 0.51177 0.58459 0.66189 0.74885 0.85493 0.96325 1.07364 1.1862 1.301 1.41659 1.52795 1.63284 1.72966 1.81754 1.89576 1.96652 2.03706 2.10667 2.17257 2.2324 2.29671 2.36413 2.43088 2.493 2.54671 2.58977 2.62333 2.64858 2.66646 2.67662 2.67894 2.67673 2.67539 2.67936 2.68714 2.70147 2.71435 2.73578 2.75925 2.77618 2.77252 2.75669 2.74547 2.69986 2.62484 2.52558 2.41177 2.28872 2.16148 2.03317 1.92061 1.85997 1.82251 1.79866
0.7577 0.73414 0.7061 0.67685 0.66333 0.66293 0.67189 0.66816 0.63071 0.54454 0.47848 0.3987 0.39773 0.47468 0.55098 0.63252 0.73005 0.83965 0.95091 1.06417 1.17981 1.29742 1.41553 1.52917 1.63626 1.7351 1.82492 1.9052 1.97703 2.04713 2.12036 2.18904 2.25481 2.32714 2.40101 2.47398 2.53918 2.59416 2.63849 2.67358 2.70061 2.72197 2.73613 2.74343 2.74474 2.74395 2.74691 2.75589 2.77735 2.80298 2.84036 2.88696 2.93325 2.95091 2.92693 2.92406 2.86659 2.76618 2.63779 2.49761 2.35287 2.20931 2.06877 1.93603 1.85023 1.80298 1.76873
0.76545 0.74182 0.71654 0.72226 0.76089 0.83811 0.94107 1.01033 1.02262 0.90463 0.69817 0.42451 0.39711 0.46166 0.53371 0.61587 0.71835 0.82696 0.93878 1.05494 1.17308 1.2907 1.40812 1.52115 1.62846 1.72772 1.81814 1.90001 1.97317 2.04352 2.11987 2.19294 2.26393 2.34162 2.42096 2.49732 2.56418 2.62062 2.66675 2.70289 2.73103 2.75489 2.77187 2.78237 2.78531 2.78339 2.78154 2.78249 2.80061 2.8311 2.88336 2.95978 3.0548 3.11805 3.09585 3.09712 3.01305 2.86448 2.69474 2.52533 2.36189 2.2068 2.06003 1.92417 1.81544 1.75747 1.71481
0.80346 0.75861 0.72028 0.75421 0.82853 0.954 1.11326 1.24506 1.27157 1.29272 1.1044 0.73172 0.54981 0.52331 0.55928 0.62875 0.72154 0.82349 0.93236 1.04742 1.16417 1.27919 1.39295 1.50374 1.60873 1.70697 1.79681 1.87826 1.95101 2.0246 2.10496 2.18262 2.25708 2.33931 2.42302 2.50152 2.56969 2.62737 2.67472 2.71196 2.74085 2.76598 2.78373 2.79413 2.79543 2.78843 2.77701 2.76629 2.76483 2.77762 2.81795 2.89978 3.03998 3.20761 3.17223 3.20074 3.04568 2.83091 2.63404 2.4552 2.29108 2.1392 1.99882 1.86797 1.74864 1.67547 1.63208
0.84716 0.8113 0.77728 0.80408 0.86157 0.96946 1.09604 1.17143 1.05793 1.19644 1.12657 0.85398 0.68556 0.5974 0.61276 0.66687 0.74234 0.83045 0.93067 1.03875 1.15001 1.25941 1.3668 1.47388 1.57575 1.67185 1.7596 1.83859 1.91125 1.99087 2.07497 2.15601 2.23504 2.32244 2.40973 2.48922 2.55814 2.61646 2.66432 2.70237 2.7324 2.75729 2.77336 2.77948 2.77484 2.7595 2.73447 2.70296 2.67354 2.64906 2.63551 2.64942 2.71355 2.78075 2.66732 2.73378 2.69262 2.55507 2.4082 2.26653 2.13153 2.00431 1.88427 1.76873 1.65799 1.57022 1.52305
0.88638 0.86027 0.83937 0.86573 0.93053 1.04723 1.18346 1.31027 1.28102 1.23377 1.03864 0.84059 0.73227 0.67491 0.66015 0.7021 0.76456 0.83895 0.92629 1.02403 1.12541 1.22812 1.32786 1.43003 1.52799 1.62064 1.70476 1.78061 1.85829 1.94349 2.03059 2.1126 2.19895 2.29191 2.38206 2.46205 2.53135 2.58996 2.63873 2.67709 2.70823 2.73116 2.74336 2.74319 2.73003 2.70334 2.66289 2.60892 2.54626 2.47628 2.46784 2.49521 2.58674 2.73761 2.71987 2.71546 2.58021 2.39308 2.22626 2.07513 1.93725 1.81778 1.72723 1.63531 1.54226 1.44822 1.38983
0.91652 0.90117 0.88366 0.89061 0.9279 1.00334 1.07802 1.12349 1.10102 1.04606 0.95742 0.83095 0.7199 0.68935 0.68625 0.7153 0.77033 0.83486 0.90934 0.9961 1.08794 1.1821 1.2774 1.37675 1.47094 1.55846 1.63714 1.70964 1.79384 1.88224 1.96974 2.05871 2.15303 2.251 2.34127 2.42131 2.49094 2.55099 2.60054 2.64042 2.67145 2.6918 2.69927 2.69253 2.67116 2.6337 2.57912 2.51447 2.46294 2.40377 2.3391 2.28314 2.25659 2.26645 2.2662 2.23799 2.19486 2.09958 1.99897 1.89572 1.79435 1.69429 1.59436 1.49579 1.40717 1.3222 1.24928
