data/pm10_concentration_min.asc
NCOLS 541
NROWS 200
XLLCORNER 12.09692
YLLCORNER 48.55814
CELLSIZE 0.0125
NODATA_VALUE -9999
[rows 63 to 83 of 200, columns 141 to 187 of 541]
28.2196274216854 28.2254520922284 28.2311562561957 28.2369259059838 28.2427507178034 28.2512361846963 28.2671094593612 28.2906813380349 28.3216072991151 28.3602572691045 28.4084843083404 28.4654862559521 28.529203065923 28.5952129311761 28.6615585598449 28.7233301924624 28.7758516902565 28.8170992998305 28.8373966212752 28.8209358314269 28.790621114658 28.7468503378528 28.6750403175653 28.5711732541869 28.4578151608799 28.3368015433906 28.1908834707371 28.0380016793344 27.8862025994533 27.7359617512611 27.5889303128246 27.4467593958345 27.300586779774 27.1316768540924 26.9582290167451 26.7687512941683 26.5911947987746 26.4251154372143 26.25615257337 26.1015459655762 25.9609666764055 25.8188626874795 25.6890614672471 25.5758660646861 25.4800676392357 25.3886021394803 25.3046890935673
28.1387466885137 28.1643059047383 28.1905910277768 28.2177291112217 28.2504538992432 28.2920850415124 28.342655718264 28.4020749027783 28.4699250207576 28.5471374720632 28.6349651488723 28.7322528764878 28.8351439270145 28.9399670578345 29.0424340710389 29.1370258883597 29.2206866875825 29.2677809481342 29.2936919616255 29.302081479697 29.2825809449194 29.2181762535189 29.1367687638304 29.0406801472101 28.9033577030164 28.7550114988126 28.6030162178638 28.4501933165811 28.2979143808442 28.1277617055076 27.9570280860596 27.7914930056838 27.6316930750283 27.4721800474966 27.2753971374303 27.0815082921126 26.8818254361761 26.6941094230996 26.5194331729457 26.3586801130917 26.200177280244 26.0494253070999 25.9141547827883 25.7954635147895 25.6930958771751 25.5881512522903 25.5000862918924
28.069763983128 28.1124895026969 28.1586190486875 28.2120456333869 28.2751502540914 28.3482284940704 28.4312630357907 28.5241121380766 28.6266475918049 28.740749385656 28.8671895067384 29.0042504598877 29.1473264361807 29.2923180962432 29.4331782370738 29.5660059039179 29.6611589245918 29.7373284679924 29.7921135664761 29.7913132944337 29.7648404660236 29.7139531832398 29.6190247564099 29.4913465885799 29.3491324007405 29.1987040722918 29.0203147049821 28.8389460805391 28.6589725471679 28.4827498913075 28.3118954332908 28.1395294520282 27.9584393980902 27.7811310386429 27.5796004875779 27.3628193836223 27.1582206004011 26.9654895368348 26.7850791472344 26.6048850673925 26.4340517657986 26.2769518969999 26.1348831255557 26.0092930959861 25.8895860679422 25.7781622752884 25.6846860842508
27.9861018052963 28.0524202324562 28.1251267093399 28.2068767605414 28.2988465460583 28.4014475284164 28.5150340805495 28.6398744841722 28.7762353571593 28.9266759726448 29.0918583738067 29.2686589101561 29.4527200366028 29.6385860798439 29.8224818087434 29.9767901752154 30.1126193887983 30.2174148243409 30.2744484401668 30.3017201185833 30.2809686973001 30.2017985003196 30.0956567382193 29.95845778986 29.7815832055903 29.5985506889589 29.4119604544987 29.2254607726664 29.0235499251322 28.8216570713533 28.6260181769636 28.4378278686055 28.2579369473915 28.0793540014687 27.8647920771501 27.6461085361673 27.4380311265027 27.2346051252359 27.0337765393049 26.8453184336261 26.6684461632705 26.5039625099096 26.3534498893398 26.2157505249155 26.0775754030901 25.9575403743398 25.8567171233283
27.8866909139867 27.9776054388444 28.0762143147878 28.1849625435584 28.3044664810759 28.435326231514 28.5781380177367 28.7334780930957 28.9021201676267 29.0872728706137 29.2890459541972 29.5031646436823 29.7256724424087 29.9544444587246 30.1773825901017 30.3775845678424 30.555627507094 30.6893047077344 30.7907243918485 30.8132085110862 30.7850322099284 30.7125784532002 30.5613554894678 30.3858877069338 30.1975353547527 29.9866256958466 29.7637728037516 29.5465554926968 29.3362738558743 29.133273336521 28.9386981856762 28.7341304136037 28.5368338512128 28.347636252964 28.1471835531889 27.9289709309074 27.7039509426304 27.4893943989247 27.2851707179291 27.0907623088037 26.9067147872975 26.7337377859554 26.5728170655087 26.4097089115327 26.2582211283837 26.1258306156322 26.0145569901881
27.7748938062392 27.8887433643278 28.0117814104224 28.1452197156132 28.2897671696479 28.4461791662375 28.6152651778384 28.7978944000196 28.9953281566552 29.2112658901286 29.4432222124365 29.6886779357472 29.9479212508227 30.2205854255091 30.4839828247373 30.7393127621553 30.9591406825106 31.1590790329924 31.2796494580395 31.342780873234 31.3086161047857 31.1847541569457 31.0132340162741 30.7962440168637 30.554619849927 30.3160101278733 30.0848595362132 29.8528983849186 29.6185296572136 29.3964511802872 29.186422954569 28.9862907362466 28.7955355969019 28.6137924392903 28.4146726985042 28.1863025017459 27.9652748590013 27.7526597689167 27.5472909696869 27.3483954774398 27.1565569853241 26.9735921164158 26.7875771706722 26.6036497323602 26.4341286868507 26.283740416001 26.1570573410523
27.6545177790821 27.7901221303878 27.9355517158272 28.0915472698398 28.2588958194852 28.4384679499592 28.6312395665792 28.8383196728963 29.0613245109162 29.3005051928275 29.5545698010987 29.8251386080427 30.1130892472476 30.4073196660779 30.701570351108 31.0029570737915 31.2989020030448 31.557261535679 31.6905399163086 31.7225633821788 31.6846089863503 31.5842675565407 31.3906820339994 31.1181523219382 30.8534062324023 30.5743045623293 30.3125745574956 30.0697631503337 29.8433234960146 29.631765223468 29.4323077559173 29.2336059589435 29.0382613668369 28.8517314903522 28.6599993986882 28.4471596719623 28.2372427361059 28.0336241374778 27.8340880888279 27.6374862117464 27.4338588589414 27.2214588123367 27.0104437905939 26.8048265878346 26.6103494328574 26.4347181128596 26.286165005838
27.5435827948131 27.6994788272795 27.8652272964494 28.0415092877174 28.2290708766125 28.4287418088536 28.6414611518678 28.8680753028667 29.1065005038526 29.3565737332781 29.6187904038943 29.8948044530192 30.1862744117343 30.4759460314369 30.7914203097911 31.1185729848384 31.4615001427123 31.7226883044478 31.8960960796142 32.004315156292 31.9472666610846 31.7793389791533 31.5963378521096 31.2949595769642 30.995169801785 30.724274262174 30.4784652171013 30.2466966693569 30.0174349938999 29.8048471261917 29.606708551993 29.4201916411177 29.2435031082438 29.0746135778238 28.9119917701267 28.7319225930944 28.5410582127624 28.3388275297438 28.1354332053089 27.928048037461 27.7139869994218 27.4922972171871 27.2636947480404 27.0327190601467 26.8074214017167 26.5979381290329 26.3990622146132
27.4478534066452 27.622097403473 27.8060022418167 28.0001424006996 28.2051330942685 28.4212148605847 28.6468749341774 28.8796501064588 29.117402628979 29.3629401541632 29.6177060782498 29.882589519643 30.1589987709485 30.4374423684841 30.7286528627235 31.019222388876 31.3409913194384 31.5645264379073 31.7991252883947 32.0496719012884 31.9516507950685 31.7545437457551 31.5328902944666 31.250075407716 30.9927097963615 30.7459751490542 30.5186962439692 30.3084429550342 30.1137264286267 29.9333447517145 29.7645438142284 29.6053701278429 29.4528935927251 29.2968557630152 29.147563089325 28.9831413573267 28.8086894894123 28.6330390808504 28.4531023227839 28.2635410672196 28.0582231013554 27.8328743305826 27.5865145373889 27.3219154559745 27.0397113504223 26.7499091448687 26.4800638107528
27.3703803440865 27.5602889134054 27.7583167135839 27.9646606950978 28.1794230509343 28.4007026190682 28.6272362966853 28.8563806299662 29.0873559872854 29.3222632451948 29.5617494250991 29.8050767301504 30.0503727282443 30.2950641088201 30.5346351948221 30.7574909475169 30.956866436533 31.1157665631207 31.2014087641317 31.2462379980395 31.3017016697089 31.2726540262123 31.1537333788355 30.9997429179806 30.8315189433088 30.6613231498332 30.4953960401559 30.3365982800357 30.1802812837045 30.0191362843629 29.8673269750938 29.7254836498821 29.593071957882 29.4681936901234 29.3485273199283 29.2322215112271 29.1058232320584 28.9716613141827 28.830401932071 28.6748305141335 28.4948016840717 28.2730219390624 27.9887106462169 27.6583649470317 27.298132161527 26.9291414238341 26.4487192803535
27.2972348727428 27.4972639424605 27.7045507110044 27.9182829070622 28.1365648330845 28.358807027584 28.5822180326019 28.8054670718679 29.0276158791063 29.24952655781 29.4713203782124 29.6898125459484 29.9011973687056 30.1009176941315 30.2821932894339 30.4336439098203 30.53756386441 30.5072114892694 30.2968612485319 30.1912442351544 30.5475387507671 30.7051949486858 30.7357210492679 30.6954795091098 30.6182691046563 30.5197179355183 30.4085903529868 30.2911762775791 30.1716056387263 30.0530105688335 29.9400338261011 29.8348605104199 29.7367145617459 29.644225821291 29.556866340939 29.4740881537088 29.3937133454763 29.3042508475889 29.2078364020206 29.0985253732131 28.9640483405562 28.7741241598758 28.4912786731272 28.112928906284 27.6737318639813 27.0993660858703 26.4567013432966
27.2171697445931 27.4269313734687 27.6408937658925 27.8584812884601 28.0789834224915 28.2995919168547 28.5191285989881 28.7365622532901 28.9505673620592 29.1607378630148 29.3662166920343 29.5639492139306 29.7503052807216 29.919139533414 30.064099987099 30.1446505461691 30.151484074638 30.1166549222286 30.0875423073197 30.1236559341381 30.1871050013145 30.3010505528442 30.3992530925044 30.4248181460151 30.4024137780301 30.3598472010458 30.3026929865765 30.235363283434 30.1588139404048 30.0789566189832 29.9994570283412 29.9221429640063 29.848615450901 29.7800884335813 29.7174566217611 29.6609519881238 29.6086667212803 29.5587892713034 29.5080673623654 29.4518855344536 29.3845678891855 29.298590718592 29.1091090209428 28.6853601924327 28.193576054593 27.5032675280478 26.6988424266257
27.1260234953121 27.3468931718989 27.5658616886328 27.7875190678056 28.0089786871282 28.2289367387991 28.4463186867799 28.6598583133933 28.867803733471 29.0683168015556 29.2611757857501 29.4433245244629 29.6118716029408 29.7565968823614 29.8478812300898 29.9111694366384 29.9518203653533 29.9850735198191 29.9970243800959 29.9764322598179 30.0038615067891 30.0646571550806 30.1343220588593 30.1717928841036 30.1897745056134 30.1900784645978 30.1735151173049 30.133175989887 30.0894796414221 30.0446038605901 30.0007097287927 29.9583696759082 29.9194883332445 29.8854179935945 29.8553396097 29.8304927630957 29.8134846504521 29.8032520364392 29.7951136735715 29.7694592872121 29.7228333891036 29.6396660062807 29.4915004957112 29.2668656480499 28.8738191297338 28.3247401896138 27.5649694404663
27.0147966563471 27.2615891956195 27.4869956890318 27.71035639889 27.9327998783117 28.1533664811534 28.370945531333 28.5826343237784 28.7857151164395 28.9784934736962 29.1616010138466 29.334171407645 29.4850144800357 29.6023024033626 29.7007454933711 29.7828676240312 29.8547317931873 29.8841975443838 29.8610914606211 29.861145193069 29.8862859177723 29.9179657097645 29.9464082290222 29.9766176077509 30.0023250368952 30.0205736100571 30.0307141471911 30.0340102171235 30.0332600960649 30.0190994588709 29.9971694990133 29.9775842947327 29.9558304642466 29.9401174011719 29.9327674855199 29.9350608629625 29.9472107095588 29.9686505271777 29.9977089314692 30.0229667596394 30.0182322717494 29.9885618310164 29.9189651445404 29.792342476381 29.5980814906858 29.3578004024967 28.9901718062364
26.9047102065406 27.1658853481643 27.4112958321988 27.641579345708 27.8657480074618 28.0854659006288 28.2995742665225 28.5065675456277 28.704929688003 28.8930829635866 29.0711207455047 29.2395009470237 29.3779281072563 29.50005316537 29.6089643289729 29.7072504243065 29.768742270297 29.7615899485495 29.7645635038339 29.773511120393 29.7782278918367 29.7954886005205 29.8215692782371 29.8520561233819 29.8831764108274 29.9124629520144 29.9348105330803 29.9368981804556 29.9370642105386 29.9364272839168 29.9362280357238 29.9373762817709 29.9421109909433 29.951992180773 29.9616203441187 29.9814855664948 30.006912799918 30.0454991963062 30.1046499411715 30.1728086201463 30.2342369749851 30.2879728735305 30.2675870984834 30.2046357096478 30.0763272367463 29.8857758625558 29.6238018931983
26.7854739307562 27.0472962714215 27.3095021796374 27.5657714010663 27.7948436603761 28.0150001439575 28.2263235783208 28.4306003693407 28.6265546358834 28.8128215496126 28.9886766408483 29.1556090122172 29.303497455085 29.4328096932165 29.5512330306568 29.6476598933846 29.6634790158915 29.6735584111291 29.6706262265479 29.6759804121638 29.6905423738621 29.7136510396957 29.7436621670952 29.7784580259545 29.807558071491 29.8233737422357 29.8396822017401 29.8558962695053 29.8718305328462 29.8875257974391 29.9029559450177 29.9177487832458 29.9242979621246 29.9146732193954 29.907739034533 29.9100384771849 29.9343892222085 29.9969281227937 30.0735067102875 30.1723359718257 30.2845355105393 30.3792478645924 30.4632673166102 30.518410157151 30.4250273117257 30.2016371777409 29.896248925861
26.6406358163108 26.908257688586 27.1784168446414 27.4414614392853 27.6881101464599 27.9351170022022 28.1504012796363 28.3544415294444 28.5497425780284 28.7359519628953 28.9119276399949 29.0788031960786 29.2370094759644 29.3859133813993 29.512536848864 29.553759755934 29.56751928243 29.5770639383484 29.5909946628293 29.610436275385 29.6359614266566 29.6675305758759 29.689702772213 29.7073295365869 29.7286928628233 29.7531698626955 29.7799860492324 29.8085432541926 29.8383278526262 29.8687396344318 29.8841480410096 29.8892168481647 29.8887956958746 29.8796380523474 29.8586765600404 29.8266105196918 29.7963098240943 29.794885818835 29.8532736978441 29.9934207299383 30.1454645901278 30.2423821160808 30.3455281221151 30.4409870186951 30.4087935316338 30.2831606128997 30.1624579037514
26.5192621411983 26.7883881066422 27.0502140363646 27.3019004769772 27.5551145411924 27.8080270719538 28.0610569986707 28.2749138864227 28.4730154027992 28.6604697154043 28.8382682678783 29.0060890268003 29.1655088772892 29.3159558965578 29.4241792609239 29.4622524351986 29.4894001000927 29.5157938860249 29.5438513363757 29.5746489048766 29.5883087706993 29.6054733524478 29.6265587319308 29.65145205327 29.6805415490487 29.7137494142564 29.7507352437043 29.7846426147937 29.8076640139008 29.8323040785544 29.8580604465301 29.8768305862323 29.89355907616 29.9049378722188 29.8918875756852 29.8165866521553 29.6612800440114 29.4458535455584 29.4115707475596 29.5533787233831 29.6894399638553 29.788958032598 29.8314416537506 29.8185694588471 29.8214765439376 29.8084911153057 29.753187646719
26.4048300723398 26.6721593546868 26.9309550210482 27.1884591247205 27.444930004208 27.6994442822402 27.9534002732101 28.1844214508907 28.3911215251029 28.5842479022626 28.7648338513269 28.9351097218861 29.0960487208389 29.2479453687867 29.3394052321852 29.391592679214 29.4346117558669 29.4720381445654 29.4923422291404 29.5135191800208 29.5364662278053 29.5619439690258 29.5903600376587 29.6216450630228 29.6490712234495 29.6720626366057 29.6997497609667 29.7324900180297 29.7586676443881 29.7885384860481 29.82218363617 29.8593010445433 29.8985637083623 29.935379223268 29.948462606629 29.9361864942253 29.8222223809692 29.4883492275808 29.2955585495064 29.2799805674574 29.256429347817 29.1705682904628 28.983744126516 28.6687902590892 28.6019991692908 29.1573872216975 29.3580449431896
26.2963757852767 26.5590858671998 26.8243700795007 27.0837780712377 27.3409455174846 27.5966234612952 27.8500419824098 28.0811975244218 28.2974667933252 28.500630178062 28.6891691403162 28.8634992097918 29.0268119614367 29.1542106829131 29.2392714085206 29.3016446016302 29.3568178618276 29.396863755132 29.4285036817413 29.4580591491952 29.4863514622146 29.5142018325075 29.5374074521964 29.5555310071825 29.5768698195697 29.6019560665034 29.6311378889517 29.6642974320919 29.7013064836224 29.7424230194585 29.7879419048681 29.8379462578324 29.8751510187226 29.9166324957362 29.9271844924216 29.923674205199 29.8471315960965 29.699962649908 29.503203451078 29.2943908540369 29.1372934572059 28.9875882199939 28.8364089153726 28.731730271354 28.7814891593935 29.0049227398136 29.1179215919996
26.1865804732151 26.446147281622 26.7081030016494 26.9717944712799 27.2365157570844 27.4877611242956 27.7272763016142 27.9616909907 28.1869667395077 28.4008235352619 28.6015141108664 28.7864491526252 28.9459267216457 29.0489048280274 29.1417098177043 29.2128776536122 29.2672274028454 29.3085037732141 29.3453989030249 29.3759392784485 29.3962065215938 29.4169653767133 29.4395260776338 29.4645583579066 29.4926873304006 29.5243924918886 29.5599841331883 29.5995160659169 29.6431817750836 29.6911401709792 29.7300687965257 29.7693803619111 29.80807808702 29.8103859112032 29.7867622291506 29.748540218637 29.6826074360671 29.593655574469 29.4628770991815 29.3219658977425 29.1476913908961 29.0097650536124 28.9145823805589 28.8834924992133 28.9392636059591 29.0103867329618 28.9736705532752
