data/pm10_slope_horn_max.asc
ncols	541
nrows	200
xllcorner	12.09692
yllcorner	48.55814
cellsize	0.0125
NODATA_value	-9999.0
[rows 150 to 179 of 200, columns 268 to 334 of 541]
0.90611 0.84475 0.83554 0.83785 0.83468 0.82439 0.81838 0.86341 0.91067 0.95181 0.98605 1.01371 1.03564 1.05286 1.06576 1.07468 1.07969 1.0807 1.07937 1.08104 1.08899 1.10453 1.12088 1.13469 1.14552 1.15271 1.15835 1.16405 1.16671 1.16562 1.16245 1.16052 1.16085 1.1597 1.15737 1.15595 1.15465 1.19534 1.25936 1.33376 1.40947 1.47906 1.54232 1.59798 1.64324 1.67845 1.70464 1.72403 1.74861 1.77085 1.78915 1.803 1.81191 1.81605 1.8156 1.81034 1.7996 1.78326 1.76158 1.73455 1.70299 1.66917 1.63422 1.59535 1.55149 1.50211 1.44712
0.9134 0.83391 0.79696 0.79583 0.79564 0.79047 0.78479 0.8174 0.868 0.91358 0.95252 0.98487 1.01101 1.0317 1.04724 1.058 1.06408 1.06561 1.06797 1.07713 1.09689 1.12287 1.14435 1.16077 1.17452 1.18511 1.19292 1.20086 1.20828 1.2123 1.21359 1.21467 1.21692 1.21888 1.21817 1.21587 1.2132 1.25088 1.30868 1.37148 1.43452 1.49388 1.545 1.58793 1.62373 1.65281 1.67423 1.69444 1.71556 1.73261 1.74591 1.75504 1.75962 1.75914 1.7536 1.74318 1.72772 1.70656 1.67946 1.64737 1.61241 1.57664 1.53741 1.49252 1.44238 1.38688 1.32588
0.91841 0.83622 0.766 0.75315 0.74903 0.74528 0.74334 0.77195 0.82029 0.86622 0.90842 0.94621 0.97775 1.00342 1.02352 1.0384 1.04829 1.05348 1.06021 1.07442 1.10693 1.13894 1.1642 1.18322 1.19832 1.21175 1.22294 1.23237 1.24278 1.25128 1.25663 1.2615 1.26593 1.26877 1.27086 1.27016 1.26727 1.29639 1.34792 1.40244 1.4515 1.49878 1.54117 1.57316 1.596 1.61457 1.63211 1.65212 1.66847 1.68063 1.68866 1.69294 1.69254 1.68724 1.67671 1.66097 1.64008 1.61387 1.58194 1.54646 1.50975 1.46937 1.42392 1.37347 1.31788 1.26124 1.20068
0.9231 0.8416 0.76037 0.71038 0.70406 0.69621 0.69289 0.71936 0.76839 0.81718 0.86102 0.8992 0.93631 0.96731 0.99255 1.01234 1.0269 1.03791 1.05141 1.07235 1.11329 1.14887 1.17796 1.20045 1.21744 1.2321 1.24603 1.25795 1.27011 1.28235 1.29162 1.3002 1.30674 1.31122 1.31384 1.3153 1.31391 1.33452 1.37471 1.42069 1.45991 1.49297 1.52429 1.54857 1.56262 1.56989 1.58318 1.59619 1.6068 1.61408 1.61703 1.61593 1.61055 1.60029 1.58476 1.56366 1.53739 1.50594 1.47114 1.43441 1.39443 1.34999 1.30332 1.25212 1.19709 1.14848 1.10536
0.92884 0.84765 0.76639 0.68763 0.65801 0.64945 0.64263 0.66346 0.71167 0.7617 0.8085 0.85132 0.88841 0.92345 0.95393 0.97886 0.9985 1.01613 1.03744 1.06817 1.11308 1.15206 1.18475 1.21105 1.23104 1.24672 1.26216 1.27721 1.29065 1.30676 1.32023 1.33121 1.33982 1.34576 1.34962 1.35126 1.35071 1.36385 1.39173 1.42711 1.45828 1.48061 1.49739 1.51074 1.51822 1.51766 1.5244 1.52971 1.53333 1.53491 1.53287 1.52643 1.5158 1.50049 1.48012 1.45433 1.42341 1.38884 1.35522 1.31861 1.27802 1.23497 1.19387 1.15329 1.118 1.09087 1.06468
0.93614 0.85473 0.77308 0.69186 0.61897 0.60152 0.59303 0.60791 0.65308 0.70361 0.75155 0.7974 0.83889 0.87559 0.9076 0.9378 0.96359 0.98981 1.0205 1.0615 1.10719 1.14849 1.1845 1.21436 1.23789 1.25595 1.27176 1.28858 1.30422 1.32355 1.34068 1.35432 1.36469 1.37218 1.37682 1.37928 1.37965 1.38412 1.40194 1.42372 1.44487 1.4613 1.46884 1.46957 1.46521 1.46029 1.45801 1.45549 1.45206 1.44703 1.43959 1.42809 1.41234 1.39233 1.36708 1.34031 1.31056 1.27882 1.25063 1.21963 1.18855 1.16019 1.1354 1.10989 1.08376 1.05624 1.02841
0.94685 0.86389 0.78108 0.69938 0.62027 0.56133 0.55348 0.56984 0.60526 0.64643 0.69265 0.73981 0.78373 0.82399 0.86041 0.89126 0.9233 0.96089 1.00405 1.05261 1.09833 1.13975 1.17735 1.21031 1.23726 1.25809 1.27484 1.29238 1.31052 1.33211 1.35199 1.36842 1.38079 1.38981 1.39559 1.399 1.39926 1.39828 1.40245 1.41533 1.42564 1.43189 1.43314 1.42865 1.42205 1.41216 1.39937 1.38661 1.37501 1.36325 1.34964 1.33335 1.31326 1.2928 1.26803 1.24558 1.22311 1.20467 1.18989 1.17187 1.15047 1.12666 1.10115 1.0741 1.04619 1.01756 0.98936
0.96266 0.87746 0.79315 0.71096 0.632 0.56468 0.5434 0.55471 0.57785 0.60616 0.63955 0.68049 0.72549 0.76734 0.80727 0.84246 0.8869 0.9341 0.98714 1.03955 1.0867 1.12871 1.16601 1.19978 1.22908 1.25295 1.2719 1.28911 1.30853 1.33156 1.3537 1.37245 1.38703 1.39788 1.40511 1.4093 1.41017 1.40821 1.40418 1.4014 1.40299 1.4023 1.39791 1.39041 1.37823 1.36126 1.34053 1.31966 1.30006 1.28153 1.26203 1.24245 1.22087 1.2066 1.19569 1.18886 1.17964 1.16751 1.15233 1.1343 1.11307 1.08894 1.06268 1.03512 1.01097 0.99002 0.96879
0.98372 0.89715 0.81142 0.72932 0.65408 0.59418 0.56734 0.56108 0.56688 0.58163 0.6064 0.6328 0.66736 0.70826 0.74971 0.80004 0.85688 0.91227 0.9683 1.02131 1.07026 1.11387 1.15211 1.1856 1.21501 1.24041 1.2613 1.27889 1.29846 1.32282 1.3459 1.36604 1.38258 1.39531 1.4043 1.4096 1.4113 1.40963 1.4043 1.39769 1.39015 1.38156 1.37032 1.35573 1.33715 1.31482 1.28922 1.26219 1.23624 1.2119 1.18789 1.17205 1.16322 1.16081 1.15669 1.14934 1.13907 1.12643 1.11122 1.09282 1.07093 1.05 1.03022 1.00934 0.98678 0.96358 0.94144
1.01146 0.92322 0.83759 0.75822 0.69283 0.64503 0.60612 0.58334 0.57467 0.57366 0.58496 0.60349 0.62706 0.65635 0.70926 0.76949 0.83147 0.89168 0.94798 1.00006 1.04897 1.09376 1.13377 1.16834 1.19783 1.2228 1.24433 1.26297 1.28122 1.30565 1.32891 1.34946 1.36718 1.38154 1.39208 1.39877 1.40165 1.40064 1.39574 1.38726 1.37512 1.36079 1.34521 1.32659 1.3042 1.27737 1.24649 1.21323 1.18167 1.15598 1.13794 1.12864 1.12303 1.1184 1.11332 1.10633 1.09594 1.08248 1.06958 1.05622 1.04036 1.02205 1.00107 0.97989 0.95813 0.93508 0.91349
1.04431 0.95691 0.87801 0.80788 0.74856 0.69724 0.6537 0.61855 0.59511 0.58244 0.58002 0.58738 0.6063 0.63866 0.68675 0.74857 0.81085 0.87073 0.92712 0.97941 1.02687 1.0707 1.11176 1.14835 1.17898 1.20385 1.22559 1.24409 1.26103 1.28466 1.30823 1.32862 1.34527 1.35911 1.37057 1.37836 1.38203 1.38158 1.37703 1.36836 1.35566 1.33916 1.31927 1.29604 1.26965 1.23986 1.2074 1.17467 1.14483 1.12012 1.10253 1.08946 1.08021 1.07335 1.06663 1.05939 1.05386 1.04655 1.03636 1.02357 1.00747 0.98877 0.96754 0.94475 0.92212 0.90234 0.89187
1.09052 1.00873 0.93326 0.86357 0.80254 0.74818 0.70183 0.66184 0.63059 0.60498 0.58946 0.59 0.61809 0.65904 0.70805 0.76523 0.8232 0.88018 0.93422 0.98477 1.02998 1.07063 1.10824 1.1436 1.17411 1.19785 1.21806 1.23693 1.25536 1.27798 1.30029 1.31849 1.33337 1.34447 1.35204 1.35532 1.35479 1.35295 1.34794 1.33851 1.32537 1.30913 1.2899 1.26726 1.24126 1.21199 1.17986 1.14775 1.11774 1.09109 1.06969 1.05422 1.04237 1.03358 1.02814 1.02399 1.01803 1.00938 0.99796 0.9849 0.96896 0.95059 0.92983 0.9066 0.88438 0.87235 0.87625
1.14313 1.06386 0.98829 0.91757 0.85304 0.79716 0.74736 0.70477 0.67022 0.64147 0.62006 0.61744 0.64285 0.68501 0.73634 0.79388 0.84941 0.90276 0.95411 1.00259 1.04711 1.08621 1.12189 1.15508 1.1845 1.20871 1.22766 1.24389 1.25751 1.27459 1.29679 1.31397 1.32642 1.33478 1.3397 1.34057 1.33667 1.32888 1.31756 1.30223 1.28461 1.267 1.2498 1.22987 1.20683 1.18089 1.15232 1.12148 1.09098 1.06496 1.04238 1.02332 1.00919 0.99809 0.98946 0.98338 0.97787 0.96961 0.95768 0.94333 0.9263 0.90711 0.88617 0.86517 0.85367 0.85565 0.87107
1.19593 1.11713 1.04039 0.96921 0.90222 0.8445 0.7919 0.74681 0.70931 0.67915 0.65987 0.65677 0.67633 0.71525 0.76543 0.82046 0.87474 0.92536 0.9735 1.01865 1.06186 1.10068 1.13427 1.16394 1.19126 1.21452 1.23292 1.24671 1.25732 1.26815 1.2851 1.2993 1.30946 1.31591 1.31794 1.31579 1.30984 1.30043 1.28751 1.27078 1.25053 1.22784 1.2066 1.18578 1.16389 1.13972 1.11343 1.0852 1.05589 1.03015 1.009 0.98936 0.97209 0.95871 0.9482 0.93957 0.93211 0.92382 0.91302 0.8989 0.88142 0.86128 0.83878 0.82459 0.82727 0.84435 0.87191
1.24634 1.16745 1.09036 1.01785 0.94984 0.88899 0.83525 0.78714 0.7494 0.71878 0.70206 0.69647 0.71409 0.75015 0.79415 0.84305 0.89377 0.94289 0.98903 1.03104 1.07013 1.10758 1.14101 1.16846 1.19225 1.21227 1.22892 1.24094 1.24957 1.25606 1.26848 1.27989 1.2867 1.28965 1.28908 1.28442 1.2757 1.26345 1.24819 1.22992 1.20825 1.18337 1.15749 1.13273 1.11046 1.08791 1.06413 1.03873 1.01219 0.98789 0.96794 0.94979 0.93199 0.916 0.90295 0.89291 0.88373 0.87384 0.86209 0.84812 0.83155 0.81219 0.796 0.7956 0.80812 0.83469 0.86831
1.29694 1.21717 1.13946 1.06462 0.99619 0.93348 0.87818 0.82855 0.79062 0.75988 0.74257 0.7363 0.75127 0.78325 0.82122 0.86401 0.90991 0.95531 0.99898 1.03971 1.0759 1.10941 1.14027 1.16755 1.1895 1.20661 1.21927 1.22741 1.23312 1.2361 1.24288 1.25067 1.25559 1.25706 1.25521 1.24956 1.24006 1.22683 1.20998 1.19045 1.16733 1.14066 1.11045 1.079 1.05143 1.02768 1.00505 0.98212 0.95928 0.93851 0.92008 0.90328 0.88667 0.87002 0.85507 0.84239 0.83172 0.82216 0.81038 0.79586 0.77833 0.76159 0.75783 0.76939 0.79317 0.82482 0.85951
1.34898 1.26633 1.18776 1.11181 1.04184 0.97925 0.92208 0.87226 0.83178 0.80086 0.78078 0.77585 0.78754 0.81418 0.84625 0.88286 0.92328 0.96496 1.0048 1.04285 1.07747 1.10852 1.13523 1.15927 1.17938 1.19609 1.20688 1.21231 1.2153 1.21485 1.21448 1.21738 1.21837 1.21595 1.21133 1.20439 1.19416 1.18029 1.16279 1.14255 1.11873 1.09138 1.06055 1.02635 0.99223 0.96295 0.93839 0.91646 0.89772 0.88159 0.86632 0.85111 0.83534 0.81946 0.80383 0.79015 0.77706 0.76552 0.75398 0.74036 0.72572 0.72007 0.72975 0.75087 0.77954 0.81125 0.848
1.40251 1.31722 1.2376 1.16116 1.0893 1.02653 0.96742 0.91588 0.87203 0.84061 0.81899 0.81469 0.82352 0.84466 0.87038 0.90049 0.93503 0.97197 1.00853 1.04324 1.07503 1.10354 1.12798 1.14894 1.16453 1.17726 1.18805 1.19345 1.19513 1.19277 1.1882 1.185 1.18306 1.17938 1.1726 1.16278 1.14927 1.13218 1.11193 1.08881 1.06284 1.03375 1.00138 0.96585 0.929 0.89461 0.86683 0.84577 0.82954 0.81686 0.80556 0.79335 0.77919 0.76382 0.74782 0.73355 0.72044 0.70772 0.69519 0.68079 0.67418 0.68241 0.70211 0.72965 0.76185 0.79767 0.83822
-9999.0 -9999.0 -9999.0 -9999.0 -9999.0 1.07171 1.01212 0.95794 0.91159 0.87811 0.85667 0.85132 0.85806 0.87306 0.89359 0.917 0.945 0.97714 1.01005 1.04108 1.06935 1.09541 1.11681 1.13657 1.14896 1.15842 1.16535 1.16767 1.16688 1.1637 1.15826 1.15076 1.14352 1.13653 1.12776 1.1166 1.10203 1.08386 1.0628 1.03825 1.01032 0.97915 0.94483 0.90771 0.86917 0.8304 0.79626 0.77396 0.75927 0.74785 0.73844 0.72841 0.71711 0.70392 0.68869 0.67299 0.65889 0.64621 0.6335 0.62323 0.62955 0.64685 0.67326 0.70482 0.7405 0.78072 0.82663
-9999.0 -9999.0 -9999.0 -9999.0 -9999.0 -9999.0 1.05514 0.99876 0.94944 0.91339 0.89373 0.88707 0.89079 0.90024 0.91471 0.93313 0.95478 0.98018 1.00905 1.03811 1.06268 1.08304 1.10115 1.11793 1.13148 1.13857 1.14325 1.1452 1.14352 1.13795 1.13006 1.11935 1.10701 1.0951 1.08261 1.06794 1.04971 1.02811 1.00423 0.97823 0.94931 0.91713 0.88187 0.84406 0.80419 0.76368 0.72829 0.7026 0.68822 0.6784 0.67051 0.66552 0.66309 0.65778 0.64883 0.63512 0.61754 0.59877 0.58272 0.57823 0.59115 0.61662 0.6489 0.68386 0.72299 0.76701 0.81511
-9999.0 -9999.0 -9999.0 -9999.0 -9999.0 -9999.0 1.09555 1.03952 0.98771 0.94988 0.93077 0.92152 0.92147 0.92686 0.93547 0.94797 0.96445 0.98439 1.0062 1.03012 1.05431 1.07459 1.0883 1.09819 1.10816 1.11413 1.11638 1.1167 1.11445 1.10913 1.10132 1.08968 1.07491 1.05774 1.04053 1.02289 1.00295 0.98005 0.95393 0.92512 0.89314 0.85937 0.82275 0.78352 0.74231 0.6996 0.664 0.63552 0.6199 0.61876 0.62502 0.62838 0.63009 0.6283 0.62456 0.61698 0.60461 0.58964 0.58108 0.58658 0.60552 0.63317 0.66232 0.6939 0.72899 0.76751 0.81015
-9999.0 -9999.0 -9999.0 -9999.0 -9999.0 -9999.0 -9999.0 -9999.0 -9999.0 -9999.0 0.96464 0.95287 0.94903 0.95004 0.95501 0.96279 0.97322 0.98797 1.00555 1.02422 1.04141 1.05863 1.0737 1.08306 1.08946 1.09286 1.09341 1.0923 1.08779 1.07977 1.06921 1.05581 1.03966 1.02092 0.99989 0.97741 0.95381 0.9283 0.8996 0.86932 0.83682 0.80171 0.76383 0.72365 0.68118 0.63724 0.59651 0.57126 0.56743 0.57607 0.58547 0.59504 0.60238 0.6014 0.59636 0.59069 0.58449 0.58264 0.59084 0.60913 0.63542 0.66394 0.69188 0.7219 0.75562 0.79125 0.82703
-9999.0 -9999.0 -9999.0 -9999.0 -9999.0 -9999.0 -9999.0 -9999.0 -9999.0 -9999.0 -9999.0 -9999.0 -9999.0 -9999.0 -9999.0 0.97648 0.98362 0.99162 1.00327 1.01945 1.03568 1.04677 1.0565 1.0638 1.06799 1.07 1.06933 1.06664 1.06129 1.05322 1.04211 1.02721 1.00937 0.98931 0.96707 0.94192 0.9139 0.88431 0.85341 0.82013 0.78456 0.74608 0.705 0.66212 0.61751 0.57331 0.53272 0.50927 0.51608 0.535 0.55068 0.55439 0.56561 0.56451 0.55821 0.55156 0.55176 0.56624 0.59166 0.62472 0.66035 0.69322 0.72358 0.7539 0.78522 0.81727 0.84954
-9999.0 -9999.0 -9999.0 -9999.0 -9999.0 -9999.0 -9999.0 -9999.0 -9999.0 -9999.0 -9999.0 -9999.0 -9999.0 -9999.0 -9999.0 -9999.0 -9999.0 -9999.0 1.00528 1.01332 1.02604 1.03594 1.0444 1.04961 1.05173 1.0517 1.04984 1.04553 1.03754 1.02668 -9999.0 -9999.0 -9999.0 0.95649 0.93256 0.90554 0.87583 0.84431 0.81008 0.77281 0.73404 0.69266 0.64914 0.60368 0.55626 0.50911 0.46588 0.43808 0.44347 0.46432 0.48171 0.47941 0.49547 0.4972 0.49624 0.4999 0.51282 0.53914 0.57804 0.62168 0.66342 0.70247 0.73846 0.77365 0.8079 0.8408 0.87239
-9999.0 -9999.0 -9999.0 -9999.0 -9999.0 -9999.0 -9999.0 -9999.0 -9999.0 -9999.0 -9999.0 -9999.0 -9999.0 -9999.0 -9999.0 -9999.0 -9999.0 -9999.0 -9999.0 -9999.0 1.0226 1.02955 1.0346 1.03708 1.03748 -9999.0 -9999.0 -9999.0 -9999.0 -9999.0 -9999.0 -9999.0 -9999.0 0.93084 0.90598 0.87805 0.84649 0.81199 0.77432 0.73469 0.69331 0.64904 0.60213 0.55249 0.50072 0.45286 0.40806 0.37478 0.37671 0.39595 0.40583 0.39294 0.39331 0.39914 0.41392 0.43801 0.46887 0.50717 0.55082 0.59768 0.64512 0.69077 0.73296 0.77371 0.81304 0.84941 0.88275
-9999.0 -9999.0 -9999.0 -9999.0 -9999.0 -9999.0 -9999.0 -9999.0 -9999.0 -9999.0 -9999.0 -9999.0 -9999.0 -9999.0 -9999.0 -9999.0 -9999.0 -9999.0 -9999.0 -9999.0 -9999.0 -9999.0 -9999.0 -9999.0 -9999.0 -9999.0 -9999.0 -9999.0 -9999.0 -9999.0 -9999.0 -9999.0 -9999.0 -9999.0 -9999.0 -9999.0 0.82015 0.78517 0.74655 0.70471 0.6597 0.61221 0.56298 0.5112 0.45669 0.40781 0.36219 0.32244 0.31134 0.33061 0.35133 0.3544 0.34527 0.3362 0.34586 0.37406 0.42175 0.47132 0.51709 0.56241 0.60942 0.65836 0.70664 0.75383 0.79775 0.83795 0.87497
-9999.0 -9999.0 -9999.0 -9999.0 -9999.0 -9999.0 -9999.0 -9999.0 -9999.0 -9999.0 -9999.0 -9999.0 -9999.0 -9999.0 -9999.0 -9999.0 -9999.0 -9999.0 -9999.0 -9999.0 -9999.0 -9999.0 -9999.0 -9999.0 -9999.0 -9999.0 -9999.0 -9999.0 -9999.0 -9999.0 -9999.0 -9999.0 -9999.0 -9999.0 -9999.0 -9999.0 -9999.0 -9999.0 0.72897 0.68629 0.64082 0.59317 0.54336 0.49143 0.43728 0.38033 0.32844 0.2878 0.25255 0.25171 0.26165 0.27539 0.28424 0.28934 0.29481 0.32757 0.37078 0.42484 0.47628 0.52466 0.57109 0.61808 0.66496 0.71347 0.7616 0.80808 0.85038
-9999.0 -9999.0 -9999.0 -9999.0 -9999.0 -9999.0 -9999.0 -9999.0 -9999.0 -9999.0 -9999.0 -9999.0 -9999.0 -9999.0 -9999.0 -9999.0 -9999.0 -9999.0 -9999.0 -9999.0 -9999.0 -9999.0 -9999.0 -9999.0 -9999.0 -9999.0 -9999.0 -9999.0 -9999.0 -9999.0 -9999.0 -9999.0 -9999.0 -9999.0 -9999.0 -9999.0 -9999.0 -9999.0 -9999.0 -9999.0 -9999.0 0.589 0.53994 0.49035 0.44001 0.38904 0.33754 0.28747 0.23816 0.22634 0.22282 0.22503 0.2342 0.2469 0.26486 0.29816 0.34614 0.39433 0.44375 0.49402 0.54094 0.58694 0.63268 0.67854 0.7236 0.76844 0.81027
-9999.0 -9999.0 -9999.0 -9999.0 -9999.0 -9999.0 -9999.0 -9999.0 -9999.0 -9999.0 -9999.0 -9999.0 -9999.0 -9999.0 -9999.0 -9999.0 -9999.0 -9999.0 -9999.0 -9999.0 -9999.0 -9999.0 -9999.0 -9999.0 -9999.0 -9999.0 -9999.0 -9999.0 -9999.0 -9999.0 -9999.0 -9999.0 -9999.0 -9999.0 -9999.0 -9999.0 -9999.0 -9999.0 -9999.0 -9999.0 -9999.0 0.59782 0.55131 0.50398 0.45712 0.41112 0.3657 0.32148 0.27959 0.26298 0.25177 0.24793 0.25573 0.26458 0.27644 0.29621 0.34172 0.38906 0.43434 0.48263 0.53153 0.57915 0.62519 0.66951 0.71163 0.75212 0.7899
-9999.0 -9999.0 -9999.0 -9999.0 -9999.0 -9999.0 -9999.0 -9999.0 -9999.0 -9999.0 -9999.0 -9999.0 -9999.0 -9999.0 -9999.0 -9999.0 -9999.0 -9999.0 -9999.0 -9999.0 -9999.0 -9999.0 -9999.0 -9999.0 -9999.0 -9999.0 -9999.0 -9999.0 -9999.0 -9999.0 -9999.0 -9999.0 -9999.0 -9999.0 -9999.0 -9999.0 -9999.0 -9999.0 -9999.0 -9999.0 -9999.0 -9999.0 0.57025 0.52752 0.48448 0.44177 0.39916 0.35643 0.32227 0.30318 0.29126 0.28332 0.28636 0.29421 0.30452 0.32003 0.34853 0.39484 0.44145 0.48758 0.53376 0.57909 0.62323 0.6656 0.70624 0.74455 0.78027
