data/pm10_slope_sharpnack_modal.asc
ncols	541
nrows	200
xllcorner	12.09692
yllcorner	48.55814
cellsize	0.0125
NODATA_value	-9999.0
[rows 60 to 89 of 200, columns 201 to 267 of 541]
0.06841 0.06496 0.06173 0.05874 0.05586 0.05292 0.05 0.04701 0.0445 0.04324 0.04405 0.04583 0.0455 0.04278 0.03962 0.03755 0.03633 0.03578 0.03564 0.03578 0.03578 0.03493 0.03376 0.03225 0.03033 0.02811 0.02627 0.0251 0.02429 0.02429 0.0249 0.02608 0.02933 0.0345 0.04025 0.04561 0.0506 0.05514 0.05882 0.06066 0.06237 0.06573 0.06993 0.07355 0.07622 0.07829 0.08019 0.08179 0.08283 0.08331 0.08361 0.08396 0.08432 0.08509 0.0862 0.08729 0.08843 0.08967 0.09116 0.09295 0.09513 0.09737 0.0997 0.10188 0.10344 0.10407 0.10392
0.06663 0.06387 0.06132 0.05882 0.05657 0.05441 0.05225 0.0505 0.04889 0.04868 0.05 0.0505 0.04837 0.04494 0.04183 0.03962 0.03821 0.03715 0.03674 0.03633 0.03592 0.03479 0.03302 0.03082 0.02846 0.02627 0.0249 0.02408 0.02324 0.02236 0.02168 0.0228 0.02683 0.03271 0.03821 0.04336 0.04806 0.05215 0.05459 0.05541 0.05771 0.06181 0.06573 0.06848 0.07021 0.07155 0.0728 0.07369 0.07396 0.07362 0.07335 0.07314 0.07328 0.07396 0.07477 0.07563 0.07649 0.07752 0.0788 0.08044 0.0824 0.08473 0.08706 0.08899 0.09011 0.09072 0.09121
0.06427 0.06237 0.06058 0.05899 0.05727 0.05586 0.05468 0.05394 0.05367 0.05441 0.0555 0.05404 0.05079 0.04701 0.04405 0.04183 0.04 0.03873 0.03782 0.03701 0.03592 0.03421 0.03194 0.0295 0.02739 0.02588 0.0253 0.02449 0.02345 0.02214 0.02168 0.02387 0.02898 0.03464 0.04012 0.04494 0.0493 0.05235 0.0531 0.05394 0.05692 0.06058 0.06309 0.06442 0.06527 0.06611 0.06671 0.06678 0.06595 0.06488 0.0638 0.06277 0.06253 0.06261 0.06277 0.06301 0.06356 0.0645 0.06588 0.06768 0.06986 0.07239 0.07483 0.07675 0.07829 0.07962 0.08118
0.06091 0.06017 0.05941 0.05882 0.05814 0.05771 0.05753 0.05779 0.05857 0.05975 0.05958 0.05692 0.05301 0.0493 0.04626 0.04382 0.04183 0.04025 0.03899 0.03755 0.03592 0.03406 0.0313 0.02915 0.02775 0.0272 0.02665 0.02588 0.02449 0.02324 0.02366 0.02739 0.03317 0.03873 0.04405 0.04868 0.05206 0.05357 0.05367 0.05505 0.05805 0.0605 0.06164 0.06221 0.06253 0.06285 0.06261 0.0614 0.05941 0.0571 0.05495 0.05348 0.05273 0.05225 0.05187 0.05177 0.05215 0.05329 0.05514 0.05736 0.06017 0.06317 0.06588 0.06819 0.07029 0.07232 0.07423
0.05621 0.05701 0.05779 0.05857 0.05933 0.06017 0.06099 0.06213 0.0634 0.06411 0.06253 0.05916 0.05523 0.05148 0.04858 0.04593 0.0437 0.04183 0.04 0.03821 0.03619 0.03406 0.03194 0.03066 0.03 0.02966 0.02898 0.02793 0.02646 0.02588 0.02811 0.03302 0.03886 0.04416 0.04868 0.05215 0.05422 0.0545 0.05477 0.0571 0.06 0.06156 0.06229 0.06245 0.06245 0.06213 0.06083 0.05822 0.05468 0.05109 0.04827 0.04658 0.04528 0.04427 0.04313 0.04254 0.04301 0.04416 0.04626 0.04919 0.05235 0.05532 0.05788 0.06042 0.06277 0.06504 0.06723
0.04919 0.05244 0.0555 0.05831 0.06099 0.06332 0.06542 0.06716 0.06812 0.06723 0.06473 0.06124 0.05745 0.05385 0.05079 0.04796 0.0455 0.04336 0.04123 0.03899 0.03674 0.03521 0.03406 0.03347 0.03317 0.03271 0.03162 0.0305 0.02966 0.0305 0.03435 0.03975 0.04506 0.0493 0.05225 0.05468 0.05604 0.0563 0.05779 0.06058 0.06261 0.0634 0.06364 0.06356 0.06332 0.06229 0.05975 0.0555 0.05079 0.04669 0.04382 0.04159 0.03924 0.03688 0.03493 0.03376 0.03391 0.0355 0.03834 0.04159 0.04461 0.04733 0.0499 0.05244 0.05505 0.05762 0.06008
0.03886 0.0455 0.05187 0.05779 0.06317 0.0676 0.07085 0.07253 0.07211 0.07 0.06671 0.06301 0.05941 0.05612 0.0531 0.0501 0.04743 0.04494 0.04243 0.04 0.03834 0.03768 0.03755 0.03728 0.03674 0.03606 0.03493 0.03406 0.0345 0.03715 0.04147 0.04637 0.0501 0.05301 0.0555 0.05788 0.05908 0.05992 0.06181 0.06387 0.06481 0.06504 0.06481 0.06458 0.06372 0.06124 0.05701 0.05196 0.04733 0.04393 0.04135 0.03821 0.0345 0.03066 0.02739 0.0255 0.02569 0.02793 0.03098 0.03376 0.03633 0.03899 0.04171 0.0445 0.04722 0.0501 0.05292
0.0247 0.03391 0.0445 0.05568 0.06641 0.07409 0.07752 0.07772 0.0757 0.07246 0.0687 0.06481 0.06132 0.05831 0.05523 0.05215 0.0493 0.04658 0.04393 0.04207 0.04147 0.04183 0.04183 0.04135 0.04074 0.03975 0.03899 0.03899 0.04087 0.04438 0.04827 0.05148 0.05394 0.05612 0.05925 0.06181 0.06269 0.06356 0.06496 0.06595 0.06633 0.06633 0.06626 0.06557 0.06332 0.05916 0.05385 0.04909 0.04561 0.04278 0.0395 0.03521 0.0305 0.0255 0.02145 0.01871 0.01871 0.02025 0.02258 0.0251 0.02793 0.03066 0.03362 0.03661 0.03962 0.04266 0.04583
0.0114 0.01612 0.02739 0.04506 0.06819 0.08222 0.08385 0.08216 0.0788 0.07503 0.07085 0.06678 0.0634 0.06025 0.05718 0.05422 0.05128 0.04848 0.04648 0.04572 0.04604 0.04669 0.04658 0.04583 0.04517 0.04416 0.04405 0.04528 0.04764 0.0506 0.05292 0.05459 0.05675 0.05983 0.06348 0.0655 0.0658 0.06648 0.06768 0.06819 0.06841 0.06841 0.06782 0.06573 0.06156 0.05621 0.05148 0.04796 0.04506 0.04159 0.03715 0.03178 0.02608 0.02074 0.01643 0.01378 0.01265 0.01342 0.01449 0.01673 0.01949 0.02258 0.02569 0.02898 0.03225 0.03564 0.03912
0.02793 0.0272 0.0305 0.04483 0.07162 0.08866 0.08961 0.08631 0.0821 0.07759 0.07308 0.06899 0.06557 0.06229 0.05916 0.0563 0.05348 0.05128 0.0504 0.0507 0.05128 0.05177 0.05148 0.05079 0.0499 0.0494 0.0497 0.05089 0.05254 0.05422 0.0555 0.05718 0.06025 0.0645 0.06819 0.06935 0.06928 0.06993 0.07071 0.07113 0.0712 0.0705 0.06834 0.06427 0.05908 0.05422 0.0507 0.04754 0.04382 0.03912 0.03347 0.02739 0.02145 0.01643 0.01225 0.00949 0.00775 0.00775 0.00837 0.01049 0.01265 0.01581 0.01897 0.02236 0.02588 0.0295 0.03302
0.04743 0.05376 0.06527 0.0805 0.09644 0.10208 0.09602 0.09006 0.08479 0.07981 0.07517 0.07127 0.06782 0.06434 0.06116 0.0584 0.05639 0.05541 0.05568 0.0563 0.05683 0.0571 0.05675 0.05577 0.05468 0.05394 0.05376 0.05441 0.05523 0.05648 0.05831 0.0614 0.06588 0.07071 0.07342 0.07355 0.07328 0.07389 0.07443 0.0745 0.07355 0.07113 0.06686 0.06156 0.05675 0.05301 0.0498 0.04583 0.04087 0.03521 0.02933 0.02345 0.01817 0.01378 0.01049 0.00707 0.00447 0.0 0.00316 0.00632 0.00894 0.01183 0.01483 0.01817 0.02168 0.02449 0.02702
0.05495 0.06403 0.07517 0.08614 0.09429 0.0967 0.09407 0.08978 0.08532 0.08081 0.07675 0.07321 0.06979 0.06648 0.06348 0.06124 0.06033 0.06075 0.06156 0.06213 0.06245 0.06229 0.0614 0.05958 0.05788 0.05657 0.05621 0.05675 0.05814 0.06033 0.06356 0.06804 0.07314 0.0774 0.07868 0.07791 0.07778 0.07823 0.07797 0.07649 0.07342 0.06892 0.06364 0.05874 0.05505 0.05158 0.04754 0.04278 0.03728 0.03162 0.02608 0.02121 0.01732 0.01414 0.0114 0.00837 0.00632 0.00447 0.00447 0.00548 0.00837 0.01095 0.01378 0.01673 0.01949 0.02168 0.02302
0.05196 0.06253 0.07266 0.08093 0.0862 0.08843 0.08826 0.0866 0.08385 0.08068 0.07772 0.07483 0.07169 0.0687 0.06633 0.06527 0.06565 0.06663 0.06723 0.06745 0.06723 0.06641 0.06427 0.06173 0.05967 0.05865 0.05891 0.06025 0.06285 0.06663 0.07127 0.07635 0.08106 0.08408 0.0839 0.08258 0.08191 0.08099 0.07868 0.07503 0.07021 0.06504 0.06042 0.05683 0.05348 0.0495 0.04483 0.0395 0.03406 0.02915 0.0251 0.02191 0.01924 0.01703 0.01483 0.01265 0.01095 0.01 0.00949 0.01049 0.01183 0.01378 0.01612 0.01871 0.02121 0.02345 0.0253
0.04472 0.05683 0.06678 0.07409 0.07874 0.08161 0.08331 0.08337 0.0821 0.08044 0.07849 0.07616 0.07355 0.07127 0.07007 0.07029 0.07113 0.07176 0.07197 0.07176 0.07064 0.06848 0.06573 0.06325 0.06181 0.06181 0.06325 0.06618 0.07029 0.0753 0.08044 0.08491 0.08843 0.0895 0.08769 0.08532 0.08301 0.07994 0.07583 0.07099 0.06626 0.06213 0.05874 0.0555 0.05167 0.04701 0.04183 0.03701 0.03286 0.02966 0.0272 0.0251 0.02345 0.02168 0.02 0.01844 0.01732 0.01703 0.01703 0.01817 0.01975 0.02168 0.02387 0.02608 0.02828 0.0305 0.0324
0.04266 0.05385 0.06277 0.06935 0.07403 0.07759 0.08025 0.08161 0.08155 0.08093 0.07969 0.07785 0.0757 0.0745 0.07443 0.07523 0.07583 0.07603 0.07576 0.07483 0.07259 0.06979 0.06723 0.06557 0.06542 0.06686 0.07007 0.0745 0.07944 0.08438 0.0886 0.09187 0.09343 0.09214 0.08837 0.08432 0.08062 0.07635 0.07197 0.06775 0.06411 0.06099 0.05779 0.05385 0.04919 0.0445 0.04037 0.03701 0.0345 0.03271 0.0313 0.02983 0.02846 0.0272 0.02608 0.0255 0.0255 0.02627 0.02775 0.0295 0.03114 0.03302 0.03479 0.03661 0.0386 0.04062 0.04219
0.05196 0.05805 0.06395 0.06892 0.07321 0.07694 0.07987 0.08185 0.08276 0.0827 0.08155 0.07981 0.07836 0.0781 0.07874 0.07956 0.07987 0.07981 0.0788 0.07649 0.07362 0.0712 0.0695 0.06907 0.07036 0.07362 0.0781 0.08295 0.08758 0.0916 0.09439 0.09586 0.09508 0.09138 0.08608 0.0813 0.0772 0.07328 0.06971 0.06656 0.06356 0.06033 0.0563 0.05177 0.04743 0.04405 0.04147 0.03975 0.03847 0.03728 0.03606 0.03507 0.03435 0.03406 0.03435 0.03536 0.03674 0.03847 0.04025 0.04195 0.04359 0.04517 0.0469 0.04858 0.0503 0.05206 0.05357
0.06797 0.0687 0.07071 0.07348 0.07668 0.07975 0.08234 0.0845 0.08573 0.08538 0.0839 0.08228 0.08161 0.0821 0.08301 0.08355 0.08349 0.08228 0.07969 0.07655 0.07396 0.07246 0.07204 0.07328 0.07662 0.08112 0.08585 0.09033 0.09413 0.09659 0.09747 0.09685 0.09402 0.08871 0.08295 0.07861 0.07523 0.07225 0.06957 0.06671 0.06332 0.05925 0.05495 0.05119 0.04848 0.04658 0.04517 0.04416 0.04324 0.04243 0.04183 0.04183 0.04254 0.04393 0.04561 0.04764 0.0497 0.05167 0.05339 0.05505 0.05648 0.05797 0.05958 0.06124 0.06285 0.06442 0.06588
0.08526 0.08252 0.08167 0.08216 0.08361 0.08556 0.08735 0.0886 0.08905 0.08809 0.08608 0.08473 0.08479 0.08556 0.08608 0.08591 0.08444 0.08161 0.07823 0.0755 0.07423 0.07423 0.07596 0.07944 0.08414 0.08905 0.09343 0.0968 0.09869 0.09879 0.09757 0.09539 0.09143 0.08567 0.08081 0.07765 0.07537 0.07314 0.07043 0.06686 0.06301 0.05916 0.05612 0.05385 0.05215 0.05099 0.0498 0.04909 0.04858 0.04879 0.0497 0.05148 0.05376 0.05621 0.05865 0.06099 0.06317 0.06519 0.06678 0.06819 0.06964 0.07113 0.07273 0.07423 0.07576 0.07733 0.07887
0.10227 0.09726 0.09407 0.09241 0.09192 0.09214 0.09236 0.0922 0.09121 0.0895 0.08758 0.08678 0.08706 0.08746 0.08718 0.08562 0.0827 0.07931 0.07675 0.07576 0.07662 0.07899 0.08301 0.08792 0.09268 0.0967 0.0993 0.10025 0.09965 0.09803 0.09581 0.09322 0.08916 0.08432 0.08087 0.07912 0.07727 0.07463 0.07127 0.0679 0.06488 0.06245 0.0605 0.05882 0.05718 0.05595 0.05495 0.05486 0.05577 0.05771 0.0605 0.06356 0.06671 0.06964 0.07239 0.0749 0.07714 0.07893 0.08031 0.08173 0.08319 0.08468 0.0862 0.08775 0.08939 0.09116 0.0929
0.11862 0.11149 0.10607 0.10208 0.0993 0.09731 0.09576 0.09397 0.09187 0.08983 0.08877 0.08854 0.08877 0.08849 0.08695 0.08396 0.08068 0.07849 0.0781 0.07956 0.08264 0.08712 0.09209 0.09644 0.09965 0.10129 0.10134 0.10015 0.09834 0.09628 0.09413 0.09187 0.08871 0.08544 0.08331 0.08167 0.07937 0.07668 0.07416 0.07204 0.07029 0.06856 0.06678 0.06488 0.06301 0.06181 0.06156 0.06277 0.06542 0.06907 0.07308 0.07701 0.08062 0.08396 0.08695 0.08944 0.09138 0.09284 0.09418 0.0956 0.09706 0.09854 0.1001 0.10169 0.1033 0.10493 0.10654
0.13387 0.12462 0.11696 0.11086 0.10597 0.10198 0.09854 0.09539 0.09236 0.09033 0.08983 0.09 0.08955 0.08786 0.08497 0.08198 0.08037 0.08075 0.08283 0.08649 0.09127 0.09592 0.09955 0.10183 0.10257 0.10193 0.10045 0.09874 0.09685 0.09503 0.0937 0.09279 0.09099 0.08849 0.08654 0.08479 0.08307 0.08155 0.08037 0.07925 0.07791 0.07629 0.0745 0.07259 0.07092 0.07007 0.07057 0.0728 0.07668 0.08161 0.08678 0.0916 0.09576 0.09925 0.10208 0.10421 0.10574 0.10696 0.10817 0.10941 0.11072 0.11203 0.11336 0.11467 0.11602 0.11747 0.11895
0.14495 0.13416 0.12522 0.11798 0.11185 0.10635 0.10129 0.09685 0.09317 0.09116 0.09088 0.09066 0.08877 0.08573 0.08319 0.08222 0.08325 0.08585 0.08944 0.09375 0.09788 0.1008 0.10208 0.10213 0.10134 0.1 0.09839 0.09675 0.09545 0.09487 0.09524 0.09566 0.09429 0.09187 0.09033 0.08955 0.08899 0.08854 0.08798 0.08724 0.08626 0.08515 0.08408 0.08325 0.08246 0.08149 0.08093 0.08283 0.08826 0.0955 0.10232 0.10789 0.11221 0.11541 0.1176 0.119 0.12 0.12079 0.12161 0.12252 0.12341 0.12438 0.12546 0.12657 0.12783 0.12923 0.13073
0.1501 0.13864 0.12931 0.12174 0.1152 0.10895 0.1031 0.09798 0.09423 0.0922 0.09143 0.09 0.08758 0.08538 0.08503 0.08631 0.0886 0.09154 0.09487 0.09803 0.1002 0.1008 0.1004 0.0995 0.09834 0.09695 0.09571 0.09508 0.09539 0.0967 0.09834 0.09899 0.09752 0.0955 0.09487 0.09497 0.09508 0.09503 0.09487 0.09466 0.09466 0.09518 0.09618 0.09757 0.09859 0.09874 0.09762 0.1001 0.10747 0.11619 0.12296 0.12763 0.13069 0.13263 0.13357 0.13394 0.13409 0.13424 0.1345 0.13491 0.13539 0.13601 0.13686 0.13788 0.13907 0.14043 0.14199
0.14987 0.13921 0.13008 0.12198 0.11463 0.10794 0.10198 0.09701 0.09386 0.09225 0.09099 0.08972 0.08888 0.08883 0.08978 0.09121 0.09295 0.09513 0.09737 0.09889 0.0993 0.09869 0.09767 0.09649 0.09539 0.09482 0.09513 0.09649 0.09869 0.101 0.10266 0.10286 0.10139 0.09995 0.0997 0.10015 0.10065 0.10114 0.10178 0.10291 0.10488 0.1077 0.11127 0.1152 0.11954 0.12438 0.12996 0.13638 0.1429 0.1467 0.14853 0.14973 0.1503 0.1502 0.14953 0.14863 0.14768 0.14694 0.14649 0.14629 0.14639 0.14673 0.14734 0.14829 0.14943 0.15086 0.15248
0.14453 0.13565 0.12736 0.11933 0.11171 0.10459 0.09829 0.09343 0.09099 0.09039 0.09022 0.09066 0.09176 0.09263 0.09311 0.09386 0.09508 0.09649 0.09757 0.09778 0.09721 0.09612 0.09508 0.09455 0.09497 0.0967 0.09935 0.10237 0.10493 0.10672 0.10784 0.10784 0.10649 0.1054 0.10559 0.1064 0.10733 0.10872 0.11077 0.11375 0.1176 0.12215 0.12716 0.13282 0.13936 0.14738 0.15719 0.16583 0.17117 0.17135 0.17012 0.1692 0.16808 0.1664 0.16426 0.1619 0.15975 0.15802 0.15688 0.15617 0.15592 0.15611 0.15665 0.15758 0.15878 0.16025 0.16196
0.13461 0.12689 0.11942 0.11225 0.10555 0.0993 0.0937 0.08989 0.08849 0.08866 0.08939 0.09055 0.09198 0.09295 0.0937 0.09497 0.09623 0.09701 0.09706 0.09659 0.09576 0.09539 0.09607 0.09798 0.10095 0.10455 0.10798 0.11059 0.11225 0.11323 0.11397 0.11406 0.113 0.11221 0.11261 0.1138 0.11554 0.11819 0.12178 0.12598 0.13054 0.13543 0.14068 0.14646 0.15294 0.16012 0.16745 0.17404 0.17869 0.18122 0.18235 0.18276 0.18213 0.17989 0.1763 0.17231 0.16888 0.16637 0.1648 0.16389 0.16362 0.16383 0.1645 0.1655 0.16682 0.16837 0.17026
0.12166 0.11437 0.10728 0.10045 0.09429 0.08899 0.0855 0.0845 0.08544 0.08678 0.08781 0.0886 0.08983 0.09138 0.09274 0.09397 0.09492 0.09545 0.09597 0.09675 0.09813 0.10055 0.10387 0.1078 0.11162 0.1148 0.11709 0.11845 0.11929 0.12 0.12079 0.12095 0.11996 0.11929 0.12 0.12186 0.12474 0.12853 0.13278 0.13719 0.1416 0.14612 0.1509 0.15601 0.1614 0.16697 0.17237 0.17709 0.18083 0.18366 0.18625 0.18939 0.19092 0.18828 0.18298 0.17706 0.17315 0.17082 0.16959 0.16909 0.1692 0.16976 0.1707 0.17193 0.17346 0.1753 0.17737
0.10672 0.09945 0.0923 0.08585 0.08019 0.07622 0.07497 0.07609 0.07804 0.07987 0.08185 0.0839 0.08637 0.08883 0.09039 0.09132 0.09241 0.09429 0.09701 0.10045 0.1045 0.10909 0.11362 0.11752 0.12058 0.12272 0.12418 0.12518 0.12602 0.12669 0.1274 0.12759 0.12673 0.12641 0.12791 0.13081 0.1345 0.13853 0.14258 0.14663 0.15067 0.15466 0.15871 0.16288 0.16703 0.17103 0.1745 0.17723 0.17908 0.18019 0.18086 0.18114 0.17975 0.17678 0.17421 0.17234 0.17138 0.17114 0.17138 0.17196 0.17286 0.17401 0.17536 0.177 0.17889 0.18097 0.18336
0.09011 0.08355 0.07765 0.07273 0.06899 0.06708 0.06738 0.0687 0.06957 0.07064 0.07294 0.07603 0.07987 0.08385 0.08718 0.09028 0.09397 0.09844 0.10325 0.10789 0.11225 0.11619 0.11958 0.12243 0.1247 0.12653 0.12806 0.12954 0.13077 0.13183 0.13285 0.13345 0.13334 0.13405 0.13664 0.14014 0.14374 0.14738 0.15106 0.15469 0.1583 0.16171 0.16502 0.16817 0.17108 0.17349 0.17513 0.17593 0.17573 0.17444 0.1717 0.16688 0.16103 0.15786 0.15969 0.16398 0.16718 0.16959 0.17161 0.17344 0.17524 0.17706 0.17897 0.18105 0.18325 0.18563 0.18823
0.07609 0.07176 0.06848 0.06603 0.06419 0.06317 0.0634 0.0638 0.06372 0.06465 0.06723 0.07106 0.07563 0.08106 0.08666 0.09209 0.09783 0.10373 0.109 0.1134 0.11718 0.12037 0.12288 0.12478 0.12633 0.12783 0.12934 0.13084 0.1324 0.13379 0.13528 0.13682 0.13806 0.14004 0.14332 0.14704 0.15067 0.15427 0.15783 0.16134 0.16462 0.16769 0.17035 0.1726 0.17427 0.17527 0.17556 0.17504 0.17367 0.1712 0.16748 0.16263 0.15808 0.15614 0.15789 0.16183 0.1658 0.16923 0.17216 0.17476 0.1772 0.17956 0.18188 0.18428 0.18679 0.18937 0.19215
