data/pm10_aspect_horn_modal.asc
ncols	541
nrows	200
xllcorner	12.09692
yllcorner	48.55814
cellsize	0.0125
NODATA_value	-9999.0
[rows 81 to 107 of 200, columns 60 to 119 of 541]
201.77662 200.61924 199.40801 198.36809 197.54131 197.04456 196.85778 196.31633 195.19964 193.87496 192.53194 191.28404 190.44008 190.23324 190.4882 191.09898 192.42136 194.1517 194.82893 193.92022 192.57091 191.35108 190.28079 189.39271 188.79683 188.40894 188.0772 187.85432 187.64862 187.53002 187.49565 187.48247 187.56268 187.70879 187.96146 188.31326 188.72922 189.10107 189.3675 189.61559 189.84878 190.15875 190.66467 191.50005 192.76686 194.65876 197.38089 201.07761 205.75065 211.49971 218.24629 225.91991 233.95164 241.93294 249.21237 255.47881 260.46583 264.33903 267.05427 268.85107
200.47658 199.42463 198.17271 196.85949 195.66087 194.88909 194.59746 194.19524 193.44638 192.52335 191.50578 190.47102 189.63106 189.15207 188.9544 189.11425 190.10432 191.96242 193.42862 193.15991 192.01743 190.85089 189.77373 188.85814 188.22559 187.77697 187.43663 187.1364 186.87685 186.72731 186.58693 186.52276 186.54683 186.59094 186.77372 187.08254 187.67269 188.33617 189.06383 189.79378 190.4481 191.06517 191.72064 192.53595 193.52144 194.94467 197.01648 200.01019 204.1372 209.60437 216.54117 224.61128 233.19877 241.88653 249.62948 256.22824 261.42783 265.25289 267.8335 269.3696
199.29972 198.56691 197.49376 196.24815 194.94238 193.87668 193.23324 192.63107 191.87075 191.12419 190.41658 189.62189 188.89595 188.42957 188.08808 187.92766 188.35967 189.68205 191.30524 191.72808 191.07033 190.13583 189.14404 188.24336 187.57242 187.1003 186.72502 186.38296 186.1068 185.86157 185.68453 185.57796 185.51493 185.53097 185.60374 185.78193 186.22597 186.84305 187.61883 188.57281 189.64538 190.92881 192.21567 193.53176 195.06843 196.68245 198.63738 201.20538 204.59958 209.25257 215.63819 223.49745 232.62753 241.97763 250.46772 257.38446 262.67172 266.4309 268.64939 269.78556
197.95843 197.59689 196.91106 195.8975 194.72179 193.63775 192.82071 191.96472 190.90589 190.00921 189.30734 188.69427 188.13335 187.71623 187.40111 187.19484 187.35011 188.16142 189.37609 189.95077 189.60986 188.99107 188.27831 187.49966 186.86482 186.40301 185.96699 185.61692 185.29033 185.02104 184.80847 184.65664 184.54205 184.46011 184.45496 184.54434 184.83712 185.28575 185.86673 186.67632 187.71623 189.10165 190.76552 192.89463 195.281 198.08963 201.15782 204.59385 208.49913 213.0679 218.7843 225.71938 234.15446 243.27595 251.78495 259.01453 264.24277 267.67479 269.45439 269.99985
196.55869 196.41373 196.07053 195.43799 194.54474 193.61197 192.87515 191.99566 190.77812 189.60871 188.64672 187.8927 187.3398 186.96108 186.71127 186.51703 186.59438 187.17937 188.16314 188.6387 188.30294 187.71165 187.0814 186.48151 186.00538 185.61119 185.21126 184.84915 184.50595 184.21202 183.96508 183.7422 183.57203 183.46202 183.42134 183.42306 183.52218 183.83616 184.26703 184.84514 185.61462 186.70153 188.14194 190.1513 192.93645 196.47676 200.99453 206.71838 213.15384 220.21154 227.86224 235.21673 242.3936 249.68506 256.44424 262.10449 266.32719 268.91925 269.99985 269.52659
195.38585 195.26495 195.02259 194.66163 194.13623 193.47732 192.93588 192.21166 191.0646 189.79034 188.62494 187.64347 186.84419 186.33197 186.02658 185.83521 185.86443 186.3228 187.20516 187.75405 187.51169 186.83617 186.07414 185.39977 184.94484 184.64403 184.35927 184.0367 183.73647 183.41848 183.14002 182.90453 182.71546 182.54529 182.42955 182.34189 182.37168 182.50747 182.77791 183.10622 183.70209 184.4498 185.48915 187.02582 189.30619 192.54455 197.11561 203.89771 212.98081 224.16953 236.22227 246.71771 255.06857 260.96717 265.10106 267.70916 269.52429 269.99985 269.37704 267.87876
194.43932 194.30926 194.08982 193.79131 193.40742 193.00177 192.72904 192.33255 191.38488 190.16964 188.98247 187.88125 186.89003 186.13315 185.60087 185.27543 185.18433 185.51665 186.25806 186.93128 186.9055 186.31134 185.5728 184.73284 184.07967 183.66657 183.39556 183.16007 182.92058 182.64728 182.39747 182.12302 181.91446 181.71622 181.56439 181.46698 181.39536 181.40396 181.51568 181.70992 182.0153 182.41122 183.10622 184.15358 185.76245 188.40894 192.59783 199.31634 210.52167 226.93061 245.19078 259.6952 267.0537 269.99985 269.65894 267.4966 264.51894 261.2336 258.54757 256.5468
193.64749 193.52259 193.31231 193.04474 192.68378 192.32854 192.18473 192.06613 191.47598 190.45268 189.36463 188.26971 187.23438 186.32452 185.61291 185.08693 184.81134 184.89556 185.42727 186.06726 186.20878 185.78365 185.1872 184.42918 183.66198 183.06267 182.64269 182.31439 182.07203 181.86061 181.64689 181.42745 181.23379 181.04414 180.86194 180.72443 180.60124 180.54051 180.56687 180.6001 180.7124 180.95189 181.29452 181.94139 183.1595 185.47711 190.09745 200.77222 222.33721 252.58193 268.15263 269.2361 262.32107 252.05768 241.75589 233.72818 228.07309 225.32175 224.72071 226.0007
192.90265 192.87457 192.69696 192.42767 192.08962 191.72808 191.56193 191.54932 191.18377 190.42002 189.53194 188.58312 187.59248 186.66199 185.83349 185.20095 184.78555 184.67841 184.94255 185.44388 185.62093 185.24392 184.68013 184.09915 183.42306 182.79625 182.24105 181.80446 181.44922 181.17363 180.95132 180.78001 180.6339 180.45743 180.33998 180.19215 180.08787 180.05178 180.00021 180.00021 180.00021 180.00021 180.00021 180.26033 180.41847 182.2909 188.88048 232.12505 269.99985 248.19881 222.08912 209.93153 204.44374 201.67864 200.32302 199.86523 200.19239 201.43342 203.29782 205.23786
191.99107 192.17213 192.13775 191.92289 191.59516 191.23821 191.02392 191.0073 190.76036 190.12667 189.3824 188.61578 187.80103 186.94045 186.09476 185.40206 184.89442 184.65893 184.79988 185.17345 185.38945 185.01015 184.30943 183.6849 183.08731 182.51435 181.99697 181.52084 181.1043 180.74735 180.47176 180.2844 180.14517 180.06667 180.00021 180.00021 180.11137 180.27294 180.51874 180.91121 181.42 181.87035 183.05293 184.34323 187.35241 201.80126 224.99974 180.00021 181.19368 181.82795 183.05293 184.00977 184.86462 185.83922 186.89117 188.14653 189.73362 191.58484 193.51571 195.26896
190.96777 191.26227 191.41697 191.40207 191.19008 190.85146 190.59248 190.54951 190.3908 189.83675 189.1068 188.39232 187.6893 186.9754 186.22253 185.53441 184.99297 184.70763 184.72654 185.04339 185.34247 185.09323 184.32948 183.54739 182.8375 182.25251 181.7357 181.2378 180.77829 180.43222 180.1658 180.03058 180.00021 180.11709 180.36805 180.78344 181.55178 182.67822 184.40855 187.306 192.09478 201.43112 220.91455 255.57907 269.99985 235.17547 196.79819 184.76378 181.30197 180.2271 180.00021 180.41217 181.02294 181.74773 182.64097 183.84991 185.24564 186.73304 188.2869 189.72903
190.02812 190.30199 190.51857 190.66238 190.65207 190.47102 190.22923 190.14557 190.05447 189.59496 188.88851 188.18148 187.47215 186.78289 186.10909 185.45305 184.93051 184.6194 184.5919 184.87322 185.29205 185.31325 184.68242 183.74965 182.89078 182.14078 181.52485 180.9708 180.48894 180.15491 180.00021 180.07527 180.33998 180.97539 181.95113 183.49812 185.99507 189.93816 196.78272 209.08068 229.62008 254.83538 268.87685 266.30886 243.71885 214.63379 196.42519 187.60909 183.51645 181.36958 180.30445 180.00021 180.07355 180.39326 181.07623 181.94254 182.96641 184.1278 185.31669 186.53136
189.22884 189.46719 189.64939 189.80753 189.90092 189.87628 189.78461 189.75539 189.76284 189.41219 188.72922 188.00787 187.2911 186.59209 185.88735 185.21527 184.66122 184.36386 184.31974 184.60736 185.09954 185.47711 185.08521 184.11577 183.04892 182.11271 181.36958 180.78173 180.30273 180.04032 180.08787 180.53249 181.47844 183.05981 185.66504 189.77258 196.37592 206.63587 222.80302 243.32408 261.01358 269.46471 267.1935 253.61039 231.21175 210.62996 197.3637 189.62361 185.15053 182.55217 181.07966 180.35258 180.05235 180.04834 180.40529 181.0195 181.77237 182.6129 183.56974 184.56153
188.52812 188.73495 188.9034 189.03232 189.1005 189.14061 189.13201 189.2065 189.35948 189.21108 188.60776 187.86005 187.17651 186.47521 185.76359 185.03708 184.3736 183.96393 183.84075 184.04701 184.55694 185.20611 185.26054 184.39594 183.21565 182.10698 181.20228 180.55025 180.1085 180.00021 180.44483 181.73799 183.96909 187.73686 193.67385 202.78961 216.65003 234.50339 251.84454 263.66007 269.36673 269.05848 262.51244 248.81875 229.97474 212.00563 199.26592 191.4353 186.56459 183.66657 181.89326 180.78402 180.20075 180.00021 180.14288 180.51014 181.07623 181.75862 182.52123 183.36118
188.04511 188.14194 188.26685 188.35565 188.41811 188.43587 188.41066 188.44561 188.64672 188.80715 188.48457 187.84286 187.15817 186.45343 185.7126 184.91046 184.09571 183.4964 183.23971 183.28727 183.67688 184.3226 184.81191 184.36787 183.20419 181.94139 180.93585 180.29643 180.00021 180.2781 181.66007 184.62914 190.03786 198.57321 211.13015 227.28126 244.2305 257.53343 265.70782 269.54607 269.57586 265.95133 258.17629 245.5993 229.62409 213.92733 201.71016 193.4057 188.07548 184.69388 182.53841 181.16618 180.38753 180.03058 180.02943 180.28669 180.69693 181.24869 181.90931 182.67191
187.83942 187.77525 187.78212 187.8165 187.80733 187.78155 187.74947 187.73743 187.88755 188.19866 188.17403 187.74947 187.14442 186.41963 185.63124 184.78212 183.82986 183.05293 182.64498 182.51149 182.65988 183.15778 183.78689 183.77829 182.76645 181.48016 180.49582 180.00021 180.26664 181.73112 185.41409 192.92958 205.59767 223.30551 241.18924 254.65604 263.27447 267.80141 269.81249 269.66811 267.17574 262.03459 253.48549 241.25628 226.97186 213.37214 202.37765 194.50865 189.12686 185.51493 183.05981 181.46355 180.53363 180.1085 180.00021 180.15434 180.50441 180.98799 181.55006 182.20782
187.66811 187.56383 187.43319 187.32376 187.25443 187.17593 187.12093 187.10546 187.19943 187.46929 187.56956 187.27219 186.75768 186.14919 185.43013 184.59705 183.60641 182.59342 182.01874 181.7208 181.68471 181.96832 182.42497 182.72176 182.10469 180.77428 180.00021 180.36289 182.22844 187.29855 197.87879 216.46898 238.41612 254.12892 262.65969 267.15912 269.23438 269.99985 269.48763 267.53499 263.82222 257.76663 248.75973 236.7385 223.23847 210.77377 200.93552 193.83714 188.90684 185.46967 183.07929 181.53345 180.61729 180.15262 180.00021 180.09819 180.36117 180.77485 181.28077 181.85029
187.35126 187.25214 187.10603 186.8992 186.73075 186.54339 186.4013 186.28269 186.25863 186.505 186.74736 186.57891 186.11195 185.53842 184.87207 184.1702 183.24487 182.17688 181.38161 180.97997 180.83272 180.81209 181.10602 181.39021 181.04185 180.21163 180.25575 182.84667 189.65971 203.85989 226.92202 249.44384 261.87015 267.2296 269.33178 269.87724 269.99985 269.48934 268.29301 265.97368 261.97156 255.62434 246.25934 233.9419 220.32498 208.0104 198.56748 191.95956 187.46184 184.44121 182.47367 181.24181 180.51129 180.1423 180.00021 180.07183 180.25862 180.59781 181.0281 181.54032
187.03785 186.90149 186.73132 186.48896 186.22196 185.92574 185.62379 185.35164 185.14537 185.19923 185.44732 185.47941 185.13449 184.577 183.99545 183.30675 182.54758 181.58329 180.7061 180.27409 180.10907 180.00021 180.00021 180.00021 180.00021 180.00021 183.27065 193.36044 215.2566 240.87583 257.35811 265.20591 268.4013 269.60508 269.99985 269.88927 269.58503 269.11692 268.14117 266.37016 263.19426 257.69272 248.83651 235.98449 220.71402 206.63014 196.28596 189.58522 185.46795 183.00939 181.58387 180.7674 180.2907 180.06438 180.00021 180.04433 180.19731 180.43165 180.78115 181.23895
186.69751 186.50901 186.28327 186.02887 185.72635 185.40378 185.04109 184.63028 184.22291 183.98914 183.99373 183.96393 183.67688 183.12455 182.58253 182.05942 181.4475 180.72271 180.10793 180.00021 180.16637 180.65625 180.9095 181.34265 182.17459 186.20363 206.56483 242.0206 261.17974 267.48285 269.55924 269.99985 269.99985 269.99985 269.86349 269.79473 269.69274 269.54148 269.18396 268.4987 266.93796 263.44235 256.22136 243.37106 225.17564 206.99856 194.16888 187.00233 183.39728 181.66293 180.80178 180.35373 180.13772 180.02026 180.00021 180.02026 180.11881 180.28898 180.54395 180.97309
186.33082 186.06726 185.82662 185.53842 185.23303 184.86405 184.47272 184.05331 183.57661 183.17039 182.90912 182.78765 182.38372 181.80159 181.22176 180.71985 180.26091 180.00021 180.13428 181.38047 183.29758 186.3016 191.42098 201.41279 223.45161 257.47098 269.99985 268.69809 266.81993 266.14957 266.72941 267.1998 268.09075 268.91238 269.45153 269.79473 269.92422 269.99985 269.99985 269.97006 269.84916 268.94102 265.14919 255.2141 236.37353 211.02817 191.83294 183.87111 181.46985 180.63505 180.30502 180.16408 180.08444 180.04204 180.00021 180.00021 180.03688 180.14001 180.33482 180.69464
186.24201 185.66275 185.35851 185.04797 184.69675 184.32719 183.90377 183.42134 182.93948 182.42783 182.07088 181.87894 181.55121 180.97424 180.44196 180.08501 180.00021 180.48837 181.8331 185.31898 191.73496 202.33525 220.38915 246.80136 266.69789 267.56363 251.56493 241.92778 242.61247 246.3705 250.0168 254.18106 258.78707 263.28994 266.94713 269.19943 269.91734 269.94141 269.87666 269.88297 269.96032 269.87036 268.60756 265.40931 258.64669 239.57694 199.67157 182.43127 180.59953 180.31935 180.2632 180.25117 180.20705 180.1658 180.10735 180.05865 180.00021 180.01683 180.1234 180.39097
186.87055 185.58483 184.954 184.54434 184.13181 183.7336 183.2781 182.79567 182.28345 181.74315 181.2865 180.9582 180.73818 180.34227 180.00021 180.1148 180.81438 182.61003 186.22941 193.55353 206.56483 223.91915 243.8386 261.17974 269.48361 266.56611 251.17532 234.21119 228.36644 229.24536 232.09869 235.93579 241.91346 249.99847 258.61862 265.6786 269.48075 269.93339 269.79072 269.91505 269.99985 269.99985 269.94026 269.67212 269.23037 268.53537 267.82834 267.57051 198.24261 185.04568 182.79453 181.89957 181.41656 181.05732 180.73875 180.46717 180.22366 180.04949 180.00021 180.1085
187.98381 186.05695 184.80905 184.13238 183.63219 183.11596 182.62321 182.10984 181.57413 181.01263 180.57603 180.25002 180.09876 180.00021 180.14173 181.36385 183.77257 188.90455 198.22886 213.58413 233.50473 249.7584 261.30063 267.91199 269.99985 266.6532 256.41731 240.06853 228.01293 223.63152 223.1193 223.76158 225.4329 229.39891 236.10367 246.35102 258.60888 266.99984 269.46471 269.97063 269.68931 267.70859 263.68528 258.85467 253.42647 243.47821 228.40541 226.64642 258.28917 264.47253 217.58968 194.77049 187.64232 184.6108 182.97845 181.90415 181.12722 180.57489 180.19215 180.00021
188.77105 186.81554 184.90473 183.71298 183.03918 182.49372 181.92993 181.34093 180.87225 180.41732 180.09704 180.00021 180.13887 180.69635 181.98265 185.90626 193.50998 207.7795 228.53203 248.28246 260.88237 266.79071 269.54549 269.99985 268.26436 263.76148 254.9408 241.82121 228.44723 220.74095 218.07268 216.1739 214.18173 212.69548 212.28638 213.17504 217.46879 232.56622 252.24561 264.6891 269.93854 266.4859 261.84494 260.53172 259.01052 256.91006 255.22499 257.75345 265.62245 269.85718 257.02808 227.21652 204.76975 193.9185 188.50405 185.49258 183.55255 182.24334 181.24582 180.47176
189.11654 187.4859 185.33731 183.43337 182.37168 181.70132 181.13982 180.64937 180.18757 180.00021 180.13199 180.80694 182.26569 184.69503 189.96395 201.70557 222.81448 245.97974 260.90987 267.87876 269.99985 269.78384 268.90894 266.79186 263.28994 257.54547 248.92417 237.50111 224.88057 215.52016 211.07572 209.27664 207.50276 205.36677 203.42215 202.34614 202.8618 207.59844 217.40118 229.29005 241.08095 255.09321 265.76512 268.9479 269.87666 269.96604 269.76608 269.87552 269.91047 267.62093 259.34856 242.80383 222.79729 207.19279 197.50808 191.75788 188.12475 185.6639 183.85794 182.33501
189.34515 187.91047 185.98533 183.65625 181.93795 180.9496 180.45056 180.10392 180.00021 180.43279 181.58157 183.97539 189.03289 197.5459 212.90518 237.42605 258.02389 267.43644 269.99985 269.20802 267.14881 265.23628 263.64288 261.47596 257.61594 251.64916 243.37622 232.85041 221.37235 211.55414 205.63492 203.30699 202.24071 201.1647 200.16432 199.66527 200.11676 201.62364 203.93953 206.16548 207.82419 212.3878 227.69436 244.88138 255.58881 261.6593 264.50117 265.10049 263.8778 260.47614 253.96505 243.62488 230.3907 217.27283 206.81349 199.30717 194.16201 190.55639 187.86406 185.5304
