data/pm10_aspect_sharpnack_modal.asc
ncols	541
nrows	200
xllcorner	12.09692
yllcorner	48.55814
cellsize	0.0125
NODATA_value	-9999.0
[rows 54 to 80 of 200, columns 60 to 119 of 541]
181.03726 180.67802 180.4179 180.22596 180.10449 180.03745 180.00594 180.00021 180.01683 180.04376 180.05865 180.06725 180.06553 180.04376 180.01855 180.00021 180.00823 180.06782 180.22882 180.57431 181.23494 182.30809 183.78288 185.71145 188.22903 191.35566 195.0988 199.44583 204.3343 209.65708 215.27264 221.00279 226.63611 231.99384 236.94133 241.35311 245.01201 247.3388 245.38157 242.99291 246.24846 250.73644 255.24218 259.26606 262.57775 265.07929 266.77467 267.8249 268.45 268.8505 269.16849 269.45898 269.72025 269.9225 269.99985 269.90646 269.59935 269.04473 268.20305 267.06745
181.39078 180.96106 180.62302 180.38008 180.21049 180.09876 180.03688 180.00537 180.00021 180.00995 180.01912 180.02313 180.01797 180.00422 180.00021 180.01224 180.06667 180.19158 180.43967 180.89861 181.66007 182.72405 184.06535 185.81172 188.07548 190.90875 194.36484 198.46836 203.22792 208.6332 214.62462 221.04977 227.71556 234.45985 241.152 247.73471 254.16387 260.0894 261.598 261.0789 260.01778 260.64288 262.22653 264.11443 265.8883 267.34877 268.41104 269.13411 269.58446 269.83828 269.96834 269.99985 269.94313 269.78728 269.48763 269.05447 268.42479 267.60374 266.57356 265.32165
181.74372 181.25785 180.85105 180.54223 180.32107 180.17439 180.08501 180.0323 180.00422 180.00021 180.00422 180.00422 180.00021 180.00021 180.01167 180.05407 180.14345 180.31591 180.63276 181.17306 181.97462 182.98704 184.24067 185.87761 187.98266 190.62228 193.86694 197.77795 202.42234 207.85914 214.08089 220.95294 228.2742 235.79885 243.25303 250.27578 256.37835 260.86404 263.40339 264.51664 264.97444 265.46145 266.22463 267.15798 268.09419 268.88831 269.46872 269.81937 269.98954 269.97865 269.83197 269.56956 269.20287 268.74736 268.18758 267.50576 266.67669 265.6998 264.58081 263.31229
182.07317 181.53975 181.07451 180.70323 180.42936 180.2483 180.13199 180.06266 180.02084 180.00422 180.00021 180.00021 180.00021 180.00766 180.03058 180.09074 180.20476 180.41159 180.77886 181.36672 182.16255 183.11825 184.31401 185.8673 187.85604 190.35012 193.42347 197.16374 201.6775 207.06903 213.33948 220.37024 227.93673 235.70202 243.24272 250.08613 255.78076 260.07336 263.01435 264.91542 266.16963 267.10985 267.90683 268.62418 269.22636 269.67326 269.92651 269.99985 269.88755 269.60565 269.18568 268.62704 267.95267 267.19522 266.38449 265.50328 264.54987 263.49449 262.35774 261.14536
182.39976 181.78784 181.26817 180.84131 180.51702 180.30101 180.16007 180.08157 180.03459 180.00766 180.00021 180.00021 180.00365 180.0111 180.04146 180.10564 180.23341 180.46545 180.87168 181.47329 182.23589 183.13945 184.28651 185.77391 187.66467 190.02353 192.94104 196.51114 200.87536 206.1374 212.2967 219.26902 226.83149 234.58189 242.08993 248.8749 254.56093 259.02255 262.34513 264.73895 266.45038 267.69484 268.60298 269.27678 269.72999 269.95573 269.98839 269.81135 269.44236 268.91524 268.22998 267.4267 266.49507 265.45572 264.37627 263.29624 262.22195 261.14135 260.05617 258.924
182.74296 181.99296 181.3925 180.9158 180.55999 180.31419 180.16064 180.07699 180.03344 180.00766 180.00021 180.00021 180.00021 180.00766 180.03459 180.09991 180.22882 180.48035 180.90434 181.49735 182.21355 183.07413 184.17707 185.59744 187.39251 189.63163 192.39272 195.79265 199.98441 205.05165 211.01155 217.80511 225.22721 232.91 240.42434 247.28551 253.15775 257.91961 261.62206 264.39919 266.44866 267.91887 268.93644 269.58446 269.9288 269.98782 269.79989 269.38564 268.7806 267.99908 267.07089 266.02868 264.89021 263.66981 262.40816 261.15739 259.93184 258.79451 257.73569 256.75536
183.13601 182.17459 181.43948 180.90205 180.52275 180.27409 180.12512 180.04949 180.01454 180.00365 180.00021 180.00021 180.00021 180.00365 180.01969 180.07641 180.20418 180.46373 180.88257 181.44865 182.12187 182.94178 183.99774 185.35106 187.04988 189.15379 191.75043 194.96931 198.9485 203.75619 209.43363 215.94415 223.14966 230.72818 238.28262 245.32657 251.48816 256.63274 260.73398 263.90702 266.26875 267.94923 269.08197 269.74259 269.98667 269.89271 269.50596 268.85279 267.97674 266.93911 265.76225 264.51321 263.19884 261.84781 260.4962 259.1784 257.90643 256.7078 255.62319 254.71276
183.62933 182.34533 181.4051 180.78058 180.39269 180.17038 180.05808 180.01396 180.00021 180.00365 180.00365 180.00422 180.00422 180.00021 180.00823 180.04719 180.16637 180.41904 180.81839 181.34781 181.9752 182.74353 183.74506 185.01416 186.5898 188.5327 190.93282 193.9248 197.61523 202.06539 207.34691 213.46267 220.31524 227.69952 235.27173 242.54543 249.08288 254.69099 259.30502 262.94273 265.70438 267.68739 269.0115 269.75233 269.99985 269.80504 269.25443 268.39729 267.28804 266.01321 264.60259 263.14785 261.67305 260.19826 258.7779 257.46754 256.22709 255.06341 254.00516 253.08442
184.32031 182.50003 181.2653 180.54338 180.18757 180.04204 180.00365 180.00365 180.01912 180.02829 180.03344 180.03001 180.01797 180.00479 180.00021 180.02313 180.1234 180.35315 180.72844 181.21775 181.79013 182.50977 183.43681 184.60565 186.04377 187.81134 190.00004 192.73534 196.09517 200.14197 204.9508 210.56407 216.97089 224.04634 231.55152 238.99538 245.94021 252.08289 257.26529 261.47309 264.72635 267.13105 268.7445 269.66639 269.99985 269.79645 269.14729 268.1492 266.87093 265.41791 263.85946 262.26435 260.70762 259.21908 257.79241 256.52675 255.38943 254.33117 253.37949 252.49599
185.52181 182.65759 180.95419 180.21736 180.01224 180.01683 180.06667 180.10907 180.12111 180.11366 180.09933 180.07813 180.05006 180.02026 180.00021 180.01568 180.09991 180.2993 180.63448 181.08081 181.60106 182.27485 183.12913 184.19426 185.49889 187.09457 189.08618 191.57797 194.60147 198.24147 202.57246 207.67694 213.57038 220.24362 227.56316 235.07521 242.3724 249.02959 254.84282 259.66083 263.49678 266.37704 268.3589 269.53575 269.98037 269.80619 269.09114 267.93949 266.50022 264.89823 263.22119 261.61289 260.09742 258.69711 257.44749 256.36632 255.43412 254.59932 253.84301 253.11364
188.46509 182.87589 180.37149 180.00308 180.1635 180.34742 180.4454 180.44024 180.36748 180.2695 180.20418 180.15033 180.09418 180.03573 180.00594 180.01224 180.09017 180.27237 180.5726 180.96507 181.43948 182.06229 182.85125 183.81095 184.9901 186.43224 188.23763 190.47159 193.17881 196.41201 200.27833 204.84366 210.18248 216.35266 223.32098 230.74708 238.25741 245.40506 251.85714 257.38446 261.88906 265.34686 267.80599 269.31688 269.95459 269.82051 269.02238 267.72234 266.08884 264.28288 262.53249 260.90816 259.48951 258.31438 257.3031 256.49409 255.88332 255.31895 254.81704 254.3455
199.19372 184.55924 180.00365 180.61499 181.17248 181.37531 181.30885 181.07909 180.76683 180.48665 180.32279 180.21278 180.11652 180.05063 180.00709 180.01454 180.11308 180.28955 180.56744 180.90663 181.32775 181.89154 182.61175 183.47749 184.53116 185.8249 187.45611 189.44829 191.84268 194.70059 198.08906 202.11008 206.84271 212.43879 218.88686 226.02075 233.49384 240.98068 248.04926 254.32831 259.65109 263.84514 266.95401 268.96566 269.89213 269.8675 269.01264 267.49488 265.57318 263.56152 261.6954 260.14268 258.9326 258.05884 257.45207 256.99829 256.69348 256.43565 256.17209 255.90451
248.84052 213.78925 180.00021 183.00824 183.73418 183.27696 182.56592 181.83654 181.16217 180.6614 180.37664 180.21679 180.10506 180.02771 180.00021 180.04376 180.17153 180.38008 180.6614 180.94674 181.30541 181.78784 182.41637 183.19674 184.13983 185.30007 186.76455 188.5241 190.61254 193.09975 196.04074 199.52318 203.62842 208.55184 214.33757 220.91971 228.13382 235.66822 243.15219 250.18983 256.35944 261.52867 265.51932 268.24431 269.70592 269.93625 269.06707 267.27945 265.00824 262.65453 260.69215 259.29528 258.47767 258.12301 258.00842 257.99237 258.0342 258.03821 257.97404 257.84168
269.0241 262.42363 234.53663 187.59477 186.21222 184.44579 183.04663 181.94254 181.10545 180.5703 180.28268 180.12454 180.0386 180.00021 180.02313 180.13256 180.30789 180.56687 180.86767 181.13467 181.42802 181.81018 182.32184 182.98704 183.82069 184.86348 186.16008 187.69561 189.50902 191.64214 194.16258 197.11618 200.59231 204.78637 209.80147 215.62959 222.16876 229.37657 236.90065 244.42359 251.48873 257.74199 262.89059 266.7105 269.14729 269.99985 269.30772 267.29606 264.40377 261.53153 259.46946 258.4685 258.36881 258.74352 259.28554 259.74104 260.06018 260.22863 260.23608 260.13638
266.89614 260.76377 254.58786 266.51684 186.66658 180.30331 180.776 180.6213 180.32565 180.13085 180.04433 180.00021 180.00021 180.04891 180.18184 180.38237 180.61499 180.94445 181.26817 181.5111 181.74487 182.03708 182.41408 182.90912 183.58349 184.50251 185.63812 186.96623 188.5264 190.33923 192.44371 194.908 197.77966 201.24319 205.43152 210.30681 215.94758 222.31429 229.32729 236.7809 244.35025 251.53342 258.0193 263.37474 267.31554 269.59248 269.85145 267.9309 264.24678 260.31228 258.03649 257.96659 259.15433 260.53745 261.65644 262.38982 262.78631 262.93471 262.88486 262.67458
268.21279 265.88315 264.77161 268.05408 265.46775 203.40496 182.93146 180.66599 180.27466 180.1635 180.16408 180.22137 180.26549 180.38982 180.65224 180.94903 181.24009 181.64403 181.96947 182.12531 182.30465 182.50977 182.73437 183.05923 183.54739 184.25901 185.20954 186.34572 187.66753 189.17269 190.90646 192.92442 195.22656 198.02718 201.39274 205.31119 209.84616 215.07039 220.98159 227.57118 234.62486 242.00628 249.28513 256.1039 262.05636 266.7317 269.53633 269.67899 266.23781 260.00059 257.16846 259.19272 262.13658 264.21985 265.33597 265.827 265.97368 265.87685 265.62532 265.25805
269.83083 269.35527 269.32662 269.99985 267.61405 246.86611 207.23805 189.89806 184.56726 182.58139 181.77982 181.45724 181.30426 181.30885 181.60392 181.95285 182.3247 182.82547 183.1022 183.13658 183.17898 183.24831 183.36061 183.49869 183.7697 184.25729 184.95171 185.83349 186.93185 188.15741 189.56861 191.17747 193.0201 195.20594 197.83811 200.8616 204.32399 208.30375 212.81121 217.90137 223.52724 229.67565 236.13919 242.90468 249.58307 255.98416 261.83291 266.6744 269.66238 269.27907 267.73953 267.98533 268.64423 269.01035 269.07796 268.95477 268.73992 268.41562 268.00538 267.50519
269.48934 269.7191 269.61769 268.84763 265.23628 253.77999 230.06641 207.35837 194.73325 188.58885 185.72807 184.34094 183.50442 183.13773 183.21737 183.45629 183.82413 184.44866 184.72769 184.61424 184.46928 184.34782 184.27333 184.26015 184.35354 184.59533 184.98724 185.55045 186.3165 187.2848 188.43243 189.69523 191.09554 192.79436 194.80028 197.08352 199.671 202.5736 205.77185 209.33622 213.19108 217.36565 221.83874 226.34448 230.79464 235.00817 238.71177 241.64875 243.79964 246.88329 256.53821 264.06 267.4244 268.99316 269.69504 269.95917 269.97922 269.83083 269.52659 269.10661
266.33407 266.44866 265.92784 264.22272 260.09341 251.37127 236.63824 219.62884 205.64466 196.5925 191.43817 188.65474 186.95191 185.96012 185.57108 185.47139 185.71375 186.33426 186.63048 186.41275 186.1406 185.84839 185.54014 185.31153 185.2422 185.29434 185.43071 185.66734 186.05695 186.6534 187.45439 188.42441 189.5222 190.79359 192.32912 194.04398 195.92557 198.01802 200.28349 202.66986 205.27624 207.91701 210.55605 213.07191 215.34999 217.16168 218.2354 218.43078 218.15404 219.20829 229.50606 244.78111 256.02541 262.66198 266.28135 268.26551 269.31459 269.83828 269.99985 269.88239
260.39364 259.99658 258.61747 256.07411 251.80615 244.90372 235.20126 223.83091 212.35227 203.20844 197.13222 193.29341 190.89328 189.43282 188.51494 187.89328 187.89672 188.39691 188.55161 188.22273 187.90416 187.52773 187.11234 186.70267 186.41505 186.27754 186.21165 186.19217 186.24832 186.44885 186.83101 187.44121 188.20554 189.15493 190.32663 191.62724 193.06766 194.58027 196.23268 197.98364 199.76897 201.62708 203.40496 205.17197 206.81636 208.33527 209.80662 211.4321 214.01213 218.83758 227.20678 237.96177 248.16958 256.06838 261.54185 265.13315 267.40091 268.80982 269.58446 269.94771
251.93793 251.27502 249.18544 245.73623 241.15429 235.67968 229.51809 222.41399 214.29804 206.87251 201.01974 197.03138 194.42385 192.79207 191.50177 190.45153 190.17823 190.54206 190.41716 189.80868 189.36349 188.99393 188.60203 188.17804 187.82796 187.55237 187.26474 187.06077 186.87742 186.76054 186.76111 186.92326 187.27678 187.88812 188.73495 189.75654 190.85719 192.07472 193.31976 194.70804 196.10491 197.58944 199.16737 200.75045 202.49396 204.35722 206.56483 209.43076 213.34693 218.82326 226.19551 234.84946 243.64551 251.31799 257.40853 261.9137 265.13429 267.28518 268.71127 269.56211
241.68829 241.10559 239.09451 235.52383 230.86454 225.98065 221.83931 217.7186 212.71667 207.4764 202.83946 199.17883 196.73287 195.32798 194.01533 192.71701 192.29531 192.54054 192.21567 191.29722 190.58045 190.04588 189.63908 189.30218 189.08102 188.85241 188.51322 188.13392 187.76665 187.47273 187.19083 187.01035 186.94618 187.14671 187.6068 188.32643 189.18358 190.15417 191.24451 192.35547 193.61025 194.96701 196.47447 198.13203 200.03884 202.29056 205.02529 208.47564 212.86622 218.4749 225.28336 232.94896 240.8088 248.11057 254.32315 259.28325 263.06477 265.79377 267.73208 268.97597
231.07997 230.67088 229.14853 226.4224 222.48503 218.20389 214.73005 211.81083 208.71342 205.61887 202.53407 199.80794 197.74128 196.66526 195.68436 194.44505 193.97179 194.17691 193.69849 192.56518 191.60604 190.82969 190.21662 189.84248 189.70726 189.68091 189.50386 189.2403 188.8547 188.37743 187.93625 187.56039 187.21146 187.03098 187.09801 187.41887 187.97693 188.72808 189.63392 190.68014 191.82148 193.12725 194.65876 196.39425 198.44945 200.92062 203.89542 207.61735 212.19586 217.80626 224.346 231.53547 238.92376 245.92703 252.14247 257.32144 261.43127 264.56534 266.86864 268.42135
221.34313 221.13686 220.14335 218.33567 215.67715 212.49036 209.55624 206.85131 204.2793 202.24931 200.55106 198.89063 197.58371 196.89788 196.32149 195.41564 195.06442 195.31194 194.82148 193.52603 192.35204 191.42556 190.61769 190.08255 189.86024 189.82013 189.82357 189.75654 189.5772 189.26494 188.84668 188.34878 187.87093 187.48877 187.23037 187.24297 187.42689 187.80504 188.43243 189.33427 190.44065 191.69199 193.19428 194.99681 197.14998 199.67616 202.84576 206.6777 211.34616 216.91244 223.329 230.33914 237.52059 244.4339 250.69117 256.02254 260.35353 263.72424 266.27333 268.06784
213.24437 213.17848 212.60552 211.4533 209.77969 207.807 205.82743 203.44564 200.88567 198.93074 197.61064 196.77985 196.21434 196.10777 195.98172 195.55372 195.48325 195.8488 195.43799 194.09325 192.84363 191.75788 190.8526 190.16334 189.79206 189.66085 189.57605 189.60012 189.6196 189.55371 189.39271 189.05409 188.65187 188.19523 187.82051 187.60623 187.51971 187.62055 187.89901 188.44217 189.28958 190.46471 191.92805 193.71109 195.88776 198.52795 201.68666 205.57877 210.28046 215.85591 222.24554 229.21442 236.41077 243.40831 249.76355 255.2565 259.73875 263.31458 266.00805 267.93147
207.40822 207.02319 206.54019 205.84576 204.78808 203.65477 202.60225 200.9252 198.65171 196.62745 195.14005 194.26113 194.01992 194.35166 194.70689 194.84211 195.23401 195.90838 195.64998 194.36083 193.00177 191.8507 190.82739 190.04473 189.59955 189.35088 189.17155 189.09534 189.05409 189.11769 189.16123 189.11081 188.99221 188.72292 188.50405 188.2932 188.11902 188.03193 188.03652 188.29148 188.80142 189.6196 190.83141 192.46376 194.56766 197.1941 200.40897 204.30451 209.01308 214.60514 221.04003 228.13611 235.47685 242.6606 249.27768 254.93392 259.63905 263.33234 266.08082 268.01512
203.81692 202.92196 202.12555 201.4254 200.69831 200.05717 199.56156 198.57207 196.91794 195.14463 193.5753 192.41793 191.8782 192.09707 192.63278 193.26075 194.23019 195.38413 195.44085 194.25712 192.91525 191.68855 190.63889 189.81097 189.26608 188.91486 188.68511 188.48228 188.3717 188.31956 188.36597 188.4416 188.52869 188.59916 188.61922 188.69542 188.73954 188.74641 188.73323 188.8123 189.01398 189.51418 190.32949 191.54703 193.35185 195.76457 198.90094 202.76612 207.53714 213.16702 219.73713 227.02916 234.68903 242.20395 249.08231 255.03419 259.85964 263.62856 266.46585 268.35775
