data/pm10_slope_sharpnack_max.asc
ncols	541
nrows	200
xllcorner	12.09692
yllcorner	48.55814
cellsize	0.0125
NODATA_value	-9999.0
[rows 30 to 59 of 200, columns 201 to 267 of 541]
1.04562 1.16372 1.27274 1.37792 1.47501 1.56281 1.64084 1.71444 1.78354 1.84489 1.89622 1.94277 1.98669 2.03005 2.0645 2.08566 2.09161 2.09039 2.08696 2.07411 2.05157 2.03207 2.00419 1.97216 1.93011 1.8795 1.82042 1.76339 1.70419 1.65187 1.59517 1.53057 1.45983 1.38697 1.31227 1.24009 1.17138 1.10842 1.05827 1.01637 0.98482 0.95971 0.9402 0.92544 0.9122 0.9009 0.8903 0.87839 0.86386 0.84731 0.82886 0.80859 0.78561 0.76309 0.74705 0.73393 0.72071 0.70612 0.69125 0.67857 0.66969 0.66343 0.66522 0.67588 0.69326 0.71688 0.74607
1.03094 1.15431 1.26793 1.3767 1.4782 1.57067 1.65179 1.72376 1.79287 1.85431 1.90895 1.95411 1.98947 2.02492 2.05472 2.07735 2.08697 2.08875 2.08748 2.07448 2.05673 2.03556 2.00769 1.97417 1.92846 1.87226 1.81019 1.74685 1.67558 1.6068 1.54093 1.46674 1.38461 1.2995 1.21416 1.13539 1.06193 0.99405 0.94128 0.90533 0.8819 0.86801 0.85894 0.85401 0.84946 0.84458 0.83964 0.83273 0.82259 0.80838 0.79096 0.77099 0.75073 0.7334 0.72283 0.71376 0.70536 0.69384 0.68236 0.67305 0.66734 0.66473 0.66515 0.67412 0.68925 0.7097 0.73532
1.01589 1.12572 1.24578 1.35975 1.46825 1.56742 1.65519 1.73055 1.79936 1.85884 1.91218 1.95575 1.99036 2.02474 2.0545 2.07639 2.08701 2.09107 2.09005 2.07917 2.06361 2.04073 2.01213 1.97578 1.92725 1.86622 1.80284 1.73406 1.65324 1.56798 1.48878 1.40641 1.31678 1.22283 1.12986 1.0389 0.95673 0.88876 0.83916 0.80903 0.79195 0.78542 0.78324 0.78516 0.78838 0.78918 0.78823 0.78462 0.77749 0.7654 0.74857 0.72955 0.71396 0.70464 0.69878 0.6949 0.68941 0.68133 0.67335 0.66749 0.66489 0.66515 0.66637 0.67281 0.68645 0.70483 0.72677
1.02499 1.11397 1.22643 1.33673 1.44281 1.54266 1.63337 1.71611 1.78879 1.85243 1.91001 1.95791 1.99546 2.02719 2.0542 2.07462 2.08725 2.09252 2.09332 2.086 2.07199 2.0477 2.01732 1.9771 1.92577 1.86155 1.79862 1.72542 1.63737 1.53965 1.44691 1.35897 1.26725 1.17046 1.07409 0.97817 0.88569 0.8096 0.75584 0.74051 0.73308 0.73104 0.73042 0.73215 0.73666 0.74028 0.74104 0.73818 0.73148 0.72033 0.70414 0.68974 0.68094 0.67713 0.67633 0.67595 0.67315 0.66808 0.66316 0.66035 0.6605 0.66299 0.66621 0.67092 0.68291 0.69916 0.71878
1.05013 1.1136 1.20228 1.30689 1.40973 1.51079 1.60134 1.68371 1.75669 1.82375 1.8836 1.93629 1.98049 2.01781 2.05055 2.07478 2.08949 2.09383 2.09234 2.08566 2.07173 2.05034 2.01979 1.97785 1.92199 1.85412 1.78906 1.71658 1.62763 1.52525 1.42272 1.32893 1.23937 1.14603 1.05315 0.9629 0.87689 0.80185 0.74469 0.72395 0.71416 0.70933 0.70545 0.70195 0.70136 0.70189 0.70086 0.69623 0.68758 0.67557 0.66278 0.65417 0.65177 0.65238 0.65535 0.65659 0.6558 0.65314 0.65094 0.65096 0.65364 0.65795 0.66255 0.6669 0.67778 0.69254 0.71077
1.08158 1.13884 1.19887 1.27231 1.36095 1.45376 1.54841 1.63619 1.71455 1.78825 1.85382 1.91089 1.95798 1.99661 2.03022 2.05666 2.07558 2.08602 2.08836 2.08102 2.0641 2.03837 2.00909 1.96991 1.9118 1.84077 1.76797 1.6977 1.61301 1.51417 1.41146 1.31587 1.22996 1.14326 1.05801 0.97781 0.90225 0.83383 0.77509 0.74523 0.72634 0.71287 0.70242 0.69193 0.68282 0.67618 0.66953 0.66046 0.64777 0.63583 0.62583 0.62432 0.62568 0.63056 0.63426 0.63658 0.63725 0.63644 0.63677 0.63946 0.64415 0.64969 0.65497 0.66036 0.67111 0.68514 0.70311
1.11241 1.1667 1.22062 1.27356 1.33408 1.40324 1.47854 1.56068 1.64334 1.72361 1.79666 1.8618 1.91715 1.96346 2.00418 2.03388 2.05249 2.06143 2.06381 2.06196 2.04321 2.01373 1.97792 1.94313 1.88989 1.81974 1.74095 1.66667 1.5864 1.49639 1.40269 1.31251 1.23211 1.15162 1.0732 0.99994 0.93035 0.87012 0.8172 0.77932 0.75097 0.72795 0.70984 0.6925 0.67557 0.6602 0.64549 0.62978 0.61417 0.60287 0.59896 0.59997 0.60455 0.60913 0.61296 0.61576 0.61724 0.618 0.62086 0.62554 0.63147 0.63831 0.64505 0.65387 0.66594 0.67922 0.69587
1.14188 1.19496 1.24631 1.29492 1.34188 1.39573 1.45074 1.50406 1.56545 1.63595 1.71187 1.7848 1.84816 1.90216 1.95099 1.98841 2.0116 2.02005 2.01885 2.01796 2.00431 1.97273 1.93208 1.89459 1.84772 1.78576 1.71182 1.6401 1.56434 1.48389 1.40232 1.32263 1.2445 1.16581 1.09043 1.02192 0.95659 0.90099 0.8506 0.80917 0.77478 0.7441 0.71872 0.69518 0.67182 0.64879 0.62594 0.60508 0.58782 0.57918 0.57684 0.5799 0.58395 0.58762 0.59097 0.59358 0.59545 0.59841 0.60553 0.6162 0.63062 0.64332 0.65313 0.66445 0.67571 0.68654 0.69973
1.16985 1.22057 1.27073 1.31748 1.36308 1.40867 1.45198 1.4961 1.53958 1.58033 1.63257 1.68813 1.74985 1.81112 1.86787 1.914 1.94493 1.95507 1.95189 1.94688 1.93826 1.91266 1.87219 1.83294 1.78859 1.73339 1.67073 1.61009 1.54778 1.48286 1.41278 1.34204 1.26828 1.19049 1.11395 1.0434 0.97763 0.92372 0.87349 0.82941 0.79118 0.7555 0.7238 0.69491 0.66634 0.63655 0.60896 0.5869 0.57297 0.56611 0.56462 0.56618 0.56807 0.57026 0.5728 0.57528 0.58136 0.5913 0.60745 0.62327 0.63948 0.65289 0.66328 0.67484 0.68608 0.69701 0.70932
1.20468 1.24988 1.29694 1.34011 1.38343 1.42655 1.46796 1.50581 1.53984 1.56944 1.6073 1.64069 1.67462 1.7139 1.75856 1.80975 1.84641 1.86461 1.86652 1.86138 1.85547 1.83804 1.80825 1.77375 1.73629 1.69284 1.64489 1.60119 1.54984 1.49279 1.4303 1.36596 1.29579 1.2204 1.14532 1.07201 1.00071 0.9405 0.88625 0.83961 0.79824 0.75865 0.72151 0.68798 0.65459 0.62199 0.59417 0.57509 0.56407 0.5587 0.55682 0.55613 0.55613 0.55679 0.56048 0.5686 0.58294 0.60037 0.61937 0.63702 0.65279 0.66548 0.67546 0.68594 0.69661 0.70735 0.71853
1.28012 1.30329 1.33091 1.36405 1.40088 1.44383 1.48215 1.51677 1.54827 1.57621 1.60444 1.6281 1.65179 1.67254 1.69057 1.71441 1.73471 1.75065 1.76175 1.76349 1.76603 1.7611 1.74723 1.72648 1.70267 1.67198 1.63643 1.60121 1.55776 1.50794 1.45121 1.38978 1.32229 1.24921 1.17652 1.10268 1.02877 0.9613 0.89754 0.84118 0.79469 0.75159 0.71003 0.67223 0.63596 0.6046 0.58062 0.56573 0.55676 0.55178 0.54775 0.54489 0.54387 0.54784 0.55826 0.57493 0.59474 0.61484 0.636 0.65395 0.66796 0.67879 0.68697 0.69443 0.70337 0.71315 0.72371
1.45217 1.42754 1.4033 1.42041 1.4409 1.46316 1.49126 1.52362 1.55256 1.57829 1.6054 1.62841 1.64672 1.65796 1.66551 1.67759 1.68149 1.67757 1.67203 1.66777 1.67603 1.69009 1.69616 1.69394 1.68486 1.66507 1.63779 1.60909 1.57104 1.52368 1.47004 1.41065 1.34483 1.2733 1.20223 1.1288 1.0545 0.98327 0.91237 0.84508 0.78649 0.7341 0.68838 0.64812 0.61292 0.58542 0.56734 0.55514 0.54742 0.54044 0.53446 0.53308 0.53704 0.55076 0.56777 0.58858 0.61089 0.63298 0.65211 0.66815 0.68028 0.68918 0.69528 0.70013 0.70855 0.71829 0.72833
1.63118 1.60787 1.5779 1.54368 1.51153 1.51469 1.52355 1.54256 1.55676 1.57743 1.60278 1.62553 1.64317 1.65376 1.6581 1.65962 1.6539 1.6422 1.6243 1.60311 1.59812 1.61515 1.64185 1.65899 1.66612 1.65947 1.64268 1.61745 1.58158 1.53604 1.48471 1.42643 1.36135 1.29084 1.22023 1.14643 1.07204 0.99899 0.92606 0.85487 0.79 0.72715 0.66998 0.62342 0.58776 0.56708 0.55211 0.54229 0.53558 0.53247 0.53397 0.53855 0.54888 0.56676 0.58745 0.60966 0.63029 0.64813 0.66444 0.67799 0.68776 0.69495 0.70013 0.70472 0.71294 0.72308 0.73242
1.82001 1.79409 1.76207 1.72301 1.67827 1.63227 1.58803 1.58957 1.59 1.59248 1.59579 1.61839 1.63519 1.64462 1.64623 1.64415 1.6353 1.61854 1.59254 1.55765 1.53502 1.53779 1.57049 1.60585 1.62957 1.63791 1.63417 1.61756 1.58678 1.54353 1.49322 1.4351 1.36991 1.30042 1.22921 1.15445 1.07951 1.00442 0.93072 0.85965 0.79513 0.73074 0.67162 0.62182 0.58605 0.56503 0.55551 0.55363 0.55133 0.54951 0.55081 0.55637 0.56972 0.5912 0.61258 0.63189 0.64755 0.6602 0.67224 0.68331 0.69295 0.70121 0.70805 0.71315 0.71916 0.72714 0.73469
1.99834 1.97312 1.93994 1.90018 1.85402 1.80296 1.74945 1.69272 1.64743 1.63074 1.61611 1.60987 1.62177 1.6292 1.62781 1.62086 1.60818 1.58817 1.55944 1.52261 1.4845 1.47457 1.49682 1.53718 1.57179 1.59155 1.60182 1.59732 1.57642 1.54067 1.49335 1.43507 1.36899 1.30007 1.22789 1.15269 1.07737 1.0026 0.92854 0.85974 0.7976 0.74043 0.68628 0.64056 0.60721 0.58837 0.58412 0.58237 0.5798 0.57726 0.57962 0.58556 0.60117 0.61902 0.63589 0.65119 0.66308 0.67296 0.68314 0.69358 0.70365 0.71226 0.71845 0.72218 0.72588 0.7317 0.73741
2.13747 2.11551 2.08297 2.04482 2.00334 1.95655 1.90233 1.84013 1.76938 1.70958 1.65898 1.62798 1.60698 1.60659 1.60218 1.58958 1.57226 1.5483 1.51704 1.47828 1.43577 1.406 1.42543 1.45702 1.50435 1.534 1.55077 1.5519 1.54116 1.51669 1.477 1.42293 1.35821 1.28897 1.21718 1.1437 1.07121 0.99786 0.92777 0.8626 0.80502 0.75321 0.70788 0.67295 0.64492 0.63078 0.62718 0.62514 0.622 0.61985 0.62027 0.62507 0.63782 0.65029 0.6614 0.67193 0.68101 0.68991 0.69906 0.70851 0.71729 0.72463 0.7296 0.73267 0.73568 0.74148 0.74989
2.21777 2.2059 2.17991 2.14573 2.10883 2.06776 2.01747 1.95529 1.89167 1.81825 1.74031 1.66878 1.61438 1.58476 1.56875 1.55138 1.52928 1.50106 1.46642 1.42473 1.38072 1.33873 1.3396 1.3694 1.41599 1.46142 1.48643 1.49068 1.48189 1.46385 1.43335 1.38828 1.33091 1.26556 1.19499 1.12476 1.05767 0.99159 0.92639 0.8683 0.81747 0.77238 0.73575 0.71174 0.69835 0.69118 0.68883 0.68323 0.67802 0.6726 0.67072 0.67062 0.67723 0.68302 0.68903 0.6974 0.70516 0.71243 0.71816 0.72328 0.7293 0.7354 0.74075 0.74488 0.75361 0.76538 0.77625
2.28504 2.2765 2.25711 2.22992 2.19826 2.16189 2.11754 2.06235 1.99538 1.91659 1.82509 1.73162 1.64726 1.58566 1.5488 1.51462 1.48175 1.44842 1.40837 1.36208 1.31471 1.26796 1.25053 1.27704 1.31176 1.37096 1.40402 1.41161 1.40317 1.38457 1.35828 1.32376 1.27848 1.22294 1.15988 1.09583 1.0351 0.98143 0.92766 0.8773 0.8329 0.80072 0.7759 0.76875 0.76392 0.76131 0.75683 0.75023 0.74433 0.73917 0.73396 0.72886 0.72674 0.72523 0.72986 0.73729 0.74404 0.74758 0.74567 0.74136 0.74061 0.74686 0.75506 0.7714 0.78557 0.79719 0.80654
2.31542 2.31313 2.30213 2.28347 2.25616 2.22074 2.17672 2.12246 2.05754 1.9802 1.89089 1.79028 1.69066 1.60169 1.53908 1.48827 1.43878 1.38754 1.34121 1.28906 1.23696 1.1869 1.15395 1.1786 1.19976 1.26546 1.29842 1.30748 1.30029 1.28146 1.25681 1.22909 1.19693 1.15721 1.11023 1.05761 1.00681 0.9626 0.92586 0.88892 0.85987 0.844 0.83825 0.83795 0.83939 0.83686 0.83153 0.825 0.82069 0.81467 0.80791 0.79914 0.79374 0.78966 0.7916 0.79773 0.80341 0.805 0.79609 0.77517 0.7637 0.782 0.80339 0.81845 0.82899 0.83638 0.84215
2.31546 2.31842 2.31418 2.30082 2.27465 2.23703 2.19023 2.13515 2.07274 2.00184 1.91897 1.8266 1.73012 1.63183 1.54501 1.46771 1.4034 1.33755 1.27142 1.20969 1.14721 1.08973 1.04739 1.0634 1.06047 1.12929 1.15086 1.16163 1.16202 1.15181 1.1351 1.11506 1.0959 1.074 1.04599 1.01309 0.97491 0.94208 0.92274 0.91406 0.91038 0.90975 0.91352 0.9199 0.92152 0.91786 0.91321 0.90833 0.90355 0.8982 0.89224 0.88355 0.87693 0.87134 0.87401 0.88226 0.89372 0.90233 0.9022 0.88043 0.86081 0.87472 0.88309 0.88834 0.89062 0.89139 0.89121
2.29925 2.3032 2.30143 2.28963 2.26419 2.22535 2.17595 2.11803 2.05657 1.99174 1.91564 1.83255 1.7488 1.66096 1.56774 1.47123 1.37756 1.29415 1.21467 1.13744 1.05845 0.98157 0.91904 0.8753 0.8664 0.90935 0.94427 0.96682 0.98594 0.99397 0.9926 0.98827 0.98393 0.97989 0.9721 0.96515 0.95816 0.95883 0.96573 0.97342 0.98148 0.98972 1.00068 1.0066 1.00734 1.00398 1.00088 0.9964 0.99527 0.99351 0.9911 0.98476 0.98191 0.98151 0.98639 0.99451 1.00585 1.01822 1.03027 1.01617 0.9968 0.99481 0.99057 0.98408 0.97645 0.96845 0.96148
2.269 2.27005 2.26558 2.25173 2.22791 2.19197 2.14665 2.09387 2.03495 1.97311 1.90201 1.82614 1.75204 1.67334 1.58582 1.48814 1.3829 1.27605 1.17129 1.07859 0.9877 0.89473 0.81916 0.77395 0.78815 0.82238 0.83464 0.84704 0.85853 0.86773 0.88534 0.89996 0.91814 0.94015 0.96198 0.9832 0.99932 1.01579 1.03131 1.04739 1.06501 1.07899 1.0882 1.09309 1.09343 1.09167 1.09387 1.09476 1.09742 1.09909 1.10365 1.10705 1.10813 1.10577 1.10349 1.10469 1.10834 1.11229 1.11337 1.10734 1.09581 1.08941 1.0862 1.07842 1.06776 1.05525 1.04276
2.21889 2.21514 2.20668 2.19143 2.17104 2.14268 2.10611 2.06188 2.0109 1.95799 1.89735 1.82911 1.75479 1.67538 1.58864 1.49601 1.40252 1.30798 1.21259 1.11552 1.0161 0.91854 0.84367 0.7824 0.73725 0.70861 0.7348 0.76962 0.80275 0.83526 0.8665 0.89912 0.9333 0.96962 1.00469 1.0376 1.06451 1.09027 1.11424 1.13388 1.1513 1.16484 1.17217 1.17533 1.17902 1.18393 1.19144 1.19799 1.2096 1.2211 1.23129 1.23576 1.23431 1.22771 1.21956 1.21248 1.20794 1.20483 1.20251 1.19839 1.19067 1.17957 1.17695 1.1696 1.15924 1.14713 1.13341
2.15096 2.14155 2.13107 2.11676 2.10012 2.07934 2.05145 2.01603 1.97391 1.93133 1.88386 1.82604 1.75699 1.67954 1.59852 1.51638 1.42563 1.33042 1.23601 1.14673 1.05848 0.97034 0.89897 0.83591 0.7818 0.74555 0.73897 0.76696 0.80695 0.84924 0.89501 0.94034 0.9864 1.0316 1.07457 1.11492 1.14836 1.17435 1.19647 1.21497 1.23133 1.2441 1.25204 1.2606 1.2698 1.2803 1.29596 1.31482 1.33375 1.34823 1.35653 1.35882 1.35478 1.34634 1.33602 1.32656 1.31919 1.31252 1.30606 1.29972 1.29173 1.27968 1.2724 1.26467 1.25439 1.24186 1.22637
2.07382 2.06139 2.04964 2.03692 2.0229 2.00697 1.98759 1.96271 1.93272 1.89788 1.85649 1.80521 1.74303 1.6715 1.592 1.51876 1.43728 1.34868 1.25799 1.17137 1.0893 1.02063 0.95407 0.89269 0.84355 0.82369 0.83149 0.83808 0.85226 0.90184 0.95799 1.01144 1.0611 1.10716 1.15289 1.19384 1.22679 1.25196 1.27278 1.29019 1.30636 1.32099 1.33541 1.34993 1.36888 1.39204 1.41794 1.44198 1.46136 1.47508 1.48279 1.48471 1.48089 1.47321 1.46333 1.45267 1.44282 1.4333 1.42419 1.41554 1.40426 1.38985 1.37922 1.36939 1.35703 1.34188 1.32333
1.99488 1.98083 1.96921 1.95866 1.94839 1.93774 1.92422 1.90622 1.88188 1.85171 1.81454 1.7678 1.71203 1.64687 1.57349 1.50311 1.43151 1.35458 1.27559 1.19809 1.12857 1.06286 0.99771 0.94681 0.91695 0.91936 0.93475 0.94736 0.9651 0.98463 1.02951 1.0825 1.13193 1.17748 1.22467 1.265 1.29711 1.32179 1.34498 1.36515 1.3831 1.40004 1.42203 1.45289 1.48583 1.51991 1.54962 1.57414 1.59258 1.60463 1.61055 1.61104 1.60679 1.60046 1.59156 1.58248 1.57235 1.562 1.55097 1.53799 1.52265 1.50486 1.48975 1.47642 1.4608 1.44278 1.42222
1.9167 1.90368 1.89558 1.89038 1.88338 1.87292 1.85885 1.84261 1.82097 1.79406 1.75923 1.71623 1.66541 1.6064 1.5425 1.48543 1.42282 1.35626 1.294 1.22931 1.16805 1.10664 1.0443 1.01185 0.99927 1.01434 1.03724 1.05922 1.0783 1.10005 1.1239 1.15715 1.19889 1.24263 1.28874 1.32763 1.35908 1.3878 1.41442 1.43777 1.46086 1.48695 1.52442 1.56498 1.60438 1.64005 1.67072 1.69498 1.71278 1.72396 1.73015 1.73335 1.73438 1.73234 1.7247 1.71407 1.70059 1.68647 1.6724 1.65647 1.63813 1.6178 1.59948 1.58425 1.56709 1.54709 1.52355
1.84868 1.83462 1.82944 1.82468 1.81698 1.80845 1.79711 1.78345 1.76285 1.73529 1.70045 1.65933 1.61132 1.55726 1.50811 1.46121 1.4085 1.35377 1.30424 1.25207 1.20029 1.14564 1.11666 1.10706 1.10635 1.12005 1.13935 1.15906 1.18047 1.20712 1.22884 1.24868 1.27054 1.30642 1.34629 1.38109 1.41364 1.44608 1.48115 1.51584 1.55072 1.58361 1.62257 1.66498 1.70593 1.74249 1.77301 1.79678 1.81499 1.82901 1.84077 1.849 1.85201 1.8497 1.84258 1.83164 1.81789 1.8011 1.78413 1.76639 1.74789 1.72757 1.70787 1.69059 1.67093 1.64816 1.62179
1.79264 1.76869 1.76152 1.7564 1.7489 1.74202 1.73262 1.7187 1.69828 1.67124 1.63746 1.59765 1.55642 1.51435 1.46786 1.42445 1.37919 1.33675 1.29982 1.26155 1.22082 1.19681 1.19657 1.20273 1.21143 1.22609 1.2438 1.25912 1.27898 1.3045 1.32732 1.34397 1.35577 1.37688 1.40449 1.43365 1.46249 1.49809 1.53988 1.5817 1.62008 1.65589 1.6947 1.73785 1.78091 1.81853 1.85043 1.87751 1.90161 1.92161 1.93671 1.94709 1.95208 1.95274 1.94726 1.9358 1.92149 1.90438 1.88647 1.86827 1.84867 1.82692 1.80571 1.78546 1.76252 1.73626 1.70596
1.74543 1.70577 1.69134 1.68719 1.68139 1.67733 1.66779 1.65233 1.6307 1.60313 1.56949 1.5383 1.50248 1.46273 1.42103 1.38377 1.34813 1.31643 1.28677 1.25706 1.24081 1.26331 1.27882 1.28853 1.30221 1.32095 1.3357 1.35128 1.37199 1.39291 1.40995 1.42659 1.44274 1.46215 1.48064 1.49647 1.51492 1.54341 1.58078 1.61957 1.66135 1.70002 1.73724 1.77789 1.8203 1.86181 1.89913 1.93349 1.96337 1.98909 2.01092 2.02664 2.03353 2.03276 2.02584 2.01411 2.00138 1.9846 1.96601 1.94633 1.92487 1.90094 1.8782 1.85412 1.82731 1.7974 1.76353
