data/pm10_aspect_4cell_modal.asc
ncols	541
nrows	200
xllcorner	12.09692
yllcorner	48.55814
cellsize	0.0125
NODATA_value	-9999.0
[rows 54 to 80 of 200, columns 240 to 299 of 541]
205.59767 206.85417 207.9342 208.63091 207.38759 205.29114 206.1311 208.05738 208.95234 208.76155 208.1439 207.04439 204.9508 202.16336 199.2006 196.20804 193.28137 190.5942 188.6513 187.19713 185.52467 183.8247 182.30809 181.16561 180.47405 180.12111 180.00021 180.07584 180.30961 180.82699 181.3564 181.4899 181.42229 181.34322 181.25613 181.1318 180.96908 180.82527 180.70323 180.6064 180.47577 180.28039 180.12282 180.06094 180.03058 180.00021 180.00021 180.03172 180.09761 180.16751 180.13772 180.16809 180.22882 180.31247 180.44311 180.71526 181.19483 181.86519 182.66848 183.94617
211.92026 213.15384 214.04479 213.16129 209.97851 209.69776 211.981 213.60476 213.74857 213.1928 212.27206 210.67007 207.91242 204.74053 201.47753 198.19506 194.94753 192.27641 190.37877 188.29607 186.1045 184.12035 182.47138 181.32604 180.57202 180.15663 180.00021 180.0535 180.24372 180.68833 181.1954 181.29109 181.24181 181.18337 181.11805 181.01377 180.89632 180.83501 180.73474 180.63333 180.53249 180.36347 180.1635 180.06496 180.00021 180.00021 180.03402 180.06839 180.17439 180.21106 180.14173 180.10449 180.13658 180.16522 180.22195 180.33081 180.6488 181.17363 182.25251 184.60565
220.21727 221.34771 221.06009 217.34675 215.31332 217.53582 219.95027 220.86528 220.43785 219.63858 218.42448 216.104 212.7436 208.92427 204.89236 200.58028 196.51973 193.7088 191.2468 188.645 186.30046 184.18338 182.53555 181.38734 180.61156 180.17382 180.00021 180.02886 180.23226 180.58864 180.98971 181.12149 181.08883 181.08482 181.00403 180.98169 180.91522 180.8797 180.77428 180.70323 180.564 180.38982 180.21221 180.03516 180.00021 180.00021 180.03688 180.11251 180.22939 180.22825 180.1509 180.07584 180.0747 180.11022 180.14402 180.21221 180.45342 180.91121 182.09724 188.69255
230.90637 231.3252 228.05304 223.92373 225.45009 228.46499 230.34659 230.33112 229.6768 228.65063 226.88363 223.32785 218.36203 212.78887 207.16299 201.90439 198.02604 194.95785 191.76819 189.01742 186.36176 184.15072 182.49888 181.36213 180.59838 180.1635 180.00021 180.06381 180.22424 180.42706 180.75823 181.00403 180.99086 181.00633 181.01435 181.01492 180.97653 180.93872 180.82584 180.71641 180.56973 180.42248 180.23169 180.07699 180.00021 180.03917 180.08043 180.2059 180.24887 180.20533 180.16408 180.12569 180.08501 180.08501 180.12741 180.30044 180.93069 182.66733 186.68777 193.91736
243.54811 241.62698 236.40504 236.13174 239.43599 241.92205 242.50189 241.96961 240.75093 238.62697 234.85691 228.89013 222.25413 215.61871 209.358 204.11601 199.98842 196.07741 192.54627 189.26437 186.27295 184.04472 182.42096 181.2802 180.54108 180.15033 180.00021 180.0724 180.18413 180.30331 180.59036 180.89632 181.02581 181.10717 181.14498 181.14154 181.098 181.01549 180.89746 180.74047 180.53994 180.37779 180.21221 180.08501 180.00021 180.04318 180.17668 180.27007 180.22309 180.22252 180.22424 180.18241 180.1423 180.14402 180.24544 180.55426 181.56782 184.09743 188.34591 193.0287
255.42266 251.42628 249.23242 251.72078 254.00974 254.90184 254.06761 252.28686 249.54927 245.86572 240.5544 233.90637 226.84352 219.70447 212.93841 207.21399 202.16909 197.68742 193.43321 189.38068 186.17498 183.86424 182.21985 181.14785 180.41102 180.08787 180.00021 180.04261 180.13142 180.26836 180.49983 180.92611 181.19368 181.27504 181.26588 181.25785 181.20915 181.0768 180.90319 180.72729 180.55025 180.37034 180.23455 180.04719 180.00021 180.09532 180.24257 180.29013 180.24028 180.24085 180.29127 180.3457 180.25632 180.21049 180.37722 180.77256 181.98093 184.526 188.36253 192.02201
264.34075 262.06037 262.81954 263.98437 264.17573 263.17019 261.35907 258.93661 256.14 252.39515 247.0718 240.63003 233.49499 225.64375 217.77761 211.01843 205.22239 199.74205 194.16201 189.47521 185.97845 183.62245 181.9941 180.93413 180.27638 180.05292 180.00021 180.05292 180.10735 180.26893 180.5365 181.08081 181.49907 181.58845 181.57241 181.51167 181.4074 181.20342 180.99945 180.79376 180.58635 180.37607 180.21736 180.05522 180.00021 180.16522 180.27294 180.26836 180.26606 180.3182 180.37206 180.48264 180.43623 180.33768 180.45629 180.98283 182.16026 184.52772 187.88984 191.22445
269.42689 269.30371 269.25787 269.2063 268.62991 267.56879 266.1702 264.41924 262.37378 259.12396 254.57353 248.86344 241.74845 232.7129 224.16036 216.75488 209.81292 202.15764 195.14234 189.84764 185.95267 183.38754 181.7208 180.6849 180.14402 180.00021 180.00021 180.06897 180.20418 180.40243 180.66026 181.37817 181.94368 181.9729 181.95113 181.81534 181.62569 181.44005 181.19196 180.94445 180.63218 180.3818 180.19273 180.06496 180.00021 180.1297 180.24887 180.24429 180.24143 180.2993 180.41847 180.53936 180.53936 180.42878 180.55598 181.05503 182.29319 184.46413 187.71165 191.03309
268.99488 269.11291 269.5306 269.85604 269.99985 269.86463 269.33407 268.54454 267.2995 265.14174 262.13085 257.83481 250.74503 242.72305 235.34392 227.33741 217.55645 206.73442 197.83639 191.15914 186.33999 183.21393 181.33749 180.51072 180.09704 180.00021 180.00021 180.17439 180.33768 180.57374 181.02867 181.77523 182.49945 182.58941 182.40721 182.16656 181.9328 181.63887 181.34895 180.99257 180.71011 180.42706 180.2145 180.0724 180.00021 180.07069 180.13428 180.19616 180.25804 180.3182 180.44253 180.56687 180.62359 180.56286 180.63218 181.07623 182.21698 184.29224 187.3249 190.79015
263.84686 264.97386 266.14155 267.30408 268.46432 269.25214 269.70535 269.99985 269.99985 269.50882 268.21566 265.3205 260.57527 255.72346 249.288 240.07598 226.06487 211.60743 199.65381 191.13622 185.71031 182.46106 180.86595 180.26263 180.00021 180.00021 180.10965 180.31305 180.6001 180.95648 181.46412 182.2909 183.11252 183.20763 182.89537 182.60259 182.24563 181.90415 181.49506 181.17248 180.77714 180.46603 180.23283 180.07813 180.00021 180.00021 180.07011 180.13428 180.19559 180.25518 180.37435 180.4878 180.53363 180.52504 180.58577 181.05216 182.12531 184.15874 187.37017 191.696
258.24046 259.34627 260.53745 262.03688 263.38677 264.65931 265.8694 267.08922 268.28499 269.43262 269.99985 269.24297 267.221 264.19865 258.55502 247.90201 231.89243 214.28715 199.50255 189.91868 184.03154 181.26817 180.37435 180.00021 180.00021 180.14517 180.40816 180.6425 181.09227 181.59762 182.26912 183.09991 183.94846 184.12035 183.72501 183.26779 182.83521 182.33731 181.85889 181.31171 180.95189 180.5153 180.25632 180.08501 180.00021 180.00021 180.00021 180.07011 180.13543 180.13199 180.2569 180.31018 180.35774 180.403 180.56457 181.00002 182.28402 184.72998 188.80256 194.61235
250.43907 252.48338 254.31742 255.88102 257.27045 258.69024 260.11977 262.07298 264.36939 266.89957 268.88774 269.69504 269.99985 268.8694 265.46202 256.23912 240.0863 217.69396 198.43513 186.85966 182.03307 180.57317 180.00021 180.00021 180.20819 180.57088 180.87856 181.4687 182.11557 182.80656 183.56 184.26416 185.3482 185.49029 184.84801 184.26474 183.61615 182.90396 182.331 181.69044 181.17535 180.67516 180.28669 180.18871 180.18069 180.0873 180.00021 180.00021 180.07756 180.1509 180.22023 180.20991 180.19788 180.24716 180.40415 180.87283 182.29663 185.29778 190.62629 198.66259
242.93504 245.28761 247.70663 249.7922 251.78495 253.55138 255.30291 258.04795 261.10411 263.91504 265.82299 267.17288 268.78976 269.99985 269.37704 264.20725 247.98853 216.38418 192.15494 183.77257 181.01377 180.00021 180.00021 180.33138 180.88142 181.57642 182.14766 183.02428 183.90492 184.83769 185.52754 186.28842 187.51513 187.56669 186.68606 185.76245 184.80561 183.91179 182.97501 182.22501 181.51339 180.93184 180.47061 180.3457 180.33768 180.2208 180.10793 180.00021 180.00021 180.09819 180.09418 180.0873 180.00021 180.00021 180.06381 180.39326 181.54548 184.36386 189.94561 198.14865
236.66345 239.18962 241.61552 243.67015 245.46923 247.49178 250.3325 253.77999 256.96162 259.20074 260.71335 262.725 265.15606 268.11195 269.99985 267.33674 249.44384 208.61029 187.69618 182.2909 180.00021 180.00021 180.61614 182.10182 183.15492 184.30885 185.16313 186.30733 187.48877 188.23247 188.88048 189.62991 190.93568 190.99355 189.54626 188.17632 186.83044 185.63296 184.19598 182.97157 181.90415 180.9794 180.49983 180.48952 180.4815 180.47462 180.31133 180.00021 180.00021 180.00021 180.00021 180.00021 180.11251 180.09991 180.08615 180.00021 180.10678 181.17707 184.24124 189.21165
230.17241 232.44189 234.56126 236.64053 238.85501 241.45395 244.53646 247.60408 249.63235 251.78724 254.43373 257.83767 261.68967 266.42345 269.99985 267.70916 247.38005 204.44374 187.12494 180.00021 180.00021 181.54834 184.86462 186.76627 189.46261 191.18148 192.47064 193.60051 194.60433 194.95384 195.22828 195.79265 197.21587 197.35396 194.90055 192.55429 190.43148 188.36597 186.33999 184.24583 182.56764 181.32604 181.05617 181.03211 181.01836 180.75365 180.5004 180.24601 180.00021 180.00021 180.00021 180.22366 180.63906 181.37817 182.07031 182.55732 182.35449 181.44636 180.21851 182.66848
223.64126 225.33779 227.48982 229.63555 231.93998 234.62543 237.14931 239.61189 241.92778 244.30327 247.75075 252.37796 258.15796 264.55962 269.99985 269.99985 254.05443 224.99974 191.30983 180.00021 185.71031 192.99489 203.96245 206.56483 210.14123 210.76289 209.74474 210.10112 209.52129 209.61468 209.51155 209.47603 210.40364 210.34348 206.93324 203.14255 199.12497 195.45174 191.12934 187.59477 184.43662 182.53383 181.95801 181.90931 181.87779 181.42 180.96278 180.4941 180.00021 180.00021 180.00021 180.64364 182.86214 187.12494 195.10109 207.80127 223.06945 240.25532 252.40775 269.99985
217.27112 219.20714 220.80455 222.85058 225.15272 227.70926 229.86473 231.84258 234.54923 237.74519 241.74214 246.21809 252.40775 258.69024 262.40529 263.66007 269.99985 269.99985 629.99985 180.00021 224.99974 239.03606 248.19881 250.55996 250.9066 248.19881 246.64437 243.88615 241.82121 240.46101 239.96655 239.79695 240.67931 240.0863 235.68483 230.30075 223.69798 216.25412 208.07228 198.43513 191.56021 186.48323 186.07242 185.82662 184.57413 183.57661 182.66275 180.00021 180.00021 182.48971 180.00021 180.00021 206.56483 269.99985 224.99974 198.43513 186.58178 180.60927 181.24525 189.46261
212.18726 213.60992 215.44109 217.03047 218.77112 221.00909 223.29004 225.49822 227.78489 230.34315 233.13002 236.30993 238.39263 239.53454 236.30993 229.39891 216.87005 198.43513 180.00021 224.99974 269.99985 269.99985 269.99985 269.99985 269.99985 269.99985 268.83102 268.95821 269.02926 269.09057 268.29014 268.36348 267.70916 267.70916 266.47845 265.84018 263.51683 261.63409 255.96353 248.19881 236.30993 220.60115 213.69013 209.05433 198.43513 195.94563 180.00021 180.00021 269.99985 269.99985 224.99974 190.30486 181.9752 180.89517 180.46603 180.26263 180.63333 181.72653 184.26817 189.72617
207.9044 209.23767 210.44662 211.91167 213.55262 215.15117 216.99896 218.22452 219.87177 220.9856 220.81486 219.28965 217.56848 211.32897 204.22773 196.38967 188.12991 180.00021 180.00021 187.12494 209.74474 236.30993 246.80136 254.05443 256.42934 257.79929 257.47098 257.00517 257.77465 258.02389 259.62416 260.78898 262.78574 263.33349 263.28994 262.99888 262.56859 261.87015 260.90987 255.96353 253.30099 255.96353 261.87015 258.69024 224.99974 198.43513 180.00021 186.33999 194.93149 199.17883 195.37611 190.66983 187.43147 184.91676 183.7485 183.17268 183.43166 184.42001 186.29129 189.70726
204.34462 205.14504 206.02109 207.16471 208.23328 209.27893 210.05242 210.80873 211.06541 209.27549 207.37785 204.70271 200.28234 195.59268 191.59229 186.33999 181.7357 180.00021 180.00021 184.0854 187.85317 194.03596 198.92443 204.77491 210.17331 215.07382 218.25431 221.18614 223.50547 224.99974 227.52591 229.76389 232.36454 233.01714 230.75453 228.48333 224.42106 219.55951 212.12481 202.52032 197.52584 194.82664 192.33886 187.35241 183.69121 180.00021 180.00021 183.81382 188.4267 194.03596 196.18913 194.53443 192.19275 190.09745 188.47139 187.27907 186.94962 187.20057 188.03308 189.72846
200.65133 201.32627 201.91298 202.70481 203.13166 203.23938 203.09671 202.51 201.27986 200.41011 197.79571 195.25521 191.6112 188.93033 185.1173 182.68395 180.9095 180.00021 180.00021 180.76396 182.04567 183.73131 185.82662 188.66391 191.01704 193.58619 196.65781 198.69296 200.64675 202.76211 204.67693 206.26288 208.45501 208.5845 206.11964 203.56883 200.68743 197.04399 192.30047 188.37857 186.54625 185.56019 184.39881 182.95094 181.24525 180.00021 180.63677 183.1108 187.12494 194.16201 199.34842 200.48403 199.48937 197.69086 195.19677 193.04302 191.41582 190.44351 189.95421 190.04531
197.40266 197.59632 197.87879 197.86504 197.83753 197.103 196.51801 195.77202 194.90284 193.69562 191.88851 189.71299 187.31917 185.33903 183.17955 181.52084 180.46946 180.00021 180.00021 180.00021 180.32565 181.23207 182.33731 183.5938 185.00385 186.50557 188.12991 189.68893 190.96089 192.41162 193.78157 195.07588 196.41201 196.05162 194.54131 192.85395 190.79302 188.48342 186.14346 184.50882 183.72673 183.57661 183.13658 182.02504 180.96565 180.00021 180.38982 181.74888 186.08216 195.57263 205.20119 210.56808 211.60743 209.92752 206.33221 202.10492 198.19449 195.03291 192.5434 190.82568
194.22389 194.16086 193.7025 193.02927 192.35547 192.23974 191.74241 191.30983 190.36616 189.63736 188.38717 186.62418 185.06344 183.40645 182.51664 181.70132 181.02294 180.46603 180.2145 180.00021 180.18929 180.54395 181.04185 181.66007 182.55217 183.53823 184.60335 185.62436 186.47979 187.43147 188.31899 189.16238 189.69179 189.20134 188.16371 187.20974 186.14346 185.11386 183.95706 183.17955 183.05981 183.07871 182.96355 182.48169 181.63085 180.47519 180.00021 180.35831 184.33235 196.47046 214.50831 226.51293 230.94705 229.7891 224.85765 217.59885 209.70693 202.51573 196.58791 192.2088
191.07663 190.38049 189.4311 189.14863 188.90168 188.67307 188.59286 188.12991 187.59477 187.12494 185.95267 185.12475 184.23666 183.37894 182.45648 181.70992 181.09571 180.5789 180.2695 180.00021 180.00021 180.11824 180.45571 180.8797 181.38448 182.06401 182.70744 183.50328 184.07222 184.60335 185.09724 185.56363 185.81974 185.46737 184.99354 184.49965 183.97138 183.41103 182.90052 182.76015 183.03517 183.23628 183.3056 183.0621 182.47195 181.66007 180.86137 180.00021 181.23665 193.76094 225.38477 246.7137 253.37662 253.03571 248.60102 240.44268 229.1852 216.32115 204.0461 194.59975
187.66925 187.10603 186.75768 186.41677 186.2191 186.17039 186.07242 185.89881 185.75271 185.56707 185.33216 184.9477 184.25901 183.41447 182.59113 181.91274 181.24754 180.77657 180.36862 180.08902 180.00021 180.08272 180.24085 180.4666 180.82928 181.24353 181.63028 182.13104 182.53899 182.85927 183.23227 183.59552 183.82241 183.60583 183.35946 183.13544 182.82317 182.58712 182.31553 182.41466 182.93433 183.38525 183.56344 183.62532 183.57661 183.64021 183.48208 182.40434 180.35143 184.59992 232.59487 263.49105 267.84553 267.6851 265.45687 260.76778 252.91081 240.6942 222.87522 201.38529
185.60145 185.16027 184.5896 184.26187 184.07509 184.00862 184.23666 184.47501 184.97692 185.31439 185.27773 184.90931 184.36672 183.54739 182.80312 182.03421 181.38677 180.83157 180.40071 180.1297 180.00021 180.00021 180.05923 180.22939 180.44712 180.70667 181.00575 181.34208 181.66523 181.97692 182.27715 182.57222 182.6553 182.54873 182.40606 182.23303 182.11786 181.92936 181.83941 182.03135 182.56649 183.11653 183.63677 184.01779 184.5982 185.60775 186.6259 187.31287 186.26321 181.56209 205.64122 269.99985 267.90683 268.88029 269.99985 269.22693 266.53976 262.43967 257.23779 245.77347
184.19655 183.60125 183.09991 182.6954 182.49945 182.50518 182.8375 183.71527 184.75404 185.51722 185.70114 185.31439 184.62971 183.77887 182.92 182.15453 181.45209 180.88199 180.45399 180.19674 180.04777 180.00021 180.04547 180.08959 180.26263 180.42878 180.67229 180.94674 181.17019 181.42401 181.66752 181.86347 181.88925 181.80446 181.69101 181.61996 181.52256 181.43203 181.41542 181.67783 182.1213 182.65931 183.21622 183.95648 185.10756 186.61329 188.44561 190.70535 193.17709 194.46338 190.06078 266.18567 246.25075 257.32373 267.08636 269.9225 269.54607 268.59095 268.34171 269.16047
