data/pm10_concentration_max.asc
NCOLS 541
NROWS 200
XLLCORNER 12.09692
YLLCORNER 48.55814
CELLSIZE 0.0125
NODATA_VALUE -9999
[rows 126 to 146 of 200, columns 141 to 187 of 541]
23.748097760003 23.7858229057351 23.8224712092628 23.8563265581997 23.8870802014697 23.9260982266695 23.9770903431362 24.0240728798374 24.1209085296296 24.2437259002996 24.3781019037496 24.5243509524757 24.6984928204802 24.8820956820916 25.0678572215247 25.2542230621557 25.440616319637 25.6354594240436 25.8313500298506 26.0277702510028 26.2238949635865 26.419274357648 26.6129715413278 26.8042158338605 26.9904917139934 27.1683525828881 27.3449618579985 27.5156656531186 27.6765298282329 27.8266767335128 27.9636275107846 28.0842250168035 28.2144869378879 28.3426455444605 28.4606470661304 28.5913438275216 28.7079399417758 28.8077751171557 28.895531537452 28.9930124394999 29.0742406900576 29.138736264954 29.1900453387381 29.2284144065003 29.261089062387 29.2958803059677 29.3169896678582
23.7304236496407 23.7802343445047 23.8274454106586 23.8705513065391 23.9095224471482 23.94389282723 23.9732783357811 24.0244102929256 24.0927649557002 24.2063419270982 24.3320540777169 24.4838674439861 24.6374962970554 24.8207494390266 25.0158387719032 25.2109366585025 25.405654973099 25.5995926723251 25.7917599445458 25.9814211365256 26.1760868226587 26.3809738933458 26.5845018795454 26.7944089416048 27.0022974377544 27.2035420817028 27.3972997709506 27.5803916082997 27.7525313537906 27.9134138382266 28.058125928261 28.1880985716835 28.3055400537101 28.4101112284132 28.5267994802944 28.6332087910373 28.730493063933 28.8376619474434 28.9322408486201 29.0313182863463 29.1210199679944 29.1974607063311 29.2614719116823 29.3128537750839 29.3514142622051 29.3875701364907 29.4201532302269
23.6739497688697 23.7333397315536 23.7899312799115 23.8437353185046 23.8939308159783 23.9415856543145 23.986050476722 24.0261755527645 24.060735401922 24.1632607764313 24.2868236249617 24.4354051784192 24.6005232526421 24.7681581359613 24.9640754340661 25.1593588863967 25.3490011080594 25.5484512441539 25.7507764801132 25.9492678040169 26.1422502303134 26.3407750666399 26.5516607323064 26.7569372779512 26.97321318323 27.1908224986863 27.3982734190349 27.5949402964305 27.7813242802087 27.9548830365566 28.1138719277316 28.2605666758128 28.3943794385434 28.5150368202337 28.6222845627091 28.7158869165691 28.8153867065516 28.9080332979145 28.9877790769929 29.0663198926215 29.1466024992199 29.234649722201 29.3105398997693 29.3740989469005 29.4251619005645 29.4635707325011 29.4992805537425
23.5761610382264 23.6452852071378 23.7127727839269 23.7784888051272 23.8436897285789 23.9065268117998 23.965815543383 24.0205354150752 24.0699893894975 24.1134235703658 24.2261825331428 24.3670877805277 24.5426361806318 24.7170988648653 24.9089136077152 25.1087586893374 25.3036868246373 25.4936324920856 25.6890236771519 25.8951909066902 26.097132404696 26.29386841197 26.5074687793614 26.7204162017738 26.9282142556535 27.1355166395817 27.3522854938565 27.5601052769632 27.7571457690127 27.9427907192741 28.117527902261 28.2798812825727 28.4292044154033 28.565193618252 28.6875810865755 28.7961200553236 28.9010506835369 29.0022846485514 29.090996135145 29.1669666937673 29.2300185773609 29.2892752335053 29.3525353442983 29.4111521898988 29.4734268705683 29.5234160785676 29.5609723720112
23.4391634650147 23.5193066757209 23.6007267975891 23.6821674938414 23.7621790761712 23.8395046922252 23.9133292003763 23.9829324485319 24.0475894256658 24.106543337303 24.1586597466741 24.2925870541838 24.4634889744086 24.6500463234829 24.8366405177015 25.0273187835141 25.2279499856837 25.4236724685571 25.6170743040744 25.8214437429251 26.0317109771776 26.2370221809112 26.4444582209084 26.6652353355611 26.8796700459925 27.0898010916611 27.2958507986272 27.5081523045015 27.7116187013304 27.9072596686722 28.0920197658029 28.2647595922685 28.4250515820179 28.5724984748553 28.7131301576926 28.8511620582201 28.9767018506166 29.0895528264367 29.1895349002373 29.2764835167037 29.3502485524986 29.4106932346104 29.4576930921916 29.4975010031587 29.5452000412872 29.5802023186093 29.6192522947485
23.2679077718079 23.3637159238198 23.460072043272 23.555847396914 23.6499626989737 23.7416933756919 23.8303031170501 23.9150459283063 23.9951687959714 24.0698967266258 24.1381260462031 24.2125741646414 24.3717364322111 24.5635118333323 24.7631549693524 24.9594943696321 25.1518311531918 25.3395508537685 25.5404703251265 25.7434409058073 25.9483802271752 26.165430517776 26.3790530719817 26.5915113792068 26.8154537694377 27.0358163152891 27.2518334963853 27.4613881165922 27.6662938179179 27.8712958068509 28.0655467056858 28.2478540099896 28.4178068842689 28.5750232797601 28.7191499757612 28.8635286601587 29.0007533652887 29.1250639096253 29.2362801343165 29.3342389266341 29.4187930132848 29.4898098041414 29.5471703139158 29.5907681849324 29.6344571284369 29.6781034546977 29.7092886462408
23.0710080634272 23.1807773290926 23.2908169883221 23.4003568987795 23.5086676727902 23.6150035425034 23.7186045519248 23.8186989507125 23.9145057934546 24.005223008938 24.0896976824006 24.1787977578124 24.2817885021246 24.4624722468817 24.6593416793845 24.8643690512324 25.0655427031795 25.2622314220942 25.4542728724754 25.6607370164883 25.8718460924581 26.0802179505447 26.3045004081804 26.524767132161 26.7393502392984 26.9678153488993 27.1931549038368 27.4120154944528 27.6228516433821 27.8247306161933 28.0285552959605 28.2203367113259 28.3996762187428 28.5662052457194 28.7195849725716 28.8595057905547 28.9857035184255 29.1157944031822 29.2362008681293 29.3434104325653 29.4372508784295 29.5175741193997 29.5842551410477 29.652785525364 29.7161326069569 29.7670352533695 29.8054122290159
22.847941616421 22.9707553986325 23.0942535283459 23.2177072789685 23.3403677715607 23.4614678438143 23.5802241236807 23.6958393192537 23.8075047345224 23.9143844091239 24.015205962264 24.1226698882765 24.2340301411707 24.3650537658602 24.5643605224312 24.7588964925792 24.9511252335173 25.1595071950932 25.3640966366296 25.5628400704297 25.7818662144536 25.9993498537004 26.2169969800994 26.4472807873166 26.6717401099241 26.888533778927 27.1213066682239 27.3486818057754 27.5679335269034 27.7780599282613 27.9768454453111 28.1774981679535 28.3656392269902 28.5409014894657 28.7029488217523 28.8514751418764 28.9862032658652 29.1068836019235 29.2262193335083 29.3406834276109 29.4418303176042 29.5295037720772 29.603564998121 29.6747962091561 29.7444784253032 29.8014720267274 29.8457188912487
22.5996600232317 22.735566138928 22.8726322671698 23.0101122799868 23.1472381672504 23.2832217576259 23.4172566506964 23.5485203781744 23.6761768106258 23.7993470290008 23.9166199308191 24.0403527614504 24.1709816387975 24.2982332951107 24.4521807467891 24.6559534284676 24.8531429743402 25.0428155676744 25.2546553741579 25.4654948061406 25.6747474671362 25.9028568002415 26.1239769673087 26.3541534206942 26.587614723937 26.8132539402146 27.0378720253382 27.2729511695856 27.4997415256798 27.7176874990425 27.9244655898283 28.1199273906926 28.3159175386104 28.4989168846376 28.668594251449 28.8246492054365 28.9668103311767 29.0948333384972 29.2084990612454 29.3222619667686 29.4292474464647 29.5227204947062 29.6025402381355 29.6685774254101 29.7276278693356 29.7902508519516 29.8400333254185
22.328501818214 22.4775747520119 22.6282842107818 22.7798671296238 22.9315368996727 23.0824849130808 23.231882322129 23.378882037554 23.5226209904255 23.662161785307 23.7960149173636 23.9341679651227 24.0838410715514 24.230314289197 24.3724797652122 24.5497472770136 24.7302131388083 24.9311275652646 25.1280011718415 25.3504355745774 25.5660787347268 25.7905578639384 26.0215902251149 26.2464540461474 26.4882134267034 26.7219373186729 26.946983854267 27.1842599344596 27.4171705960336 27.6409639454474 27.8548343762347 28.0555292672843 28.2517148364603 28.4414167446305 28.6176485901876 28.7800465117359 28.9282643738247 29.0620416405738 29.181140595908 29.2860329522029 29.3977790404227 29.4959069348391 29.5802765165979 29.6507533938124 29.7071555684124 29.7595231568209 29.8125124317575
22.0369242732594 22.1992077797148 22.3636032005451 22.5293311763549 22.695587240457 22.8615431519993 23.0263484411463 23.1891321994341 23.3490051487356 23.504945490575 23.6554273944174 23.8065522896444 23.9750396321294 24.1409084920852 24.3031432236633 24.460618091085 24.6327080863764 24.8109927179196 25.0083259871469 25.2197930706635 25.4464316412817 25.6653070517088 25.9047476571246 26.1369754171695 26.3753629471034 26.616399789291 26.8484685431648 27.0816498110558 27.3197420501679 27.5483888181435 27.7671004922965 27.9742445862993 28.1731506722374 28.3679206075341 28.5488762383249 28.7157184178341 28.8681757292349 29.0060011176985 29.1289684647895 29.236869167269 29.3458274321169 29.4470639010363 29.5341604024481 29.6069461805806 29.6652948972217 29.7098418975291 29.7617958516508
21.7274291659878 21.9029377685097 22.0810302645944 22.2609118575856 22.4417612198353 22.6227315697062 22.8029519517289 22.9815287617461 23.1575475606693 23.3298621572334 23.4970709641688 23.6606692722645 23.8486407865206 24.0342862959477 24.2164468982322 24.3930091517691 24.5600617955359 24.7164255098315 24.8819038381598 25.0868586099314 25.3128563676003 25.5420006236184 25.7754906143823 26.016120035157 26.2509613738675 26.4985325552411 26.7367768436005 26.9668522547995 27.2091734266516 27.4416570855277 27.6638224496864 27.8751852441309 28.0780622294638 28.2766135846616 28.4610838268852 28.6311949405432 28.7866962216868 28.9273599026248 29.0529768011368 29.1633528418136 29.2712403247476 29.373655633383 29.461771864632 29.5355152772708 29.5955340872744 29.6418441985329 29.6877773513986
21.4025497551576 21.5912698691437 21.7830397459492 21.977050269443 22.172464562291 22.3684187543058 22.5640229361603 22.7583838192746 22.9508292128472 23.1401441719865 23.3249663086743 23.5044714102281 23.7081423255696 23.9125697097412 24.1098148207357 24.2983962784494 24.4772680258428 24.6453953418611 24.8017621068013 24.9578940013904 25.1691287661494 25.4064353342237 25.63618897125 25.884272246813 26.1231071622991 26.3702857654531 26.613848136785 26.847007890368 27.0872359982517 27.3225162040182 27.547033225228 27.7603621214352 27.9675303450353 28.168713448303 28.355521034033 28.5277046265007 28.6850422938792 28.827333125161 28.954441497483 29.0669570813238 29.1736852185844 29.2761312392292 29.3643466219994 29.4389522623263 29.4998714829862 29.5469297224225 29.587194405965
21.0648401275457 21.2667306506439 21.4721274709915 21.6802085845977 21.8901435786865 22.101259632799 22.3127341877222 22.5236731043638 22.7331326030109 22.9396429036291 23.1420023333094 23.3390812072338 23.5524981698231 23.7686456988897 23.9772366388295 24.1771740387487 24.3673638007123 24.5468579585959 24.7164130287428 24.875682209254 25.040058087012 25.2614352831859 25.5011788300194 25.7435757601709 25.9890284119594 26.2336517830983 26.4816641949912 26.7187514442965 26.9557328802715 27.1927409248033 27.4184765288783 27.6325450687707 27.8428772637633 28.0455059131276 28.2334437447248 28.4064824265086 28.5644388010681 28.7073571122416 28.835835421286 28.9498338510164 29.0543521434255 29.1561384584306 29.244421482792 29.3190824614393 29.3799711038441 29.426908626878 29.4622816964607
20.7168671910963 20.9319543123333 21.1511974809888 21.3737962583297 21.5989227136219 21.825721302822 22.0533088349372 22.2807745897092 22.5070540792042 22.7306216852178 22.949217189383 23.1597405224447 23.3758719448814 23.6028871486305 23.8223787684976 24.0332770321814 24.235945407236 24.430603223534 24.6160026041368 24.7909060629501 24.9540973598112 25.1299839925965 25.3605201553797 25.5997763255319 25.8484573655078 26.0906485020198 26.3422304963262 26.5822898377367 26.8164755818248 27.0541057956303 27.279886700881 27.493468105379 27.7053986856619 27.9082436103775 28.0960701373965 28.2687247488902 28.4266027977803 28.5700381135812 28.6989652309198 28.8133164157697 28.9150895405422 29.0160948639402 29.1035702783568 29.1774025854029 29.2374491437263 29.2835343916556 29.3154466005422
20.3626145204857 20.5914241857604 20.8248541307779 21.0620952119845 21.302310556292 21.5446349371359 21.7881741830736 22.0320046849058 22.2746876652046 22.5123690496466 22.7431906074572 22.9661500693812 23.1816988085047 23.4192125801035 23.6499911581994 23.8750729667803 24.0933613645679 24.3035426224938 24.5042976822058 24.6943135289786 24.8722963295129 25.0369859101821 25.2288366587709 25.4643473169109 25.7051524965374 25.9526399771455 26.1979017165481 26.4410076577817 26.6721160805817 26.9083546788581 27.133132536775 27.3459122459664 27.556321090298 27.7581000941261 27.9446676770704 28.1166119401676 28.2739972175506 28.4168093789933 28.5450321913579 28.6586401490032 28.7579953347417 28.8572855914644 28.9430870907866 29.0153050784773 29.0738104292452 29.1184371244683 29.1489801238885
20.006022398751 20.2484248073934 20.4958897484515 20.7476022427592 21.0027198798376 21.2603716320298 21.5196566345812 21.7788394672143 22.0338032616351 22.2831953675425 22.5260042785728 22.7611950102826 22.9877162716597 23.2239110839397 23.4696792467747 23.7099810876711 23.9434557486699 24.1687178570032 24.3843678054115 24.5890049464803 24.7812435960494 24.9597313872129 25.123169103891 25.3322623227878 25.5708112061619 25.8139545568578 26.0538076739377 26.2978172270446 26.5303816129752 26.7578880259866 26.9814701386962 27.1924773265303 27.3967595800259 27.5966508387323 27.7817405221534 27.9520752051865 28.1077104786058 28.2486998420627 28.3750857004394 28.4868922409368 28.5841199082238 28.68077397212 28.7641186011078 28.8340319170821 28.890402433199 28.933078070922 28.961865281288
19.6496222563568 19.9054617086406 20.1667774678733 20.4327520775397 20.7025415813904 20.9752737316028 21.2485439684235 21.5189561606604 21.7850998665462 22.0459605546963 22.3004860163791 22.5479103089808 22.7886526235633 23.0252614204163 23.2857828967347 23.5408795545133 23.7891260012541 24.029058612228 24.2591861730699 24.4780048042224 24.6840173707395 24.8757570360002 25.0518138854427 25.2228116174867 25.4413372372511 25.6770765738263 25.9193821824084 26.1547027726641 26.3874812493029 26.606251372423 26.8268299935244 27.0346092904168 27.2291700873291 27.4262571113512 27.6085592803253 27.7759439315919 27.9285574442322 28.0665317088798 28.189975375059 28.2989675699132 28.3941192289254 28.4874397733573 28.5676305729767 28.6346435953023 28.6883867962306 28.7287240600641 28.7554756032987
19.2959491770881 19.5650395241432 19.8399839102975 20.1199662568647 20.4041393502271 20.689502608293 20.9733998221213 21.2544218418633 21.5314468106637 21.8034282302161 22.0700636984585 22.3315970001505 22.5869402888413 22.8349445730957 23.100995573249 23.370461753119 23.6330846341251 23.8873170122667 24.1315641570771 24.3641996592202 24.5835883752824 24.7881166788534 24.976228971901 25.1464677890691 25.3287582973987 25.5548975355862 25.7871029332092 26.0170905852563 26.2451876064775 26.4618315737045 26.6705474701037 26.8735095152245 27.06270843076 27.2477876459528 27.4257084038237 27.5887689384823 27.7370838017348 27.8708708295801 27.9903087463284 28.0955329840461 28.1887294544606 28.2779554179876 28.3543884360578 28.4180036296975 28.4687276382775 28.5064398825272 28.5309741717111
18.9473690989197 19.2295810003217 19.5179434364803 19.8116160496778 20.107342463951 20.4028002892715 20.6968182731527 20.9880814671334 21.2755718321214 21.5594463381353 21.8396389187541 22.1150696620034 22.3846185646533 22.6471222981018 22.9177757224609 23.2011689443826 23.4777821310457 23.7459834967066 24.0040645244143 24.2502543624183 24.4827303927546 24.6996628704468 24.8992831711815 25.0799326723874 25.241063363514 25.4416946530599 25.6636718324275 25.8887795766819 26.1050851989487 26.3179097743293 26.5148099116919 26.7100329292892 26.8921495731175 27.0634840387156 27.2335197435779 27.3907523395556 27.533509334387 27.6619825337603 27.7764181468773 27.8770034707114 27.9682554419851 28.0527770136715 28.1249533963783 28.1847789689487 28.2321959064249 28.2670966254071 28.2896825337987
18.604967700701 18.9001671080446 19.2017418663897 19.5064171295891 19.8118753995783 20.1171488410042 20.4208633120449 20.7220133938474 21.0210295397918 21.3176850751581 21.6109523000295 21.8997637560343 22.1830070315585 22.4595189173666 22.7363236431661 23.0343076225298 23.324385469471 23.6060895891501 23.8775874634805 24.1369350313458 24.3820993293179 24.6110024495875 24.8215905863204 25.01192619663 25.1802922051731 25.3502018466343 25.5531261987048 25.7650689734261 25.9744147667097 26.1754922444095 26.3656379600555 26.5445410926813 26.7177069665853 26.8768619357981 27.0338208253909 27.1818108020871 27.3176775707455 27.4397994158027 27.5483430686589 27.6435356978831 27.7328217491507 27.8121534218916 27.8796960006873 27.9354569673772 27.9793892136408 28.0113942906886 28.0343419547366
