data/pm10_slope_4cell_max.asc
ncols	541
nrows	200
xllcorner	12.09692
yllcorner	48.55814
cellsize	0.0125
NODATA_value	-9999.0
[rows 90 to 119 of 200, columns 268 to 334 of 541]
1.37437 1.40839 1.43398 1.45081 1.4594 1.46441 1.4665 1.4601 1.44482 1.42482 1.40393 1.37726 1.34498 1.3107 1.28123 1.26723 1.29999 1.33918 1.37596 1.4119 1.44722 1.47472 1.49404 1.50544 1.51269 1.51648 1.51196 1.49833 1.47597 1.44982 1.42253 1.38973 1.35193 1.30874 1.26107 1.25065 1.29995 1.34612 1.38683 1.422 1.45154 1.47522 1.49233 1.50247 1.51085 1.51941 1.52225 1.52001 1.51285 1.50087 1.48417 1.46252 1.43524 1.40208 1.36351 1.3288 1.29119 1.248 1.19937 1.14588 1.10246 1.06305 1.0306 1.00423 0.98248 0.96406 0.95369
1.34234 1.3744 1.39595 1.41273 1.42397 1.4294 1.42469 1.41105 1.39767 1.38014 1.35674 1.32751 1.29868 1.27194 1.25321 1.29045 1.33534 1.37369 1.41585 1.45274 1.48382 1.50806 1.52949 1.54628 1.55505 1.55653 1.5499 1.53476 1.51508 1.49327 1.46522 1.43168 1.39206 1.34609 1.30147 1.3266 1.37478 1.41913 1.45838 1.49236 1.52096 1.54376 1.55996 1.56933 1.57823 1.58684 1.59024 1.58863 1.58203 1.57053 1.55424 1.53327 1.50763 1.47622 1.43866 1.39818 1.36144 1.3196 1.27245 1.22014 1.16275 1.10579 1.06106 1.02378 1.00536 0.99018 0.97758
1.3001 1.32848 1.35122 1.37031 1.38053 1.38041 1.37426 1.36843 1.35592 1.33679 1.3114 1.28965 1.2661 1.23869 1.2751 1.32332 1.3673 1.41149 1.44862 1.48119 1.51315 1.54247 1.5638 1.57705 1.58286 1.58162 1.57237 1.55673 1.53931 1.51625 1.48722 1.45247 1.41069 1.36722 1.36816 1.39492 1.44267 1.48586 1.52424 1.55758 1.58571 1.60806 1.62386 1.63302 1.64238 1.65167 1.65591 1.65504 1.64907 1.63805 1.62208 1.60128 1.57579 1.54548 1.50974 1.469 1.42763 1.38505 1.33954 1.28895 1.23343 1.17326 1.10982 1.06302 1.02784 1.01604 1.00622
1.25507 1.28048 1.30451 1.3189 1.32509 1.33 1.33251 1.32799 1.31639 1.29947 1.28633 1.26883 1.24693 1.24856 1.29953 1.34877 1.39604 1.43651 1.47207 1.50901 1.54021 1.56446 1.58168 1.5911 1.59352 1.58891 1.57684 1.56289 1.54396 1.51955 1.48974 1.45416 1.42378 1.41976 1.42883 1.45663 1.50357 1.54625 1.58438 1.61771 1.64598 1.66838 1.6842 1.69363 1.70322 1.71361 1.71882 1.71878 1.71344 1.70285 1.6871 1.66633 1.64066 1.60998 1.57457 1.53475 1.49232 1.44721 1.39831 1.3492 1.29587 1.23919 1.18144 1.12176 1.07435 1.04559 1.03148
1.21752 1.24447 1.26331 1.2759 1.29033 1.30061 1.30451 1.30204 1.29768 1.29338 1.28422 1.27044 1.26254 1.27479 1.31805 1.36858 1.41249 1.45282 1.4923 1.52448 1.55019 1.56944 1.58111 1.58645 1.5855 1.57753 1.56697 1.55192 1.53219 1.50716 1.48357 1.46371 1.46148 1.47272 1.48193 1.50979 1.55666 1.59959 1.63822 1.67224 1.70119 1.72407 1.74037 1.7505 1.76014 1.77191 1.77832 1.77921 1.77453 1.76427 1.74854 1.72751 1.70129 1.66987 1.63358 1.59325 1.55106 1.50546 1.45496 1.40057 1.34957 1.29869 1.24536 1.19258 1.14307 1.10063 1.0758
1.19342 1.21798 1.2367 1.2591 1.27583 1.28633 1.2906 1.29657 1.29852 1.29596 1.28815 1.28697 1.28107 1.29216 1.32888 1.37618 1.41819 1.45933 1.4946 1.52267 1.54356 1.55726 1.56496 1.56619 1.56145 1.55443 1.54404 1.5282 1.51348 1.50222 1.48771 1.49137 1.50617 1.51707 1.5269 1.55361 1.60117 1.64506 1.68487 1.72023 1.75037 1.77423 1.79163 1.80317 1.81232 1.82583 1.83365 1.83556 1.83147 1.8214 1.80541 1.78374 1.75651 1.72382 1.68617 1.64456 1.60097 1.55537 1.50442 1.44849 1.39704 1.35001 1.31492 1.27557 1.23228 1.19007 1.14737
1.16373 1.18857 1.21758 1.24048 1.25731 1.26887 1.28336 1.2918 1.29531 1.29411 1.2994 1.30005 1.2943 1.29964 1.32691 1.3707 1.41054 1.44817 1.47964 1.50406 1.52142 1.5317 1.53514 1.53303 1.53101 1.52483 1.51701 1.51274 1.50613 1.49676 1.50963 1.52797 1.54287 1.5543 1.56257 1.58806 1.63585 1.6814 1.72311 1.76048 1.79242 1.81798 1.8374 1.85097 1.85868 1.87436 1.88386 1.88692 1.88336 1.87322 1.85664 1.83388 1.80513 1.77067 1.73114 1.68754 1.64156 1.59367 1.54175 1.48967 1.45545 1.42351 1.39 1.36212 1.32993 1.29383 1.25137
1.13348 1.16738 1.19551 1.21785 1.23514 1.25583 1.27025 1.27903 1.28386 1.29276 1.29961 1.3002 1.29455 1.29066 1.31467 1.35115 1.38635 1.42083 1.44895 1.47017 1.48447 1.49225 1.4944 1.49845 1.49988 1.50122 1.49964 1.49692 1.49434 1.5162 1.53759 1.55581 1.57079 1.58175 1.58837 1.61365 1.65923 1.70714 1.75154 1.79165 1.82609 1.85437 1.87674 1.89284 1.90218 1.91665 1.92842 1.93298 1.93013 1.91989 1.90241 1.87807 1.84717 1.8103 1.76838 1.72237 1.67306 1.62298 1.58944 1.54948 1.51725 1.50384 1.48758 1.46383 1.43225 1.39516 1.35384
1.10998 1.14136 1.1674 1.18821 1.21108 1.23087 1.24509 1.25533 1.26451 1.27593 1.28237 1.28277 1.27714 1.27225 1.29359 1.32478 1.35633 1.38616 1.41014 1.42828 1.44116 1.44909 1.45963 1.46874 1.47355 1.4745 1.47497 1.48392 1.5104 1.53404 1.55489 1.57283 1.58765 1.59817 1.60476 1.62784 1.66956 1.72071 1.76892 1.81288 1.85142 1.88435 1.9113 1.93156 1.94429 1.95674 1.9719 1.97876 1.977 1.96659 1.94788 1.92133 1.88764 1.84768 1.80261 1.75349 1.70813 1.67593 1.63948 1.62149 1.6071 1.59596 1.57898 1.55876 1.52996 1.49623 1.45838
1.07918 1.10884 1.13316 1.15474 1.17914 1.19836 1.21305 1.22441 1.23545 1.24654 1.25289 1.25335 1.24794 1.24795 1.26873 1.29596 1.32519 1.35054 1.37147 1.38845 1.40155 1.41693 1.42854 1.43613 1.4398 1.44162 1.46408 1.49215 1.51754 1.54039 1.56066 1.57832 1.59251 1.60283 1.60999 1.62961 1.67048 1.72496 1.77823 1.82795 1.87302 1.91269 1.9462 1.97236 1.9899 1.999 2.01895 2.02894 2.02848 2.01764 1.99701 1.96747 1.93012 1.88623 1.83711 1.79001 1.76149 1.73565 1.72014 1.70145 1.68914 1.68192 1.66691 1.65131 1.62685 1.59398 1.55655
1.04317 1.07269 1.09658 1.12033 1.14396 1.16237 1.17773 1.18925 1.20015 1.2094 1.21552 1.21615 1.2113 1.21402 1.23294 1.26219 1.28922 1.31228 1.33168 1.34743 1.36354 1.37802 1.38868 1.39543 1.40319 1.43267 1.46203 1.48867 1.51291 1.53481 1.55439 1.57142 1.58466 1.59571 1.60451 1.62225 1.67395 1.73126 1.78682 1.84058 1.89178 1.93943 1.98117 2.01493 2.03885 2.05118 2.06969 2.08356 2.08432 2.07224 2.04848 2.01426 1.9714 1.9217 1.87278 1.84423 1.81733 1.80669 1.79072 1.77709 1.76886 1.76441 1.75382 1.73515 1.71529 1.68673 1.65528
1.00165 1.03201 1.05718 1.08114 1.10333 1.12311 1.1395 1.15146 1.16104 1.16888 1.17492 1.17609 1.17307 1.1761 1.19206 1.22089 1.24595 1.26731 1.28507 1.30067 1.31722 1.33039 1.34163 1.36155 1.39046 1.42087 1.4483 1.47331 1.49617 1.51689 1.53545 1.55092 1.5657 1.57817 1.58735 1.61692 1.67692 1.73645 1.79579 1.85432 1.91091 1.96413 2.01325 2.05602 2.08874 2.10729 2.12216 2.14081 2.14195 2.12649 2.09658 2.05496 2.00418 1.94769 1.92004 1.89355 1.88625 1.87444 1.85784 1.84753 1.84165 1.83852 1.83109 1.81914 1.80332 1.77999 1.74796
0.95404 0.98523 1.01104 1.03509 1.05661 1.07909 1.09688 1.11022 1.12004 1.12921 1.13638 1.13953 1.13862 1.13835 1.15176 1.17326 1.19672 1.21659 1.23293 1.24882 1.26655 1.28667 1.3127 1.33907 1.36908 1.39727 1.42271 1.44588 1.46686 1.48624 1.50411 1.52123 1.53654 1.54865 1.56014 1.6039 1.66873 1.73368 1.79818 1.86157 1.92369 1.98451 2.04233 2.09371 2.13503 2.16131 2.17153 2.19662 2.19632 2.17368 2.13383 2.08176 2.0214 1.98985 1.95648 1.95171 1.94301 1.9309 1.9199 1.91344 1.91516 1.91404 1.90869 1.89801 1.88278 1.86368 1.83706
0.90139 0.93098 0.95856 0.98232 1.00598 1.02917 1.04933 1.06532 1.07805 1.09031 1.10033 1.10629 1.10826 1.10682 1.11487 1.12722 1.14823 1.16722 1.18451 1.20522 1.23092 1.25614 1.28086 1.30754 1.33583 1.36209 1.38595 1.40735 1.42733 1.44642 1.46415 1.48043 1.49485 1.50606 1.52327 1.56953 1.63778 1.70706 1.77702 1.84724 1.91714 1.98606 2.05303 2.11675 2.17248 2.21173 2.22201 2.2491 2.24255 2.20589 2.15129 2.08656 2.04869 2.01361 2.00915 2.0031 1.99388 1.98123 1.97572 1.97484 1.9797 1.98102 1.97821 1.97026 1.95693 1.93667 1.91298
0.86793 0.88575 0.90366 0.92543 0.95021 0.97653 0.99933 1.01811 1.03435 1.05058 1.06403 1.07356 1.07916 1.08159 1.08275 1.09494 1.10996 1.12934 1.14842 1.16971 1.1935 1.21699 1.2404 1.26627 1.29302 1.31801 1.33992 1.36014 1.37889 1.39655 1.41249 1.42725 1.44004 1.45003 1.46707 1.50825 1.57818 1.64985 1.72312 1.79781 1.87373 1.95092 2.02899 2.10632 2.17928 2.24107 2.27793 2.29963 2.26248 2.20311 2.13229 2.08819 2.05013 2.04326 2.04077 2.03604 2.0285 2.02104 2.02038 2.02647 2.03245 2.03683 2.03701 2.03214 2.02173 2.00556 1.98242
0.84888 0.85196 0.86202 0.87807 0.89737 0.92238 0.94775 0.96931 0.98923 1.00927 1.02607 1.03917 1.04856 1.05519 1.06041 1.0684 1.07928 1.09141 1.10803 1.12707 1.14843 1.16976 1.19202 1.21713 1.24231 1.26403 1.28404 1.30236 1.31941 1.3347 1.34853 1.36134 1.37251 1.38377 1.39483 1.44333 1.51304 1.58356 1.65463 1.72589 1.79693 1.86887 1.94961 2.03175 2.11415 2.18823 2.17493 2.20366 2.20804 2.13076 2.08153 2.04426 2.04029 2.04327 2.0442 2.04453 2.04238 2.0456 2.05262 2.06671 2.07697 2.08364 2.08744 2.08625 2.07955 2.06685 2.04885
0.83569 0.8342 0.8357 0.84073 0.85684 0.87821 0.89731 0.91895 0.94242 0.9661 0.98626 1.00292 1.01611 1.0267 1.03577 1.04267 1.04928 1.05877 1.0656 1.07727 1.0956 1.1145 1.13593 1.15956 1.18058 1.19992 1.22179 1.24492 1.2662 1.28558 1.30369 1.32043 1.33509 1.34741 1.35843 1.3928 1.46507 1.53898 1.61433 1.69098 1.76884 1.84813 1.92899 2.01107 2.09229 2.16115 2.17483 2.19282 2.1699 2.09528 2.01104 1.9935 1.99885 2.01468 2.02642 2.03416 2.04126 2.05597 2.07594 2.09584 2.1121 2.12369 2.13006 2.13084 2.12554 2.11467 2.09904
0.8163 0.81356 0.81267 0.81686 0.82678 0.83883 0.85538 0.87301 0.89607 0.92117 0.94584 0.96701 0.9846 0.99847 1.00857 1.01991 1.0271 1.02871 1.03609 1.04031 1.04174 1.052 1.07218 1.09624 1.1243 1.15017 1.17402 1.19591 1.21597 1.2348 1.25271 1.26947 1.28461 1.29776 1.30978 1.32819 1.39193 1.46632 1.54251 1.62021 1.69902 1.77868 1.85864 1.93688 2.00919 2.06716 2.0935 2.10672 2.07631 2.01598 2.00424 2.01153 2.01619 2.02077 2.02294 2.02387 2.03114 2.05425 2.08365 2.10897 2.12936 2.14431 2.15364 2.15717 2.15615 2.15104 2.13996
0.79247 0.78905 0.7871 0.79001 0.79741 0.8078 0.81767 0.82954 0.8516 0.88087 0.90984 0.93567 0.95815 0.97622 0.98948 0.99949 1.00923 1.02153 1.03252 1.03991 1.04494 1.04602 1.04176 1.04472 1.06919 1.09312 1.11525 1.13693 1.15619 1.17325 1.18906 1.20553 1.22043 1.23375 1.24621 1.25852 1.29379 1.36609 1.44011 1.51516 1.59039 1.66501 1.73746 1.8048 1.86201 1.90137 1.91243 1.92348 1.9166 1.93919 1.96664 1.99003 2.01 2.02505 2.03567 2.04203 2.06001 2.08137 2.10127 2.11692 2.12841 2.14881 2.16462 2.17432 2.17843 2.17815 2.17378
0.76608 0.76188 0.75913 0.76034 0.76548 0.77314 0.78137 0.78911 0.80528 0.83786 0.8713 0.90156 0.92766 0.94936 0.96549 0.98247 1.00346 1.01906 1.02889 1.03322 1.04068 1.04536 1.04445 1.03697 1.02496 1.02767 1.04884 1.06824 1.08712 1.10332 1.1168 1.12892 1.14308 1.15595 1.16829 1.18065 1.19316 1.24132 1.31117 1.3816 1.45144 1.51931 1.58351 1.64103 1.68774 1.72604 1.76126 1.77829 1.80861 1.85946 1.90617 1.94452 1.97595 2.0006 2.01887 2.03691 2.06461 2.09106 2.11457 2.13328 2.14733 2.15691 2.16405 2.18132 2.19295 2.19849 2.19832
0.75806 0.7322 0.72886 0.72862 0.73088 0.73499 0.74147 0.74733 0.75765 0.79225 0.82881 0.86243 0.89177 0.91588 0.93834 0.96652 0.99086 1.01025 1.02431 1.03243 1.03548 1.03677 1.03886 1.03596 1.02667 1.01112 0.99746 0.99356 1.00942 1.02332 1.03487 1.04481 1.05408 1.06618 1.07797 1.08991 1.10193 1.11526 1.16113 1.22635 1.29078 1.35277 1.41061 1.46519 1.52484 1.57503 1.62456 1.68115 1.72919 1.77167 1.82658 1.8743 1.91513 1.94905 1.97593 2.01101 2.04496 2.077 2.10513 2.12863 2.14999 2.16683 2.17975 2.18874 2.19462 2.20595 2.21153
0.76699 0.71787 0.69632 0.69428 0.69333 0.69451 0.69775 0.70192 0.70882 0.74192 0.78055 0.81684 0.84854 0.8769 0.91223 0.94401 0.97163 0.99519 1.01343 1.02607 1.03374 1.03793 1.0355 1.03018 1.02608 1.01562 0.99977 0.98063 0.96389 0.95206 0.94409 0.95196 0.95918 0.9665 0.97735 0.98849 0.99981 1.012 1.02638 1.06394 1.12091 1.17903 1.24642 1.31018 1.37225 1.44859 1.51857 1.58396 1.63993 1.68704 1.73097 1.78528 1.83384 1.87562 1.91797 1.963 2.00393 2.04299 2.07939 2.11363 2.14174 2.16428 2.18235 2.1964 2.20487 2.20791 2.2161
0.76396 0.71453 0.67022 0.65657 0.65306 0.65148 0.6509 0.65308 0.65525 0.68443 0.72476 0.76354 0.79823 0.83987 0.88032 0.91642 0.94907 0.97704 0.99965 1.01712 1.02967 1.03687 1.03908 1.03851 1.032 1.01825 1.00158 0.98545 0.96605 0.94295 0.92102 0.90395 0.8846 0.86454 0.86854 0.8784 0.88866 0.89988 0.9136 0.92965 0.97033 1.02552 1.09138 1.17068 1.25242 1.32994 1.40642 1.47594 1.53801 1.59234 1.64153 1.68587 1.7381 1.78918 1.84588 1.89789 1.94758 1.9971 2.04295 2.08273 2.11689 2.1463 2.17123 2.19089 2.20507 2.2155 2.2225
0.74505 0.69497 0.64807 0.62262 0.61612 0.60859 0.60591 0.60346 0.60145 0.6205 0.66155 0.70321 0.75043 0.80101 0.84744 0.88952 0.92692 0.95935 0.98649 1.00872 1.02552 1.03653 1.04348 1.04601 1.04148 1.03127 1.01867 1.00233 0.98228 0.95862 0.93798 0.91516 0.8947 0.87406 0.85722 0.83808 0.8251 0.81466 0.79885 0.80917 0.83226 0.88718 0.95587 1.03864 1.12007 1.20435 1.28362 1.3591 1.42988 1.49362 1.5504 1.60261 1.64862 1.70504 1.76839 1.82697 1.88336 1.93891 1.99077 2.03803 2.07988 2.11653 2.14781 2.17333 2.19488 2.21476 2.23199
0.74119 0.6862 0.63692 0.60306 0.59538 0.58618 0.57703 0.57201 0.56433 0.56477 0.59521 0.64964 0.71314 0.77142 0.82326 0.86948 0.91028 0.9458 0.97624 1.00169 1.0214 1.03541 1.04489 1.04933 1.04816 1.04525 1.03697 1.0325 1.02428 1.01714 1.00803 0.99672 0.98425 0.96916 0.95068 0.93784 0.92236 0.89968 0.87189 0.83446 0.80646 0.7932 0.81685 0.89468 0.98118 1.06858 1.15664 1.23918 1.31807 1.39196 1.45859 1.51776 1.57056 1.62266 1.68688 1.74955 1.81083 1.87093 1.9283 1.98193 2.03118 2.07539 2.11452 2.14956 2.18261 2.21204 2.23614
0.73581 0.67963 0.62598 0.58373 0.57462 0.56519 0.55499 0.54612 0.54264 0.53474 0.56289 0.63633 0.70649 0.76515 0.81684 0.86392 0.90565 0.94203 0.97341 0.99927 1.0198 1.03566 1.04704 1.05437 1.05944 1.06593 1.07886 1.08812 1.09424 1.09868 1.10236 1.10793 1.11226 1.11471 1.1164 1.11154 1.09881 1.09123 1.07041 1.03317 0.98332 0.93629 0.89428 0.85909 0.86279 0.93186 1.02424 1.11895 1.20658 1.28685 1.35939 1.4259 1.48873 1.54684 1.60385 1.66882 1.734 1.79546 1.85818 1.92086 1.97888 2.03209 2.08066 2.12482 2.16492 2.20103 2.23156
0.72226 0.66055 0.6047 0.56765 0.55663 0.5489 0.55684 0.56496 0.57304 0.58384 0.63223 0.69607 0.74522 0.78906 0.83153 0.87507 0.91474 0.94956 0.9794 1.00451 1.02592 1.04302 1.05617 1.06696 1.09016 1.11447 1.136 1.15617 1.17547 1.19464 1.21673 1.23971 1.26284 1.28638 1.30773 1.32368 1.3323 1.32628 1.3178 1.29291 1.23607 1.16435 1.10223 1.03471 0.96797 0.90815 0.90394 0.99527 1.09156 1.18106 1.26176 1.33532 1.40547 1.47193 1.53441 1.59167 1.6559 1.72411 1.79059 1.85877 1.92468 1.98537 2.04123 2.09264 2.13993 2.18325 2.22091
0.69649 0.63353 0.57868 0.55761 0.55436 0.56914 0.59158 0.61717 0.64695 0.68459 0.73066 0.76615 0.79834 0.83016 0.8653 0.90163 0.93366 0.96519 0.99381 1.01898 1.04054 1.0579 1.07246 1.10681 1.14172 1.17444 1.20579 1.23684 1.26833 1.30201 1.3378 1.37465 1.41247 1.45242 1.49274 1.53168 1.56462 1.58614 1.5821 1.57755 1.51947 1.4112 1.30011 1.20948 1.11965 1.03761 0.96448 0.90836 0.98149 1.07894 1.16889 1.25452 1.33381 1.40724 1.47326 1.53373 1.59272 1.66061 1.72979 1.79679 1.86513 1.93362 1.99723 2.0563 2.11109 2.16168 2.20656
0.66741 0.6038 0.56463 0.5592 0.59046 0.62366 0.65873 0.69182 0.72559 0.76024 0.79394 0.8242 0.85225 0.8791 0.9113 0.93904 0.9677 0.99564 1.01916 1.03838 1.05891 1.07675 1.11713 1.16032 1.20162 1.24127 1.28018 1.31964 1.36003 1.40141 1.44404 1.4892 1.53655 1.58715 1.64158 1.69881 1.75646 1.80835 1.843 1.87119 1.79673 1.63648 1.46921 1.33609 1.22934 1.13515 1.04653 0.96885 0.91338 0.99692 1.09484 1.18379 1.2708 1.35014 1.42147 1.48591 1.54403 1.60801 1.67386 1.74152 1.80943 1.8838 1.95448 2.02096 2.08173 2.1384 2.19016
0.63737 0.5785 0.56039 0.59939 0.64277 0.68366 0.72053 0.75532 0.78734 0.81734 0.84575 0.87222 0.8974 0.92999 0.95864 0.98553 1.0122 1.03335 1.04891 1.06539 1.07805 1.1164 1.16522 1.21244 1.25803 1.30207 1.34559 1.38893 1.43186 1.47495 1.51994 1.56704 1.61655 1.66881 1.72522 1.78593 1.85056 1.91698 1.959 1.86712 1.89484 1.75265 1.55262 1.39355 1.27935 1.18012 1.08903 1.00807 0.94161 0.93525 1.03771 1.13266 1.21849 1.29953 1.37517 1.44279 1.5036 1.56442 1.6331 1.69616 1.76573 1.83948 1.91678 1.98852 2.05474 2.11531 2.17142
