data/pm10_slope_4cell_max.asc
ncols	541
nrows	200
xllcorner	12.09692
yllcorner	48.55814
cellsize	0.0125
NODATA_value	-9999.0
[rows 150 to 179 of 200, columns 335 to 401 of 541]
1.38968 1.32415 1.25431 1.18142 1.12358 1.10516 1.09115 1.07369 1.05494 1.03274 1.00749 0.98146 0.95582 0.93779 0.94188 0.95734 0.98414 1.03616 1.11404 1.19612 1.2807 1.3585 1.40857 1.44656 1.31529 1.3027 1.44973 1.27866 1.18752 1.03954 0.93885 0.92602 1.08634 1.26913 1.39779 1.4979 1.5866 1.67015 1.75092 1.82796 1.90078 1.99147 2.07794 2.15388 2.22073 2.27763 2.32552 2.36527 2.39791 2.4228 2.43875 2.44627 2.44683 2.43947 2.42388 2.40693 2.39578 2.39078 2.40222 2.40868 2.41036 2.40743 2.40002 2.38832 2.37314 2.35445 2.33169
1.2603 1.18919 1.12073 1.09033 1.07601 1.06183 1.04677 1.03 1.00961 0.98534 0.95713 0.93411 0.93598 0.95177 0.97657 1.00654 1.05414 1.11966 1.18561 1.25126 1.33951 1.45366 1.56866 1.52826 1.50046 1.5705 1.51138 1.31951 1.10704 0.99761 0.97201 1.134 1.40003 1.52462 1.5516 1.59281 1.64618 1.70514 1.76607 1.82723 1.88759 1.9484 2.02579 2.09354 2.15209 2.20119 2.24183 2.275 2.30155 2.32211 2.33618 2.34137 2.33763 2.32769 2.31104 2.29589 2.28648 2.29301 2.30211 2.30664 2.30687 2.30311 2.29562 2.2847 2.27064 2.25316 2.23209
1.12869 1.08846 1.069 1.04899 1.03115 1.01456 0.99695 0.97895 0.95735 0.93269 0.92826 0.94291 0.96277 0.99044 1.01584 1.04705 1.10685 1.19039 1.2785 1.37088 1.46651 1.5586 1.63221 1.67918 1.59475 1.52937 1.39711 1.20475 1.0388 0.95711 1.01559 1.30098 1.48236 1.51625 1.54401 1.59606 1.64921 1.70293 1.75647 1.81015 1.8628 1.91095 1.97456 2.03346 2.08437 2.12694 2.16084 2.18686 2.20647 2.22033 2.22803 2.23033 2.22452 2.21038 2.19018 2.1803 2.17519 2.18132 2.1869 2.18814 2.18557 2.17956 2.17054 2.15898 2.14479 2.12893 2.12379
1.07507 1.05237 1.0291 1.00754 0.98509 0.96309 0.94527 0.92667 0.91637 0.93335 0.9521 0.97585 1.00141 1.02299 1.06928 1.13395 1.20846 1.28312 1.35702 1.42814 1.49198 1.54139 1.56396 1.53538 1.47779 1.39366 1.24841 1.07148 0.96765 0.8891 0.98772 1.19422 1.324 1.39222 1.4677 1.54188 1.60821 1.66746 1.72243 1.77468 1.82375 1.86708 1.9207 1.97104 2.01436 2.05051 2.07864 2.09872 2.11143 2.11875 2.11994 2.11424 2.10457 2.08812 2.07021 2.05968 2.0531 2.05732 2.05895 2.05634 2.05048 2.042 2.0315 2.01937 2.00767 2.01349 2.02186
1.03843 1.01332 0.98873 0.96303 0.93716 0.9149 0.90088 0.9122 0.93587 0.96107 0.98709 1.01645 1.05721 1.10072 1.14517 1.20045 1.26286 1.32372 1.37885 1.42507 1.4569 1.46663 1.4444 1.38105 1.32818 1.23503 1.10424 1.00488 0.90456 0.85161 0.92598 1.05629 1.18596 1.29317 1.38868 1.47313 1.54706 1.61211 1.67065 1.72436 1.77241 1.81326 1.86095 1.90416 1.94078 1.97084 1.99384 2.00898 2.0164 2.01664 2.0109 1.99983 1.98197 1.96099 1.94932 1.93384 1.92536 1.92416 1.92147 1.91427 1.90446 1.89304 1.88097 1.87532 1.88673 1.89807 1.90843
1.00159 0.97235 0.94473 0.9271 0.90985 0.90039 0.91281 0.93288 0.96498 1.00631 1.04809 1.08966 1.1296 1.16683 1.20166 1.24296 1.28784 1.32728 1.35992 1.38265 1.38865 1.37115 1.32629 1.24828 1.18979 1.12949 1.05708 0.96681 0.88709 0.8562 0.89346 0.99607 1.09309 1.20838 1.30917 1.39792 1.47597 1.5454 1.60752 1.66328 1.71174 1.75164 1.79353 1.83146 1.86288 1.88778 1.90613 1.91706 1.92009 1.91545 1.90353 1.88513 1.8618 1.84475 1.82777 1.80677 1.7954 1.78444 1.7751 1.76212 1.74688 1.73107 1.73354 1.74534 1.75875 1.7735 1.78939
0.96863 0.94831 0.92634 0.91097 0.90468 0.91602 0.93711 0.97896 1.02385 1.06719 1.109 1.14856 1.18435 1.21643 1.24341 1.26595 1.29216 1.3154 1.32767 1.32685 1.31265 1.27957 1.22744 1.17538 1.15336 1.10858 1.04211 0.96409 0.90029 0.87585 0.90763 0.96015 1.04315 1.1297 1.23044 1.31997 1.40008 1.47222 1.53702 1.59489 1.64431 1.68426 1.71876 1.75312 1.78073 1.80162 1.8158 1.82299 1.82239 1.81382 1.79748 1.77371 1.75029 1.73128 1.70812 1.68403 1.66421 1.64567 1.62494 1.60464 1.58571 1.58891 1.59568 1.60693 1.62311 1.64281 1.66469
0.94702 0.92406 0.91044 0.90984 0.92242 0.94428 0.98285 1.02561 1.07294 1.11784 1.15841 1.19417 1.22469 1.24948 1.26958 1.28412 1.29279 1.29661 1.29366 1.28577 1.27007 1.24079 1.19887 1.18278 1.15552 1.1119 1.0511 0.98107 0.92507 0.90451 0.93231 0.97118 1.01655 1.08217 1.15782 1.24528 1.325 1.39742 1.46318 1.52243 1.57298 1.6134 1.64442 1.67138 1.69614 1.71381 1.72453 1.7283 1.72449 1.71269 1.69299 1.66685 1.64616 1.62273 1.59339 1.56771 1.54128 1.51145 1.48005 1.45966 1.45504 1.4505 1.45024 1.46015 1.48121 1.50991 1.54105
0.92012 0.907 0.90791 0.92179 0.95123 0.9874 1.02778 1.07086 1.11282 1.15209 1.18844 1.22086 1.24778 1.26922 1.2847 1.29362 1.29605 1.29174 1.28933 1.27922 1.2638 1.24102 1.21603 1.20106 1.17176 1.12713 1.06675 1.00557 0.95542 0.93655 0.9613 0.99268 1.01858 1.05535 1.10714 1.17878 1.25562 1.32631 1.39131 1.45012 1.50065 1.5414 1.57273 1.59501 1.61126 1.62659 1.63452 1.63537 1.62905 1.61471 1.59235 1.57235 1.54824 1.51985 1.48852 1.4588 1.42707 1.38838 1.36214 1.34878 1.3346 1.31869 1.30849 1.31433 1.34277 1.38428 1.43534
0.89653 0.9027 0.919 0.94966 0.98464 1.02502 1.06459 1.10658 1.14604 1.1812 1.21171 1.23865 1.26153 1.27907 1.29151 1.29773 1.29864 1.30287 1.30047 1.29666 1.28402 1.26063 1.24006 1.22091 1.18966 1.14536 1.09127 1.03705 0.985 0.96777 0.98733 1.01234 1.03265 1.04797 1.08266 1.12509 1.19536 1.2629 1.32527 1.38224 1.43176 1.47205 1.503 1.5249 1.53811 1.54344 1.54712 1.54585 1.53749 1.52162 1.50513 1.48387 1.45715 1.42622 1.39231 1.36041 1.32548 1.29637 1.27785 1.25969 1.24041 1.21696 1.19997 1.2022 1.23618 1.28768 1.3631
0.89284 0.90591 0.93896 0.97603 1.01326 1.05234 1.09358 1.13175 1.16877 1.20142 1.22998 1.25402 1.2732 1.28704 1.2953 1.30279 1.31164 1.316 1.32281 1.32112 1.30901 1.28704 1.26874 1.24796 1.21632 1.17346 1.12164 1.06652 1.01401 0.99926 1.0163 1.03585 1.05125 1.06263 1.07036 1.10447 1.14492 1.20863 1.2679 1.3223 1.36977 1.40842 1.43807 1.45903 1.47164 1.47602 1.47279 1.46226 1.45073 1.43846 1.4244 1.40222 1.37417 1.34114 1.30677 1.27499 1.24919 1.23233 1.21493 1.20013 1.18287 1.16462 1.14911 1.1579 1.1901 1.25209 1.3223
0.89334 0.92675 0.95971 0.99369 1.03287 1.07184 1.11118 1.14935 1.18327 1.21336 1.23893 1.26016 1.27684 1.28845 1.29947 1.31328 1.32461 1.33652 1.34325 1.34221 1.33068 1.30941 1.29403 1.27105 1.23787 1.1945 1.14298 1.08804 1.0413 1.03015 1.04468 1.05923 1.07005 1.07758 1.08166 1.08829 1.11683 1.16386 1.21961 1.27104 1.31609 1.35277 1.38088 1.40056 1.41202 1.41562 1.4115 1.40028 1.38345 1.3692 1.34943 1.32731 1.29889 1.26511 1.23244 1.20734 1.19685 1.18375 1.17127 1.16085 1.15086 1.14386 1.1417 1.14989 1.1868 1.2424 1.30046
0.9006 0.93733 0.97295 1.00841 1.04717 1.08678 1.12599 1.16152 1.19314 1.22058 1.24352 1.26164 1.27708 1.29018 1.30799 1.32599 1.34475 1.35549 1.36139 1.36007 1.34881 1.3276 1.31141 1.28635 1.25179 1.20791 1.15904 1.10807 1.06517 1.05511 1.06699 1.07706 1.08485 1.08968 1.09143 1.08987 1.10384 1.12844 1.18006 1.22816 1.27063 1.30543 1.33202 1.35056 1.36123 1.36417 1.35972 1.34802 1.33883 1.3239 1.30214 1.27361 1.23905 1.21015 1.18505 1.17418 1.16303 1.15099 1.14144 1.13422 1.13192 1.13323 1.13719 1.15144 1.19145 1.2375 1.28574
0.90456 0.93775 0.97632 1.01607 1.055 1.09593 1.13302 1.1664 1.19644 1.22212 1.2433 1.26421 1.28064 1.2988 1.31964 1.34383 1.36255 1.37378 1.37674 1.37355 1.36193 1.34248 1.32551 1.30027 1.26632 1.22485 1.17737 1.12632 1.08556 1.08017 1.08955 1.09748 1.10284 1.10546 1.1051 1.10153 1.09625 1.11428 1.14903 1.19349 1.23332 1.26639 1.29158 1.30909 1.31908 1.32172 1.31715 1.3139 1.30479 1.28928 1.26766 1.23962 1.21041 1.18159 1.16501 1.15525 1.14676 1.13748 1.12989 1.12682 1.12558 1.12851 1.13732 1.15851 1.19068 1.23046 1.27146
0.90401 0.93982 0.9787 1.02058 1.06282 1.10162 1.13669 1.16779 1.19486 1.21988 1.24468 1.26508 1.28719 1.3105 1.33555 1.36047 1.37908 1.39036 1.39327 1.38795 1.37482 1.35707 1.33938 1.31358 1.27966 1.23769 1.18956 1.14041 1.10569 1.1042 1.1124 1.11796 1.12065 1.12038 1.11709 1.11062 1.10085 1.10404 1.12616 1.16691 1.20397 1.23536 1.25932 1.27595 1.28539 1.28781 1.29129 1.28868 1.27971 1.26456 1.24345 1.2187 1.19331 1.16881 1.15183 1.14256 1.13486 1.12878 1.12324 1.12028 1.12171 1.12534 1.14354 1.168 1.20206 1.23545 1.26939
0.89639 0.93647 0.97787 1.02249 1.06361 1.10106 1.13467 1.16427 1.19328 1.22053 1.24536 1.27169 1.29544 1.32142 1.34713 1.37088 1.38922 1.40003 1.40307 1.39747 1.38412 1.36699 1.3474 1.32003 1.28483 1.24212 1.19414 1.14601 1.12222 1.12783 1.13169 1.13404 1.1342 1.13222 1.12795 1.12147 1.11328 1.10247 1.1111 1.14802 1.18227 1.2119 1.23482 1.25073 1.25979 1.27001 1.2739 1.27139 1.26269 1.24815 1.22794 1.20905 1.18698 1.16501 1.14577 1.1353 1.12759 1.12099 1.11769 1.11489 1.11619 1.12855 1.14723 1.17839 1.2118 1.24383 1.27404
0.88877 0.93294 0.97686 1.01848 1.05818 1.09413 1.12663 1.15912 1.18881 1.21892 1.24799 1.27461 1.30129 1.32827 1.35442 1.37475 1.38938 1.3974 1.39879 1.39283 1.37933 1.3632 1.34302 1.31554 1.28076 1.23886 1.19184 1.14978 1.14571 1.14982 1.15225 1.15362 1.15277 1.14955 1.14405 1.13618 1.12598 1.11388 1.10342 1.1365 1.16782 1.19545 1.21749 1.23352 1.24991 1.25994 1.26375 1.26147 1.25324 1.23926 1.22347 1.20548 1.18927 1.1681 1.14453 1.13274 1.124 1.11623 1.11174 1.11036 1.11162 1.12738 1.15187 1.18126 1.21131 1.24199 1.27085
0.88272 0.92928 0.97377 1.01511 1.05284 1.0885 1.12355 1.15576 1.19016 1.22131 1.25213 1.27941 1.30717 1.33388 1.35891 1.37846 1.39118 1.39625 1.39447 1.38669 1.37242 1.35804 1.33677 1.3086 1.27351 1.23183 1.19036 1.16008 1.1658 1.16927 1.17135 1.17106 1.16934 1.16527 1.15866 1.14966 1.13819 1.12414 1.11075 1.13195 1.16006 1.18555 1.20829 1.23054 1.24657 1.25648 1.26038 1.25841 1.25073 1.23755 1.22466 1.21059 1.19509 1.17539 1.15096 1.13392 1.12438 1.11376 1.10662 1.10473 1.10925 1.12457 1.15142 1.17844 1.20543 1.23237 1.25928
0.87333 0.92005 0.964 1.00515 1.04385 1.08106 1.11713 1.15358 1.18815 1.22099 1.25269 1.28184 1.30998 1.33612 1.35758 1.3738 1.38569 1.39069 1.38825 1.37925 1.36594 1.34967 1.32669 1.29699 1.26073 1.22078 1.18152 1.1736 1.1779 1.18125 1.18267 1.18268 1.18033 1.17543 1.16785 1.1575 1.14485 1.13028 1.12229 1.13382 1.15871 1.18547 1.21116 1.23301 1.24894 1.25894 1.26314 1.26167 1.25464 1.24352 1.23126 1.21966 1.20426 1.18537 1.16241 1.14009 1.12863 1.1156 1.10363 1.09813 1.10742 1.1239 1.14825 1.17257 1.19699 1.22107 1.2441
0.86333 0.90953 0.95249 0.99318 1.03104 1.06985 1.10682 1.14416 1.18003 1.21389 1.24634 1.2773 1.30452 1.33028 1.35068 1.36424 1.37171 1.37452 1.37108 1.36111 1.34926 1.33187 1.30812 1.27801 1.24164 1.20216 1.17976 1.18503 1.18899 1.19068 1.19112 1.19042 1.18783 1.18277 1.1751 1.16474 1.15159 1.13596 1.13531 1.14764 1.17213 1.19591 1.21894 1.24022 1.2563 1.26665 1.27136 1.27055 1.26434 1.25413 1.24369 1.23244 1.21723 1.19831 1.17605 1.15104 1.13528 1.12101 1.10538 1.09281 1.10127 1.12066 1.14179 1.16253 1.18315 1.20239 1.21894
0.85669 0.90149 0.94401 0.98328 1.02245 1.06114 1.09875 1.13542 1.17203 1.20642 1.23756 1.26712 1.29223 1.31429 1.33213 1.3445 1.35067 1.35139 1.34619 1.33663 1.32431 1.30599 1.28164 1.25126 1.21524 1.19034 1.18791 1.19366 1.1972 1.19841 1.19832 1.19656 1.19339 1.18818 1.18045 1.17009 1.15701 1.14896 1.15239 1.169 1.1906 1.21164 1.232 1.25159 1.26801 1.27895 1.28439 1.28446 1.27922 1.26883 1.25911 1.24833 1.23356 1.2149 1.19257 1.16691 1.14505 1.12967 1.11145 1.09304 1.09187 1.11048 1.12804 1.14414 1.1577 1.16879 1.17614
0.85771 0.89537 0.93147 0.9725 1.01347 1.05511 1.09549 1.1319 1.1677 1.20158 1.23214 1.25902 1.28206 1.29997 1.31319 1.32146 1.32421 1.32168 1.31611 1.30713 1.2925 1.27252 1.24675 1.21598 1.1926 1.18341 1.19053 1.19593 1.19925 1.20041 1.1993 1.19672 1.19338 1.18806 1.18032 1.17034 1.1648 1.16724 1.17566 1.19476 1.21372 1.23221 1.25012 1.26743 1.28348 1.2952 1.30162 1.30276 1.29871 1.28956 1.27711 1.26691 1.2527 1.23455 1.21256 1.1869 1.15979 1.14116 1.12129 1.09944 1.08639 1.09745 1.1093 1.11791 1.12292 1.12308 1.11925
0.88187 0.911 0.93811 0.9642 1.00507 1.04754 1.08854 1.12624 1.16057 1.19181 1.21997 1.24461 1.26556 1.28227 1.29344 1.29953 1.30028 1.29577 1.28971 1.27827 1.26171 1.23965 1.21359 1.19016 1.18053 1.18551 1.19204 1.19664 1.19953 1.20039 1.19912 1.19618 1.19194 1.18652 1.17908 1.18082 1.18342 1.19117 1.20723 1.22421 1.24106 1.25727 1.27294 1.28808 1.30262 1.31487 1.32243 1.32488 1.32223 1.31454 1.30191 1.28784 1.27438 1.25691 1.23551 1.21026 1.18129 1.15626 1.13494 1.11035 1.08253 1.08019 1.08384 1.08199 1.07472 1.06329 1.05621
0.90402 0.93143 0.95689 0.98049 1.00536 1.04385 1.08117 1.11528 1.14609 1.1735 1.19743 1.21815 1.23592 1.24992 1.25938 1.26365 1.26366 1.26176 1.25475 1.24232 1.22457 1.20309 1.18362 1.17409 1.17731 1.18509 1.191 1.19499 1.197 1.19699 1.19554 1.19271 1.19157 1.19602 1.19994 1.20305 1.21431 1.22733 1.24151 1.25665 1.27181 1.2863 1.30012 1.31328 1.32591 1.33779 1.34634 1.35026 1.34924 1.34323 1.33235 1.31664 1.29828 1.28174 1.26117 1.23665 1.20829 1.17706 1.15114 1.1219 1.08727 1.05622 1.04896 1.03572 1.01657 1.00146 0.98295
0.91354 0.94144 0.96736 0.99147 1.01393 1.03997 1.07286 1.10251 1.12917 1.15319 1.17381 1.19088 1.20422 1.2143 1.22027 1.22396 1.22399 1.21913 1.20913 1.19718 1.18207 1.16577 1.15527 1.15952 1.16844 1.17547 1.18061 1.18417 1.19175 1.19829 1.20384 1.20894 1.21369 1.22023 1.23134 1.2426 1.25395 1.26548 1.27811 1.29175 1.30542 1.31853 1.33098 1.3427 1.35366 1.364 1.3732 1.37844 1.3792 1.37515 1.36624 1.35256 1.33413 1.31142 1.28917 1.26478 1.23544 1.20105 1.16505 1.12944 1.08724 1.04376 1.0098 0.98964 0.9682 0.94022 0.93355
0.91124 0.94019 0.96616 0.98965 1.0126 1.03403 1.05646 1.08419 1.10865 1.13005 1.14865 1.16385 1.17524 1.18204 1.18628 1.18764 1.18443 1.17735 1.17175 1.16229 1.14862 1.14057 1.14595 1.15895 1.1708 1.18138 1.19074 1.19897 1.20644 1.21772 1.22884 1.23988 1.2509 1.26191 1.27283 1.2836 1.29417 1.30501 1.3167 1.32915 1.34161 1.35356 1.36489 1.37554 1.38541 1.39447 1.40274 1.40932 1.4117 1.40972 1.40308 1.39156 1.37442 1.35143 1.32271 1.28959 1.25801 1.21998 1.17519 1.12936 1.0807 1.03057 0.99339 0.95744 0.93083 0.90845 0.90405
0.89265 0.92688 0.95692 0.98293 1.00543 1.02659 1.04544 1.0628 1.08165 1.09866 1.11331 1.1257 1.13463 1.14183 1.14839 1.15241 1.15413 1.15457 1.15142 1.1444 1.14181 1.1483 1.16383 1.17898 1.19305 1.20617 1.21849 1.23017 1.2414 1.25237 1.26328 1.27426 1.28543 1.29677 1.30821 1.31955 1.33065 1.34186 1.35401 1.36663 1.37888 1.39041 1.40124 1.41126 1.42043 1.4287 1.43606 1.44247 1.44641 1.44529 1.43903 1.42719 1.40942 1.38471 1.35245 1.31256 1.26935 1.22742 1.17905 1.12382 1.07372 1.0272 0.98475 0.95216 0.919 0.90512 0.90778
0.84928 0.88714 0.92393 0.95669 0.98548 1.0104 1.03163 1.04946 1.06449 1.07693 1.08761 1.09842 1.10828 1.11957 1.13061 1.13943 1.14504 1.14784 1.14691 1.14331 1.15796 1.17618 1.19291 1.20824 1.22232 1.23527 1.24725 1.25848 1.26917 1.2796 1.29006 1.30085 1.31219 1.32411 1.33644 1.34876 1.36072 1.37267 1.3855 1.39903 1.41215 1.42444 1.43584 1.44634 1.4556 1.46327 1.46917 1.47321 1.47526 1.47338 1.46534 1.45077 1.42916 1.40005 1.36305 1.31817 1.27012 1.22242 1.17785 1.12729 1.07088 1.02399 0.98772 0.95911 0.93134 0.91904 -9999.0
0.82197 0.85496 0.88653 0.91752 0.94564 0.97041 0.9928 1.01471 1.03497 1.0527 1.06787 1.08072 1.09753 1.11229 1.12443 1.13351 1.13948 1.14214 1.1414 1.15897 1.17956 1.19838 1.2155 1.23105 1.24538 1.25821 1.26964 1.27998 1.28983 1.2993 1.30882 1.31895 1.33023 1.343 1.35694 1.37099 1.38423 1.39714 1.41072 1.42468 1.43824 1.45071 1.46178 1.47128 1.4791 1.48487 1.48813 1.48861 1.48583 1.47949 1.46775 1.44889 1.42275 1.39132 1.35714 1.31524 1.26586 1.22041 1.17415 1.129 1.07832 1.03055 0.99666 0.97351 0.95728 -9999.0 -9999.0
0.81387 0.84456 0.8725 0.89765 0.92012 0.94102 0.95972 0.97692 0.99469 1.01267 1.03287 1.05419 1.07313 1.0896 -9999.0 -9999.0 1.12016 1.12386 -9999.0 -9999.0 -9999.0 -9999.0 1.23264 1.24929 1.26407 1.2771 1.28845 1.29824 1.30661 1.3137 1.31977 1.3272 1.33696 1.3499 1.36666 1.38357 1.397 1.40948 1.42248 1.4357 1.44815 1.45939 1.46883 1.47599 1.48061 1.48223 1.48063 1.47809 1.47594 1.46918 1.45757 1.43998 1.41533 1.38365 1.34712 1.30846 1.26338 1.21751 1.17645 1.13539 1.08962 1.04454 1.01524 0.99833 0.99121 -9999.0 -9999.0
