data/pm10_concentration_min.asc
NCOLS 541
NROWS 200
XLLCORNER 12.09692
YLLCORNER 48.55814
CELLSIZE 0.0125
NODATA_VALUE -9999
[rows 105 to 125 of 200, columns 94 to 140 of 541]
25.7314001788395 25.7362124642775 25.7382068269255 25.7315122250779 25.6981357697346 25.6404505423212 25.5710507865659 25.4874673473659 25.3765375661394 25.1856492428519 24.9116247846938 24.4595717374758 24.0567442954876 23.735335072778 23.4843570073769 23.2862492276267 23.125314853161 22.9902888802335 22.8740615336214 22.7722228420395 22.6820254009291 22.6017591287589 22.5304081989677 22.467504834693 22.4131700395755 22.3684403502005 22.3360996847396 22.3215605046348 22.3297518717581 22.358293366309 22.4008017357945 22.4529101053965 22.5124420144668 22.5783301376689 22.6499204808605 22.725687699149 22.7989270935368 22.85487943541 22.9208316595889 22.9920947347266 23.0586778790138 23.1319188548464 23.2127726249504 23.2992165137651 23.3957528668715 23.5021947438073 23.6028142059059
25.7287491077492 25.7279224221204 25.7223225556174 25.7074593895027 25.6799277286721 25.6401723476235 25.5922987087804 25.5402776719562 25.4349295503301 25.2195474211775 24.9967098334359 24.7161237278651 24.4139011274524 24.1520533494851 23.8633813409875 23.6215519674775 23.4183046842146 23.2455143799387 23.0964371568376 22.9661239135471 22.851022286478 22.7485952112915 22.6570265827015 22.5750175576341 22.5016678712056 22.436479989634 22.3798379722776 22.3384185583847 22.3449593478389 22.3795767407144 22.4229699727245 22.4728115616177 22.5285306813819 22.5898729756194 22.656682878082 22.7283107560187 22.8035540425869 22.8822463421836 22.9642578232949 23.0296687411278 23.0950554116465 23.1683678508635 23.2377687301885 23.3138730969151 23.3938374543816 23.4824279761341 23.5806163168782
25.7065368589054 25.6985663915314 25.6854524489145 25.6646151716972 25.6348503172465 25.5845008602833 25.4982249806576 25.399267104639 25.2738936685078 25.1030476800668 24.9092280288304 24.6984954480492 24.4293285840119 24.1820784104692 23.9627127405198 23.7703811190056 23.6029710384429 23.4508143261949 23.3117422042011 23.1599815179737 23.025262057684 22.9050904881923 22.7975572312126 22.7012417400293 22.6151768505997 22.5389871150717 22.4737955841546 22.427695360346 22.4213976696172 22.4431457736943 22.4764725474657 22.5174967468395 22.565116328096 22.6188565811492 22.6784471421604 22.7436738390082 22.8132830978259 22.8865680001762 22.9633777407137 23.0435715763058 23.1270151023705 23.1991811083334 23.2641573818134 23.338483761106 23.415181466737 23.4898031244771 23.5699649436947
25.6697318681618 25.6545867599348 25.6341978681246 25.5901902553659 25.518208561788 25.4317524700049 25.3357678175017 25.2284024210544 25.0944611245827 24.9397648971878 24.7736498834149 24.5957483754549 24.3669646140244 24.1448149113141 23.9334145574892 23.741082866495 23.5692563671193 23.4166979576856 23.2805417386211 23.1527808494597 23.0394127394998 22.9388058053508 22.849847202241 22.7644717470882 22.6837918120614 22.6096852097538 22.5506325937768 22.5106193043601 22.4928352814409 22.4967715922023 22.5180885006812 22.552817552255 22.5986978513993 22.6545048837628 22.7141849679771 22.770971631312 22.8335292354636 22.9003313077943 22.9710296435968 23.0454270529187 23.1233504268873 23.2046432706882 23.2891445281653 23.3586948166623 23.4237367890285 23.4977075163764 23.5802442570684
25.6219056880756 25.5883505444505 25.5181346940391 25.4437477960392 25.364736652061 25.2709330909364 25.1690259842965 25.0516694422579 24.9185283403013 24.7739838388307 24.6224699049937 24.4609571336502 24.2593469139916 24.0576735637896 23.8683607802345 23.6846637529739 23.5153221469641 23.3619485774161 23.2239288478872 23.1003898281469 22.9886551745687 22.8839946959746 22.7918393646778 22.7057936905026 22.6287536886903 22.5624476496445 22.5070812673265 22.4684869273204 22.4488341035219 22.4476781744574 22.4630939921523 22.4929187350096 22.5353550369807 22.5890988101741 22.6532494200083 22.7271882788692 22.8104085819555 22.9004739786299 22.986124216042 23.0540971740142 23.1259204072248 23.2013982555962 23.2803576539983 23.3626425858315 23.4478697887168 23.5059636870698 23.5700215271922
25.53024436678 25.4560778461684 25.3777499416517 25.2958934746211 25.2034849234703 25.1040709057806 24.9915121594511 24.8712395968467 24.7438611417273 24.6113444634982 24.4690511266157 24.3176873318601 24.1353378745979 23.9495474012112 23.7726958424996 23.6068421157593 23.4458972533563 23.2955926326817 23.1587118546688 23.0350897937944 22.9249073949081 22.8245035995444 22.7317053038762 22.6426186608938 22.5665061755298 22.5043285416181 22.4565876023272 22.4237085984843 22.4057221914577 22.4020789185498 22.4126958364347 22.4373017206386 22.4746477534203 22.5236539776479 22.5834528213835 22.6533808199824 22.7333755382936 22.8232967310152 22.9228359745167 23.0308395044163 23.1337661183887 23.2030135959789 23.2759896107755 23.3525119081729 23.4324165167975 23.515412715346 23.5841421007695
25.3987837641545 25.3177935794208 25.2291462865645 25.135264433383 25.0364431532198 24.9332887793332 24.8173568914773 24.6962921016951 24.571756825199 24.4452150181962 24.3169872383207 24.1728951087585 24.0049558919086 23.8317812981844 23.6657883691921 23.5086920158674 23.3617491504109 23.2186521613984 23.0853489427174 22.9642841707549 22.8563592670598 22.7541964094793 22.661990678902 22.5758669776184 22.5020504554935 22.4416589155835 22.3948781222983 22.3617822295293 22.3422902884499 22.337312473393 22.3467482226844 22.3698124926516 22.4056714104646 22.4535309278516 22.512687750752 22.5825471963666 22.6626203217679 22.7526464198783 22.8506993384234 22.9556031739494 23.0670138785781 23.179112207353 23.2753628052175 23.3457881318925 23.419753184895 23.4970831298751 23.5775222135081
25.2601239654715 25.1699456581599 25.0741127558528 24.9744053928962 24.8708109243555 24.764484220357 24.6493031851729 24.5284637036722 24.4062218711344 24.2833931105269 24.1608219289056 24.0293594410568 23.8732011482205 23.7100698845619 23.5530971241498 23.4038148430311 23.2633729137276 23.1272080788453 22.9986491518239 22.8819874010718 22.7741662604897 22.6714286555135 22.5805046414471 22.5018687432307 22.4320818021441 22.373471992466 22.3277294727183 22.2951129037743 22.2768380640889 22.2727879058987 22.2825390992012 22.3055678650609 22.3413001427716 22.3891596260756 22.4486037406027 22.5191448528189 22.5993330682204 22.6869998330328 22.7817541147668 22.8837147710817 22.9926451241739 23.1082284601492 23.2239650515551 23.3416446287366 23.4097854833702 23.481005385505 23.555476440251
25.1163031296784 25.0230814253066 24.9214185873866 24.8165191807622 24.708969953555 24.5998131003837 24.4879373230336 24.3673402092543 24.2466479588793 24.1263826109934 24.0072089374406 23.8823689890333 23.7367903136882 23.582904256699 23.4339956565651 23.292013623697 23.1560095190779 23.0225200773307 22.8993547114469 22.7863351956366 22.6766193635516 22.5775072649361 22.4900577544386 22.4144706277418 22.3509016895207 22.2991880284117 22.2555504377342 22.2258802179927 22.2100636412698 22.2078912130416 22.2190676542975 22.243230526347 22.2792813469901 22.3252297360374 22.3826041949014 22.4507337038862 22.5284728662208 22.6157672691541 22.712211268719 22.8138890882774 22.9202419587722 23.0323107266437 23.1498029022579 23.2667193706839 23.38812906006 23.4673012202302 23.5355198988089
24.973279031004 24.8759753464785 24.7710794797408 24.6614924224627 24.5505021131839 24.4387319585404 24.3267862780027 24.2098680974107 24.090725470688 23.9726374829261 23.8561648403055 23.7333837775977 23.5942073439047 23.4483632785933 23.3059866688749 23.1701374019679 23.0345463525401 22.9065493190139 22.7875303233507 22.6772925237053 22.5715947834037 22.4767104147956 22.3929182238385 22.3204348663605 22.2594188340337 22.209969250342 22.1721207410855 22.1458368735138 22.1311989219279 22.1292950721855 22.1401361462778 22.1634535985802 22.1989416505966 22.2460368799452 22.3033361304663 22.3704226359507 22.4470329686887 22.531747193367 22.6220975294036 22.7215523944604 22.8264786425102 22.9380265917393 23.0559427622787 23.1784628192528 23.3009561128394 23.4238624512569 23.518040798236
24.8316453971441 24.7298480429797 24.6214528392033 24.5083103057869 24.3951329979261 24.2821623170332 24.1695891176592 24.0516466316295 23.9336508364614 23.8172485802764 23.7029209359483 23.5797107538666 23.4461744135728 23.307368377155 23.1701704283227 23.0338456439629 22.9018819524618 22.7778828353787 22.6626681188897 22.5567898438589 22.460624141695 22.3697092148517 22.2894209659835 22.2199808999317 22.16155061108 22.1142319970392 22.0780627799304 22.0536735620596 22.0419738907832 22.0428778045079 22.0562415601716 22.0817353762231 22.1180080735089 22.1614249564028 22.2099123814095 22.2689532375029 22.3385883260101 22.418579717623 22.5087085817067 22.608547031776 22.7159717857795 22.8298188453174 22.9477133154993 23.069162402514 23.1760910402627 23.2811458076369 23.3808302649133
24.6910382779638 24.5843289758296 24.468642429176 24.3540643307061 24.2397682161184 24.1261937088471 24.0111022498632 23.8920550002363 23.7746868576505 23.6593463992474 23.5461932555337 23.4221994671102 23.2929374822428 23.1600704129886 23.0210237558566 22.8867411621197 22.7597854963529 22.6407978924893 22.530316999111 22.4288308613226 22.3367657896672 22.2544855645602 22.1807346034209 22.1141387657929 22.0581904198411 22.0131049499378 21.9800848338416 21.9594764887385 21.9512728778542 21.9553880864105 21.9638848566842 21.9808962448276 22.0087839564346 22.0474644687907 22.09675500742 22.1564674778421 22.2264674242979 22.3069312306269 22.3962780310371 22.4933224499439 22.5978137272683 22.7062573810407 22.8191479554115 22.9263943275544 23.0268919918203 23.1264153586202 23.2263159223901
24.547557370127 24.4371139078304 24.3161965842411 24.1982330435671 24.0829869650745 23.9686087680315 23.8505644276091 23.7306291932571 23.6133832944225 23.4985188217864 23.3821671560943 23.2593696403986 23.1330009455041 23.0043616520038 22.8682111463898 22.7383657963954 22.6156522359169 22.5007225220227 22.3941359475046 22.2963428125235 22.2077397746255 22.1286691893354 22.0594194390637 22.0002248617345 21.9503630041638 21.9092074652437 21.8768946856894 21.8535072006412 21.8396453495384 21.8362098890775 21.8436078189045 21.8619932837607 21.8912716728419 21.9313285253216 21.9820359576532 22.0389906530006 22.1054292719041 22.1822797212927 22.2690248385768 22.3634864156681 22.4648293640245 22.5710846594477 22.6733963739832 22.7747763299031 22.8729621844696 22.9629535725683 23.0554118033168
24.3994121575659 24.287192382863 24.1653208405601 24.0429865112187 23.9243638956724 23.8090450294688 23.6917135043963 23.5681175366676 23.4493818306497 23.3344315669566 23.2146881231085 23.0897532619172 22.9648088753654 22.8394730322513 22.7145348184205 22.589723387789 22.4701209016179 22.3585250053744 22.2551053724085 22.1603666758836 22.0746799466258 21.998367094918 21.9314232462132 21.8727667222543 21.8224605367432 21.7806934207425 21.7477165749735 21.7246641573284 21.7120837237325 21.7104524133683 21.7197608425166 21.7356157968024 21.7610327551744 21.7970361399369 21.8435190879503 21.9004051482033 21.9679020069841 22.0459556574166 22.1339829150211 22.2282320750014 22.3195003749997 22.4173271084633 22.5201515702955 22.616183837984 22.704641163043 22.7966992419099 22.8788446383898
24.2494513466428 24.1329662431065 24.0158246133949 23.8891878842674 23.7663471248848 23.6474147102146 23.5323268106612 23.4051505813764 23.2826194187587 23.16535531109 23.0504287567359 22.9238622758695 22.7977461611794 22.6740791188459 22.5530692587153 22.4348232122874 22.3232071632334 22.214146031152 22.1133278701222 22.0210494277535 21.937758014037 21.8628038609554 21.7956054022228 21.7360355569956 21.6842683096411 21.6416556855441 21.6083170020641 21.584330507377 21.569735764063 21.5650734518064 21.571125637344 21.5878794506439 21.6152935764352 21.6533091868708 21.7018540878337 21.76084675775 21.8301850860393 21.9086199943281 21.9869629410898 22.072265703069 22.1650057872893 22.2610258399879 22.354747520602 22.4462502997727 22.5326714522226 22.6124030936176 22.6976022391571
24.0996070041741 23.9792522359042 23.8620026039416 23.7365782432301 23.6094898451827 23.4862999869168 23.3672014816524 23.2400489779902 23.1133813383019 22.9921199419034 22.8766400241814 22.7643269309895 22.6368813274521 22.5118354252541 22.3906122020524 22.2746957107436 22.1634787284767 22.0580557105939 21.9589478183109 21.8665988828678 21.7814033720397 21.7039128943386 21.6349229590437 21.5746957133791 21.5234271217611 21.4812726402044 21.4483490470217 21.4248698705794 21.4118377884522 21.4094717965568 21.4177901942686 21.4367894669788 21.4664470475175 21.5067246892643 21.5575715497278 21.6131221864911 21.6771699156856 21.7491741211468 21.8290338400379 21.9159284687751 21.9987278279544 22.0887494497099 22.1837375270008 22.2698829116852 22.3489831871074 22.4339073002181 22.5093282523495
23.9500797103952 23.8261249452376 23.7050555157484 23.5828304713896 23.4515732645656 23.3240107607458 23.2004646843611 23.0767095760649 22.946265443684 22.8214013854114 22.7024427304948 22.5871926957528 22.4723450232792 22.3543289092742 22.2309480893935 22.1115112281521 21.998039131963 21.8913744015094 21.7911357830182 21.6977894041395 21.6121548959605 21.5348416968371 21.466110401426 21.406180898057 21.3552340240938 21.3134177285637 21.2815421148576 21.260213417579 21.2495088770002 21.2494808317621 21.2601594269187 21.2790648864244 21.3056398082481 21.3426876204354 21.3901640321777 21.4479356568033 21.5142953588694 21.5885766718014 21.6611486221054 21.7390776560218 21.8245444717507 21.9153072466607 22.002109487039 22.0833008898442 22.1648570574263 22.2382017368699 22.3168789464122
23.7999094286543 23.6733233579867 23.5485212155057 23.4253264872891 23.2915491389204 23.159581462586 23.0307744521467 22.9049716787753 22.7825910477415 22.6561570878319 22.5321158871457 22.4118713545381 22.2919350296321 22.1730975871867 22.0559546303826 21.9392896041163 21.8247305053031 21.7165527280732 21.615024081623 21.5209698158745 21.4350874850084 21.3576735536435 21.2889684177958 21.2291739905361 21.1788062693572 21.1387842853816 21.1092619839083 21.0889444319668 21.0760739416814 21.07361342637 21.0817033176412 21.1003501761234 21.1295447555419 21.1692644420004 21.2194756397153 21.280009454366 21.3432328650589 21.4084052839664 21.4814976843986 21.5624112053455 21.6421488842648 21.7257768249783 21.8118487977306 21.8942909720929 21.9678340358493 22.0466403394339 22.1287811112309
23.6432514140944 23.517900301742 23.3893559312624 23.2608226028742 23.1310730397849 22.9954076186132 22.8610702243369 22.729240300547 22.6008774775964 22.476463771763 22.3566689608513 22.2378491943539 22.1098842093822 21.9890217324702 21.8661748850107 21.7471646568179 21.6314302541383 21.5221712051279 21.4205575097218 21.3269427974703 21.241634118499 21.1648954544983 21.0969506602424 21.0379862644641 20.9881541224482 20.9475739288905 20.9163614816436 20.8953125160536 20.884820431531 20.8849304033834 20.8956697312578 20.9170500285486 20.9490666112281 20.9915158977482 21.0430813189485 21.0966422349825 21.1567470258849 21.2249744936534 21.2976221755597 21.3697255908338 21.4494227489125 21.5330620811015 21.6140417045532 21.6930789102677 21.7714008499541 21.8505102984984 21.9249402155301
23.4793293572512 23.3574622013442 23.2261282374816 23.0932172884242 22.9598321377177 22.8275054367485 22.6950644991346 22.5574301040787 22.4224000728707 22.2916151199809 22.1658883823212 22.0450425965087 21.9226363946805 21.7957085808311 21.6757892732329 21.5505598465416 21.4307187241017 21.3199600808595 21.2171985160994 21.1227374891237 21.0368592153127 20.9598001445774 20.8917582149623 20.8328963213655 20.7833454101789 20.743682066918 20.714517923961 20.69589539428 20.6878640472997 20.6904556916886 20.7036863537449 20.7273564206185 20.7602675255472 20.8017417877814 20.8491202845148 20.9045740548715 20.9677058229229 21.0296637488459 21.097577372655 21.1733600024838 21.2480741205481 21.326551084607 21.4109057014357 21.4884221494202 21.5705871920604 21.6454569154825 21.726043141567
23.3124321370619 23.1875966925504 23.0612127404746 22.9245773700476 22.7863786653967 22.6480577387044 22.5112946141915 22.3771703678592 22.2464357708836 22.1089971109022 21.9767156040564 21.8493354150698 21.7229241082199 21.5979820105138 21.4750206104023 21.3531810681993 21.226564701484 21.1098647463305 21.0048770515445 20.9093174778001 20.8226203542639 20.7449928510491 20.6765968457516 20.6178543518026 20.5695341441274 20.5317584009371 20.5046036239306 20.4881273908132 20.4823704446388 20.4869339014308 20.5006878914955 20.5227219807908 20.5553646973737 20.5976108403839 20.6479415230298 20.7056167776814 20.7610922069743 20.8247512242645 20.8943009021139 20.9619830090579 21.0372798198556 21.1200095529829 21.1967323540758 21.2800305876653 21.3591388802008 21.4400869688338 21.5173314312657
