data/pm10_concentration_min.asc
NCOLS 541
NROWS 200
XLLCORNER 12.09692
YLLCORNER 48.55814
CELLSIZE 0.0125
NODATA_VALUE -9999
[rows 168 to 188 of 200, columns 188 to 234 of 541]
21.0877445904579 21.2280425017911 21.3885876607155 21.4994968313582 21.5963610024048 21.6523101317094 21.6708533237476 21.6729280255992 21.6653106840302 21.6580634469138 21.6531929014933 21.6508115729821 21.6507541782048 21.6528066824529 21.656775669621 21.6625055966701 21.6698791368053 21.6788126108324 21.6871846318418 21.6930156947053 21.7001589550137 21.7086172655546 21.7184068286462 21.7295551837412 21.7420996368363 21.7560860288674 21.7715677635829 21.7886050343115 21.8046673246728 21.8164759006888 21.8298851553752 21.8449734531426 21.8618234103624 21.880521655145 21.901157424707 21.9237422655068 21.9495468910736 21.983165987632 22.0248266892424 22.0660829722453 22.1043163320383 22.1457780912727 -9999 -9999 -9999 -9999 -9999
21.0837622014324 21.2198527561525 21.3685296325381 21.5038300130103 21.5483899211511 21.5793840793901 21.5918110332366 21.5934749159521 21.5893411429645 21.5835671195774 21.5783548535229 21.5747073086505 21.5730195509818 21.573398429094 21.5758250506804 21.5802336161819 21.5818760646082 21.5842289216061 21.5882279137756 21.5938287418736 21.6010036775727 21.6097401544169 21.6200392002371 21.6319139368366 21.645388235772 21.6604955537874 21.677277941896 21.6883396426951 21.700258144271 21.7138485221713 21.7291762971203 21.7463122110563 21.7653318647207 21.7863154122949 21.8057745743803 21.8290752725276 21.85866694137 21.8910373809948 21.926060659644 21.9638297431948 22.004439339169 22.0480175344849 22.0950402091001 -9999 -9999 -9999 -9999
21.0707897403958 21.2027053918993 21.3429033039978 21.4889283020657 21.5143056422791 21.5215838654262 21.525353186044 21.5248451586015 21.5212620384069 21.516315525731 21.5114335380371 21.5075714973436 21.5052881850561 21.503128290889 21.4990541623129 21.4969606827906 21.4968141819106 21.4985691769708 21.5021807524833 21.5076109913431 21.5148319988688 21.5238270276763 21.5345905807251 21.5471279953787 21.5614547921082 21.5727075575983 21.5826549235495 21.5943221312801 21.6077544776688 21.6230039380259 21.6401286444708 21.6591924349433 21.6802644649263 21.6963317959729 21.7117590854314 21.7301673501684 21.7556412598624 21.7885160426432 21.825766668493 21.8657861367813 21.9086648746778 21.9544952599251 22.0034611993122 -9999 -9999 -9999 -9999
21.0556937091976 21.1837369859283 21.3185486825372 21.4576404453617 21.4903906891703 21.483998798039 21.4786700785362 21.4731194254153 21.4671453827967 21.4611541031635 21.4557429107535 21.4481113029557 21.4393066886153 21.4324236999964 21.4275644722609 21.4247688979116 21.4240389675877 21.4253566251081 21.4286958374641 21.4340302895056 21.4413380290625 21.4506040891506 21.4618218156169 21.4716125853073 21.4790057312176 21.488221244911 21.4992822750757 21.5122199221135 21.5270726899833 21.5438859726631 21.562711584869 21.5821876611243 21.5957025670148 21.6112188778025 21.6288050743645 21.6485340715288 21.6704830933604 21.6973935336363 21.731823973598 21.7730834826024 21.8178284909959 21.8656220356746 21.9165409542117 -9999 -9999 -9999 -9999
21.0404106350986 21.1662470894418 21.2971203774163 21.4319119141494 21.4774730689735 21.4613297306602 21.4483701397384 21.4374360328145 21.4279481439347 21.416735288729 21.4030232387343 21.3911911308035 21.3813563985522 21.3736151822669 21.3680300354356 21.3646320254251 21.3634283760131 21.3644109844369 21.3675638127586 21.3728685743271 21.3803087798802 21.3870751765584 21.3912622992438 21.3974211394731 21.4055534410842 21.415669296431 21.427786863463 21.4419320012418 21.458137870559 21.4764445295893 21.4907529540003 21.5040568774847 21.5194190038815 21.5368979097013 21.5565571357006 21.5784649164969 21.6026939443882 21.6293211649847 21.6587174100254 21.6945210091258 21.7377397251169 21.7869939613506 21.8313612163604 21.8777733397889 -9999 -9999 -9999
21.0257798811685 21.150777466524 21.2791479540991 21.4107163133324 21.4737744502587 21.4506263877097 21.4316622894334 21.4150235091389 21.3940595114064 21.3757882826426 21.3599975729066 21.3465943217134 21.335549130262 21.3268590611435 21.3205266674902 21.3165505426989 21.3149228136002 21.3156301821601 21.3186563782771 21.3210008250896 21.3213018871335 21.3237578815688 21.3283526082504 21.3350774133674 21.3439314034817 21.3549214497665 21.3680620484541 21.3833750894524 21.3983130507492 21.4090620251531 21.4218972499554 21.4368615867241 21.4540036466619 21.4733774729432 21.4950422535075 21.5163047088567 21.5341562655325 21.5589045949805 21.5902607557057 21.6253319771365 21.6633303496175 21.7043357478317 21.7486838368173 -9999 -9999 -9999 -9999
21.0025463910744 21.1271661614751 21.254448958593 21.3840979082318 21.4785248547138 21.4503347757274 21.4199114960812 21.3920238067333 21.36785322799 21.3469827660687 21.3291270486569 21.3141004228374 21.3017856188902 21.2921081781879 21.2850182462287 21.2804790872144 21.2784607316689 21.2751486822101 21.2708752078983 21.2689659184748 21.2693891892084 21.2721201448411 21.2771410061894 21.2844413214325 21.2940180686614 21.3058756424541 21.3198383794924 21.3276217373956 21.3375580513016 21.3496735887333 21.3640010643433 21.3805793135274 21.3994529840931 21.4206722497568 21.4370222806644 21.4528871405871 21.4710505127635 21.4916245277456 21.5174614833377 21.5501328840013 21.5889847648634 21.6312636109165 21.6767066980994 -9999 -9999 -9999 -9999
20.9752908843448 21.1000414133344 21.2269512068657 21.3558321965992 21.4861316795526 21.4456551519503 21.4102771864981 21.37943661864 21.3526593708645 21.3295650473411 21.3098611777494 21.2933299756579 21.2798123100459 21.2691923391095 21.2613847177564 21.251212854898 21.241640691618 21.2346789266506 21.2302757409984 21.2283880545071 21.2289808348104 21.2320267677907 21.237506103167 21.2454065639358 21.2557232596158 21.2611408082677 21.2677506646737 21.2766254764361 21.2877816113688 21.3012421266135 21.3170364697136 21.3352001899351 21.3530765390968 21.3662857744797 21.3817840631583 21.3996226113763 21.4198573040226 21.4425485003784 21.4677608535787 21.4957832612431 21.5296651129085 21.570300139885 -9999 -9999 -9999 -9999 -9999
20.9500298373934 21.0749674135874 21.2016660564216 21.3296243123395 21.458419109531 21.4472852732282 21.4096406859291 21.3766178856881 21.3478328252749 21.3229578077815 21.3017225692155 21.2839100042419 21.2693488395389 21.250930473701 21.2352468880204 21.2224835237367 21.212555302342 21.2053919253231 21.2009353076979 21.19913783361 21.199961205224 21.2033756929338 21.2093596405987 21.2109947497265 21.2138104446831 21.2190092383626 21.2265910963259 21.2365631421423 21.2489393670434 21.2637403484029 21.2809929782564 21.2918663733799 21.304469143834 21.3194201924349 21.3367628641839 21.3565454744346 21.3788210986734 21.3996703714514 21.4220589692364 21.4505686990687 21.4828588153442 21.5182525001911 21.5569584344601 -9999 -9999 -9999 -9999
20.9262127497336 21.0510565076023 21.1768368041415 21.3033821242199 21.4303644762468 21.456959490189 21.4177929160884 21.383241308406 21.3529970653016 21.3267860899036 21.3021462454921 21.2759996437855 21.2533103889006 21.2339251558374 21.2177155424293 21.204574307759 21.1944120204365 21.1871542762285 21.1827395054224 21.1811173100736 21.1822472359925 21.1784885664442 21.1770170993562 21.1780759379762 21.1816486330254 21.1877263988384 21.19630777692 21.2073983305106 21.2210103614192 21.230660986868 21.2400910268796 21.2519059775479 21.2661361712677 21.2828173760716 21.3019905665317 21.3233070947083 21.337307853364 21.3537193169177 21.3725969456213 21.3960097212242 21.4256834848672 21.4613731650217 -9999 -9999 -9999 -9999 -9999
20.90276223221 21.0269236073504 21.1517584458642 21.2770581956838 21.4033117014451 21.4748372693846 21.4347439749666 21.3992095549292 21.3621400544681 21.3276926762235 21.2971553466788 21.2703412185195 21.2470861656817 21.2272478050318 21.210703776639 21.1973497033492 21.1870971308537 21.1798716343408 21.1738268866473 21.1648190200754 21.1585564459273 21.1549972278859 21.1541083184677 21.15586500854 21.1602504709127 21.1672553733813 21.1768775425553 21.1836945010805 21.1896391011416 21.1980316742172 21.2088893774747 21.2222352119661 21.238097783468 21.2565110808325 21.2711588308581 21.2846692501659 21.3006298784165 21.3190877975605 21.3400943430767 21.36370496016 21.3899814672377 21.4208626838126 -9999 -9999 -9999 -9999 -9999
20.8789941334073 21.0026266929456 21.1271669445913 21.2526207769745 21.3787382670523 21.4973534555058 21.4496229839433 21.4063703529639 21.3674020810747 21.332532671344 21.301588610599 21.2744108845846 21.2508562169653 21.2307973133926 21.2141224077986 21.2007343813574 21.1855355081942 21.171028406022 21.1594781332671 21.1508254559842 21.1450208659715 21.1420239160008 21.14180265248 21.1443331329472 21.1495990139142 21.151947699491 21.1540718244597 21.1587302620143 21.1659271713844 21.1756728898722 21.1879836886442 21.202881545995 21.2170192082927 21.2274467964795 21.2403336347299 21.2557162387092 21.2736357000753 21.294137527411 21.3172715030359 21.3365452423044 21.3615044160796 -9999 -9999 -9999 -9999 -9999 -9999
20.855950283134 20.9800394843053 21.1047445681145 21.2298331333921 21.3551739960047 21.4806895748172 21.4636792117805 21.4204658673723 21.3814565063679 21.3465029014223 21.3154633484547 21.2882051597771 21.2646062669976 21.2421495834472 21.2184115626379 21.197935729052 21.1806377154013 21.16644348797 21.155288854943 21.147118949289 21.1418877247764 21.1395574865978 21.1400984660187 21.136319424464 21.1342806983724 21.1348817180565 21.138114216351 21.1439763394619 21.1524724044803 21.1636126745491 21.1756577897607 21.1827927706206 21.1924169767366 21.2045563440596 21.2192416561323 21.2365083790317 21.2563965100487 21.2726899344733 21.2873783525827 21.3045947966471 21.3250667743147 -9999 -9999 -9999 -9999 -9999 -9999
20.8352649392313 20.9592310336349 21.0834001803264 21.2077346762234 21.3321950495521 21.4567308458818 21.4861049025057 21.4432415179615 21.4044958212429 21.3697507818799 21.3370290425158 21.3031561977718 21.2728616842616 21.246046633559 21.222620070602 21.2024993576251 21.1856103618666 21.1718874277243 21.1612732204437 21.1537184935195 21.1469068055004 21.1375875612998 21.1310534160917 21.1272780680185 21.1262419332106 21.1279319144232 21.1323411821073 21.1394689681259 21.1478111587237 21.1514265041568 21.1575792061862 21.166284920301 21.1775643410469 21.1914430419435 21.2079513262019 21.2247293539588 21.23642498739 21.2506347696747 21.2674002136509 21.286766673283 21.308783244832 -9999 -9999 -9999 -9999 -9999 -9999
20.815862881524 20.9392504148573 21.0627226209525 21.1862577963077 21.3098236991854 21.4333787274459 21.5162050226731 21.4712224443809 21.4266276460977 21.3858645095531 21.3488416618318 21.3154693642635 21.2856611960659 21.2593353485699 21.2364155704069 21.2168318154806 21.2005206495551 21.1874254695536 21.1706210813692 21.1563688033242 21.145036252831 21.1365880006468 21.1309950350123 21.1282346246297 21.1282901715227 21.1311510600735 21.1341542233682 21.1340178479959 21.1364814480042 -9999 -9999 -9999 -9999 -9999 -9999 21.2079086552084 21.2215530268098 21.2377843717449 21.2566436759385 21.2781757338076 21.3024290668578 21.3265017108205 21.3554794307476 -9999 -9999 -9999 -9999
20.7973284095981 20.920044584511 21.0427570720721 21.1654471557213 21.2880873184836 21.4106420596389 21.533068840355 21.4895469717748 21.4458357589061 21.4058773283467 21.3696010579758 21.3369363936748 21.307814363388 21.2821688109626 21.2599373676494 21.2350360594229 21.2125103669811 21.1930796985414 21.1766973807209 21.1633222522307 21.1529187664862 21.1454570313208 21.1409128027776 21.1392674462636 21.1352713753469 21.1311595675802 21.1297202447328 21.1309509555868 21.1348542874981 -9999 -9999 -9999 -9999 -9999 -9999 -9999 -9999 -9999 -9999 21.2691131862387 21.2863097645592 21.3071312098516 -9999 -9999 -9999 -9999 -9999
20.7797018480379 20.9016607218365 21.0235432657541 21.145332286875 21.2670032100781 21.3885246445294 21.5098590573345 21.5154098983256 21.4731031592229 21.4343885075747 21.3992291245606 21.3664168230711 21.331879255432 21.3006493082346 21.2726746449041 21.2479056386528 21.2262960186641 21.2078033734856 21.1923895326663 21.1800208471224 21.1706683871254 21.1626815578189 21.1516297631557 21.1433414643846 21.1378025383422 21.135003645646 21.1349402046848 21.1376123508844 21.1430248854385 -9999 -9999 -9999 -9999 -9999 -9999 -9999 -9999 -9999 -9999 -9999 -9999 -9999 -9999 -9999 -9999 -9999 -9999
20.7630113075618 20.8841252302875 21.0051031912112 21.125928495767 21.2465782350869 21.3670236766338 21.4872307439426 21.5428350617035 21.5024614187586 21.4612990207799 21.4211655602647 21.3843966921357 21.3509510587091 21.3207873584616 21.2938652585437 21.2701461700791 21.2495938948557 21.2321751551153 21.2173646821051 21.1990283711598 21.1835569551963 21.1709281454975 21.1611236918155 21.1541294980411 21.1499357007761 21.1485367181322 21.1499312749249 21.1527341143682 21.1511124294127 -9999 -9999 -9999 -9999 -9999 -9999 -9999 -9999 -9999 -9999 -9999 -9999 -9999 -9999 -9999 -9999 -9999 -9999
20.7472650495759 20.8674464059895 20.9874429777887 21.1072378546756 21.2268088809661 21.3461289211741 21.4651661998703 21.5710726237048 21.5266306947013 21.484786685448 21.446213854163 21.4108973254798 21.3788191754591 21.3499593762762 21.3242966358446 21.3000294362697 21.2741454829565 21.2512194410662 21.2312261467667 21.2141431068903 21.1999508157042 21.1886330111298 21.1801768789359 21.1745732127889 21.1718165372731 21.1669957687789 21.1617091862266 21.1590605809645 -9999 -9999 -9999 -9999 -9999 -9999 -9999 -9999 -9999 -9999 -9999 -9999 -9999 -9999 -9999 -9999 -9999 -9999 -9999
20.7324542135282 20.8516167044922 20.9705545850024 21.0892502390538 21.2076816139283 21.325822396113 21.4436495190308 21.5612883973997 21.5500526654554 21.5103011667011 21.4737002936996 21.4402459735397 21.4099308274586 21.3772599970589 21.3467313154459 21.3192023298729 21.2946524272845 21.2730622462158 21.254414133759 21.2386925370118 21.2258843349698 21.2159791171476 21.2065495920806 21.1948197948006 21.1857688316827 21.1793952100913 21.1757006945463 -9999 -9999 -9999 -9999 -9999 -9999 -9999 -9999 -9999 -9999 -9999 -9999 -9999 -9999 -9999 -9999 -9999 -9999 -9999 -9999
20.7185551308745 20.8366147072187 20.9544173384026 21.0719443757871 21.1892609873782 21.3064695089396 21.4235523422219 21.5404880076232 21.5745422057113 21.5369782325901 21.5024510427192 21.4689419533502 21.4340447193975 21.4021158409599 21.373149937498 21.3471399923207 21.3240779161558 21.3039550510351 21.2867626162974 21.2702798838698 21.2519638780491 21.2363678126329 21.2234863231134 21.2133164991007 -9999 -9999 -9999 -9999 -9999 -9999 -9999 -9999 -9999 -9999 -9999 -9999 -9999 -9999 -9999 -9999 -9999 -9999 -9999 -9999 -9999 -9999 -9999
