data/pm10_slope_sharpnack_modal.asc
ncols	541
nrows	200
xllcorner	12.09692
yllcorner	48.55814
cellsize	0.0125
NODATA_value	-9999.0
[rows 150 to 179 of 200, columns 201 to 267 of 541]
0.17132 0.16631 0.161 0.1555 0.14987 0.14419 0.13896 0.13476 0.13138 0.12826 0.12498 0.12145 0.11739 0.11305 0.10872 0.10464 0.10095 0.09762 0.09455 0.09187 0.08967 0.08803 0.08701 0.0866 0.08678 0.08758 0.08894 0.09105 0.09386 0.09513 0.09359 0.09132 0.08922 0.08729 0.08544 0.08379 0.0821 0.08062 0.07906 0.07765 0.07622 0.07483 0.07348 0.07218 0.07078 0.0695 0.06819 0.06693 0.06504 0.06205 0.05788 0.0532 0.0497 0.04615 0.04159 0.03782 0.03493 0.03317 0.03256 0.03256 0.03271 0.03317 0.03406 0.03479 0.03592 0.03701 0.03821
0.17581 0.17117 0.16628 0.16109 0.15566 0.15 0.14426 0.13896 0.13454 0.13092 0.12759 0.12418 0.12025 0.11572 0.11082 0.10616 0.10193 0.09808 0.09471 0.09182 0.0895 0.08781 0.08666 0.08626 0.08637 0.08718 0.08849 0.09039 0.09279 0.09391 0.09236 0.08983 0.08746 0.08521 0.08307 0.08106 0.07918 0.0774 0.0757 0.07403 0.07239 0.07092 0.06935 0.0679 0.06641 0.06496 0.06364 0.06221 0.06025 0.05727 0.05301 0.04785 0.04416 0.04074 0.03647 0.03256 0.03017 0.02898 0.02915 0.02983 0.03082 0.03178 0.03286 0.03406 0.03521 0.03661 0.03795
0.18177 0.17669 0.17144 0.16598 0.16037 0.1545 0.14843 0.14216 0.13657 0.13198 0.12814 0.12454 0.12054 0.11606 0.11118 0.10649 0.10208 0.09818 0.09476 0.09192 0.08961 0.08798 0.08695 0.08654 0.08678 0.08758 0.08888 0.09072 0.09295 0.09429 0.09268 0.08972 0.08701 0.08438 0.08198 0.07969 0.07752 0.07543 0.07342 0.07155 0.06971 0.06797 0.06618 0.0645 0.06293 0.06132 0.05983 0.0584 0.05639 0.05329 0.04899 0.04336 0.03912 0.03536 0.0305 0.02627 0.02345 0.02236 0.02324 0.0249 0.02646 0.02828 0.03017 0.03209 0.03391 0.03564 0.03742
0.18455 0.17925 0.17375 0.16811 0.1623 0.15617 0.1498 0.14325 0.13697 0.13157 0.12728 0.12377 0.12025 0.11619 0.11171 0.10714 0.10291 0.0991 0.09581 0.09295 0.09077 0.08911 0.08809 0.08775 0.08786 0.08854 0.08978 0.09149 0.09354 0.09503 0.09381 0.09077 0.08769 0.08473 0.08204 0.07944 0.07701 0.07463 0.07239 0.07021 0.06812 0.06611 0.06411 0.06221 0.06042 0.05865 0.0571 0.0555 0.05329 0.0501 0.04583 0.03987 0.03479 0.03082 0.0255 0.02049 0.01673 0.01549 0.01673 0.01897 0.02145 0.02366 0.02608 0.02846 0.03066 0.03302 0.03536
0.18609 0.18069 0.1751 0.16923 0.1631 0.15675 0.1503 0.14384 0.1374 0.13149 0.12661 0.12284 0.11983 0.11653 0.11265 0.10844 0.1044 0.1008 0.09762 0.09487 0.09263 0.09094 0.08989 0.08933 0.08933 0.08989 0.09099 0.09252 0.09455 0.09618 0.09518 0.0923 0.08933 0.08626 0.08319 0.08031 0.07765 0.07497 0.07246 0.06993 0.0676 0.06527 0.06309 0.06099 0.05899 0.0571 0.05523 0.05348 0.05119 0.04796 0.0437 0.03755 0.03194 0.02739 0.02191 0.01549 0.01095 0.00894 0.01049 0.01378 0.01703 0.01975 0.02236 0.0251 0.02757 0.03017 0.03256
0.18794 0.18232 0.17638 0.17018 0.16386 0.15748 0.1511 0.14474 0.13846 0.13225 0.12669 0.12231 0.11916 0.11645 0.11327 0.10959 0.10574 0.10227 0.09915 0.09649 0.09434 0.09263 0.09154 0.09094 0.09094 0.09138 0.09241 0.09391 0.09586 0.09757 0.09685 0.09413 0.09127 0.08843 0.08562 0.08252 0.0795 0.07649 0.07362 0.07085 0.06826 0.06565 0.06317 0.06091 0.05857 0.05657 0.0545 0.05254 0.05 0.0468 0.04278 0.03674 0.03033 0.02569 0.01975 0.01304 0.00632 0.0 0.00632 0.01049 0.01414 0.01732 0.02 0.0228 0.0255 0.02828 0.03066
0.18982 0.18377 0.17751 0.17117 0.16477 0.1584 0.15205 0.14574 0.1395 0.13334 0.1274 0.12215 0.11815 0.11533 0.11274 0.10968 0.10621 0.10291 0.1 0.09752 0.0955 0.09391 0.09284 0.09236 0.09236 0.0929 0.09386 0.09534 0.09726 0.09905 0.09849 0.09597 0.09322 0.09066 0.08809 0.08538 0.0824 0.07918 0.07603 0.07301 0.07007 0.06731 0.06458 0.06205 0.05958 0.05718 0.05495 0.05273 0.0501 0.04701 0.04301 0.03715 0.03098 0.02588 0.02025 0.01378 0.00837 0.00548 0.00775 0.01095 0.01483 0.01732 0.02 0.02258 0.0251 0.02775 0.03
0.19089 0.18447 0.17799 0.17155 0.16511 0.15871 0.15241 0.14615 0.13996 0.13394 0.12798 0.12227 0.11739 0.11389 0.11136 0.10886 0.10588 0.10271 0.1 0.09767 0.09586 0.09445 0.09354 0.09322 0.09333 0.09391 0.09503 0.09659 0.09849 0.1004 0.10005 0.09767 0.09513 0.09257 0.09011 0.08764 0.08515 0.0824 0.07925 0.07609 0.07301 0.07 0.06708 0.06427 0.06164 0.05899 0.05657 0.05404 0.05148 0.04817 0.04438 0.03924 0.03317 0.02828 0.02345 0.01817 0.01414 0.01265 0.01342 0.01581 0.01817 0.02025 0.02214 0.02429 0.02646 0.02881 0.03066
0.19074 0.18412 0.17754 0.17106 0.16462 0.15827 0.15202 0.14588 0.13986 0.13394 0.12814 0.12252 0.11713 0.11265 0.10959 0.10719 0.10479 0.10208 0.09945 0.09731 0.0956 0.09434 0.09359 0.09338 0.09365 0.09445 0.09571 0.09737 0.09935 0.10134 0.10124 0.09899 0.09654 0.09413 0.09171 0.08939 0.08706 0.08485 0.08246 0.07975 0.07662 0.07348 0.07043 0.06745 0.06458 0.06181 0.05916 0.05648 0.05376 0.0505 0.0468 0.04231 0.03674 0.03194 0.02793 0.02345 0.02074 0.01975 0.02 0.02121 0.02324 0.02449 0.02608 0.02775 0.02933 0.03114 0.03271
0.18934 0.18262 0.17604 0.16959 0.16325 0.15704 0.15093 0.14498 0.13914 0.13338 0.12779 0.12231 0.11705 0.11207 0.10807 0.10531 0.1031 0.10085 0.09854 0.09654 0.09497 0.09391 0.09333 0.09327 0.0937 0.09455 0.09592 0.09762 0.09985 0.10188 0.10183 0.0997 0.09737 0.09497 0.09268 0.0905 0.08837 0.08626 0.08426 0.08222 0.07987 0.07714 0.07416 0.07106 0.06804 0.06519 0.06229 0.05958 0.05666 0.05348 0.0499 0.04604 0.04111 0.03661 0.03302 0.0295 0.0272 0.02646 0.02665 0.02757 0.02864 0.02966 0.03066 0.03178 0.03317 0.03464 0.03578
0.18657 0.17992 0.17344 0.16712 0.161 0.15498 0.1491 0.14335 0.13773 0.13225 0.12689 0.12166 0.11653 0.11167 0.10719 0.10359 0.10109 0.09905 0.09716 0.09534 0.09397 0.09311 0.09268 0.09279 0.09338 0.09445 0.09592 0.09783 0.1001 0.10218 0.10208 0.09995 0.09762 0.09539 0.09317 0.09105 0.08894 0.08695 0.08509 0.08325 0.08149 0.07962 0.0774 0.0747 0.07176 0.06863 0.06573 0.06285 0.06 0.05675 0.05339 0.0497 0.0455 0.04123 0.03821 0.03521 0.03332 0.03256 0.03286 0.03332 0.03406 0.03493 0.0355 0.03647 0.03755 0.03847 0.03937
0.18235 0.1759 0.16971 0.16371 0.15786 0.15215 0.14656 0.1411 0.13576 0.13058 0.12554 0.1205 0.11563 0.11104 0.10663 0.10262 0.09945 0.09706 0.09529 0.09381 0.09274 0.09203 0.09187 0.09214 0.0929 0.09407 0.09576 0.09778 0.10015 0.10218 0.10198 0.0999 0.09767 0.09545 0.09333 0.09127 0.08927 0.08735 0.0855 0.08373 0.08204 0.0805 0.07887 0.07714 0.07497 0.07232 0.06935 0.06633 0.0634 0.06025 0.05683 0.05348 0.0497 0.04604 0.04313 0.04062 0.03886 0.03821 0.03847 0.03886 0.03962 0.04012 0.04062 0.04123 0.04183 0.04254 0.04324
0.17672 0.1707 0.16498 0.15937 0.15395 0.14859 0.14339 0.13828 0.13327 0.12841 0.12369 0.11891 0.11437 0.10995 0.10583 0.10198 0.09844 0.09566 0.09349 0.09203 0.09105 0.09061 0.09066 0.09116 0.09214 0.09349 0.09529 0.09747 0.09995 0.10193 0.10159 -9999.0 -9999.0 -9999.0 -9999.0 -9999.0 -9999.0 0.08741 0.08562 0.08385 0.08222 0.08068 0.07918 0.07778 0.07635 0.0747 0.07253 0.07 0.06708 0.06403 0.06066 0.05745 0.05413 0.0507 0.04806 0.04593 0.04438 0.04393 0.04405 0.04438 0.04483 0.04528 0.04561 0.04604 0.04648 0.0469 0.04743
0.16982 0.16453 0.15934 0.1543 0.14937 0.1445 0.13968 0.13494 0.13035 0.12586 0.12141 0.11696 0.11269 0.10863 0.10474 0.10114 0.09778 0.09487 0.09236 0.09044 0.08939 0.08899 0.08927 0.09 0.09116 0.09274 0.09466 0.0969 0.0995 0.10139 -9999.0 -9999.0 -9999.0 -9999.0 -9999.0 -9999.0 -9999.0 0.08724 0.08544 0.08379 0.0821 0.08056 0.07912 0.07765 0.07635 0.07517 0.07389 0.07232 0.07029 0.06775 0.06465 0.06148 0.0584 0.05541 0.05292 0.05109 0.0498 0.0493 0.0494 0.0499 0.0502 0.0505 0.0506 0.05089 0.05109 0.05148 0.05187
0.16214 0.15761 0.15317 0.14873 0.14433 0.13993 0.13561 0.1313 0.12708 0.123 0.11887 0.11476 0.11077 0.10696 0.10344 0.10005 0.09701 0.09429 0.09182 0.08967 0.08809 0.08741 0.08769 0.0886 0.08994 0.0916 0.0937 0.09618 0.09894 0.10075 -9999.0 -9999.0 -9999.0 -9999.0 -9999.0 -9999.0 -9999.0 -9999.0 -9999.0 -9999.0 -9999.0 -9999.0 -9999.0 -9999.0 -9999.0 0.0747 0.07348 0.07239 0.07127 0.06986 0.0679 0.06542 -9999.0 -9999.0 -9999.0 -9999.0 0.05495 0.0545 0.05477 0.05514 0.0555 0.05559 0.05559 0.05577 0.05595 0.05612 0.05639
0.15414 0.15047 0.14673 0.14293 0.13907 0.13517 0.1313 0.1274 0.12361 0.11987 0.1161 0.11225 0.10863 0.10517 0.10188 0.09879 0.09602 0.09354 0.09143 0.08955 0.08775 0.08649 0.08614 0.08695 0.08843 0.09039 0.09268 0.09534 0.09823 -9999.0 -9999.0 -9999.0 -9999.0 -9999.0 -9999.0 -9999.0 -9999.0 -9999.0 -9999.0 -9999.0 -9999.0 -9999.0 -9999.0 -9999.0 -9999.0 0.07396 0.07273 0.07162 0.07057 0.06957 0.06856 0.06723 -9999.0 -9999.0 -9999.0 -9999.0 -9999.0 -9999.0 -9999.0 -9999.0 -9999.0 -9999.0 0.06066 0.06066 0.06066 0.06075 0.06099
0.14649 0.14356 0.14039 0.13715 0.13375 0.13035 0.12685 0.12337 0.12 0.11662 0.11318 0.10964 0.1063 0.10315 0.10015 0.09742 0.09492 0.09274 0.09088 0.08933 0.08792 0.08649 0.0855 0.08556 0.08689 0.08905 0.09154 0.09445 -9999.0 -9999.0 -9999.0 -9999.0 -9999.0 -9999.0 -9999.0 -9999.0 -9999.0 -9999.0 -9999.0 -9999.0 -9999.0 -9999.0 -9999.0 -9999.0 -9999.0 -9999.0 0.07169 0.07057 0.06943 0.06841 0.06745 -9999.0 -9999.0 -9999.0 -9999.0 -9999.0 -9999.0 -9999.0 -9999.0 -9999.0 -9999.0 -9999.0 -9999.0 -9999.0 0.06542 0.06542 0.06557
0.13928 0.13704 0.13439 0.13161 0.12861 0.12558 0.12247 0.11933 0.11632 0.11331 0.11014 0.10696 0.10392 0.101 0.09834 0.09586 0.0937 0.09171 0.09011 0.08877 0.08775 0.08689 0.08591 0.08538 0.08591 0.08775 0.09039 0.09349 -9999.0 -9999.0 -9999.0 -9999.0 -9999.0 -9999.0 -9999.0 -9999.0 -9999.0 -9999.0 -9999.0 -9999.0 -9999.0 -9999.0 -9999.0 -9999.0 -9999.0 -9999.0 -9999.0 -9999.0 -9999.0 -9999.0 -9999.0 -9999.0 -9999.0 -9999.0 -9999.0 -9999.0 -9999.0 -9999.0 -9999.0 -9999.0 -9999.0 -9999.0 -9999.0 -9999.0 -9999.0 -9999.0 0.07014
0.13255 0.13073 0.12869 0.12625 0.12369 0.12095 0.11819 0.11541 0.11274 0.11 0.1071 0.10421 0.10149 0.09889 0.09649 0.09423 0.0923 0.09061 0.08916 0.08809 0.08735 0.08695 0.0866 0.0862 0.08626 0.08724 0.08944 0.09252 -9999.0 -9999.0 -9999.0 -9999.0 -9999.0 -9999.0 -9999.0 -9999.0 -9999.0 -9999.0 -9999.0 -9999.0 -9999.0 -9999.0 -9999.0 -9999.0 -9999.0 -9999.0 -9999.0 -9999.0 -9999.0 -9999.0 -9999.0 -9999.0 -9999.0 -9999.0 -9999.0 -9999.0 -9999.0 -9999.0 -9999.0 -9999.0 -9999.0 -9999.0 -9999.0 -9999.0 -9999.0 -9999.0 -9999.0
0.12621 0.12466 0.12296 0.121 0.11887 0.11649 0.11402 0.11153 0.10922 0.10672 0.10407 0.10149 0.09899 0.0967 0.0945 0.09252 0.09077 0.08939 0.0882 0.08735 0.08689 0.08683 0.08701 0.08724 0.08746 0.08803 0.0895 0.09198 -9999.0 -9999.0 -9999.0 -9999.0 -9999.0 -9999.0 -9999.0 -9999.0 -9999.0 -9999.0 -9999.0 -9999.0 -9999.0 -9999.0 -9999.0 -9999.0 -9999.0 -9999.0 -9999.0 -9999.0 -9999.0 -9999.0 -9999.0 -9999.0 -9999.0 -9999.0 -9999.0 -9999.0 -9999.0 -9999.0 -9999.0 -9999.0 -9999.0 -9999.0 -9999.0 -9999.0 -9999.0 -9999.0 -9999.0
0.12021 0.11879 0.11726 0.11567 0.11393 0.11203 0.10995 0.10784 0.10578 0.10354 0.10109 0.09874 0.09649 0.09439 0.09252 0.09077 0.08933 0.08815 0.08724 0.08672 0.08649 0.08666 0.08718 0.08792 0.08877 0.08955 0.09072 0.09247 0.09338 -9999.0 -9999.0 -9999.0 -9999.0 -9999.0 -9999.0 -9999.0 -9999.0 -9999.0 -9999.0 -9999.0 -9999.0 -9999.0 -9999.0 -9999.0 -9999.0 -9999.0 -9999.0 -9999.0 -9999.0 -9999.0 -9999.0 -9999.0 -9999.0 -9999.0 -9999.0 -9999.0 -9999.0 -9999.0 -9999.0 -9999.0 -9999.0 -9999.0 -9999.0 -9999.0 -9999.0 -9999.0 -9999.0
0.11454 0.11323 0.11185 0.11036 0.1089 0.10733 0.10569 0.10402 0.10232 0.1004 0.09818 0.09607 0.09402 0.0922 0.0905 0.08911 0.08792 0.08695 0.08637 0.08614 0.08614 0.0866 0.08735 0.08843 0.08972 0.0911 0.09247 0.09375 0.09359 -9999.0 -9999.0 -9999.0 -9999.0 -9999.0 -9999.0 -9999.0 -9999.0 -9999.0 -9999.0 -9999.0 -9999.0 -9999.0 -9999.0 -9999.0 -9999.0 -9999.0 -9999.0 -9999.0 -9999.0 -9999.0 -9999.0 -9999.0 -9999.0 -9999.0 -9999.0 -9999.0 -9999.0 -9999.0 -9999.0 -9999.0 -9999.0 -9999.0 -9999.0 -9999.0 -9999.0 -9999.0 -9999.0
0.10918 0.10794 0.10663 0.10531 0.10392 0.10257 0.10114 0.09985 0.09864 0.09711 0.09524 0.09338 0.09165 0.09006 0.08866 0.08746 0.08654 0.08597 0.08562 0.08556 0.08591 0.08654 0.08758 0.08888 0.09055 0.09236 0.09423 0.09524 0.09429 -9999.0 -9999.0 -9999.0 -9999.0 -9999.0 -9999.0 -9999.0 -9999.0 -9999.0 -9999.0 -9999.0 -9999.0 -9999.0 -9999.0 -9999.0 -9999.0 -9999.0 -9999.0 -9999.0 -9999.0 -9999.0 -9999.0 -9999.0 -9999.0 -9999.0 -9999.0 -9999.0 -9999.0 -9999.0 -9999.0 -9999.0 -9999.0 -9999.0 -9999.0 -9999.0 -9999.0 -9999.0 -9999.0
0.10402 0.10286 0.10169 0.10045 0.09915 0.09788 0.09664 0.09555 0.09466 0.09349 0.09214 0.09066 0.08933 0.08803 0.08689 0.08602 0.08538 0.08503 0.08497 0.08515 0.08573 0.08666 0.08792 0.08944 0.09127 0.09343 0.09566 0.09654 0.09508 -9999.0 -9999.0 -9999.0 -9999.0 -9999.0 -9999.0 -9999.0 -9999.0 -9999.0 -9999.0 -9999.0 -9999.0 -9999.0 -9999.0 -9999.0 -9999.0 -9999.0 -9999.0 -9999.0 -9999.0 -9999.0 -9999.0 -9999.0 -9999.0 -9999.0 -9999.0 -9999.0 -9999.0 -9999.0 -9999.0 -9999.0 -9999.0 -9999.0 -9999.0 -9999.0 -9999.0 -9999.0 -9999.0
0.0992 0.09808 0.0969 0.09571 0.09455 0.09338 0.0922 0.09132 0.09061 0.08967 0.08866 0.08764 0.08678 0.08597 0.08521 0.08468 0.08426 0.0842 0.08438 0.08491 0.08573 0.08695 0.08837 0.09006 0.09214 0.09445 0.0967 0.09731 -9999.0 -9999.0 -9999.0 -9999.0 -9999.0 -9999.0 -9999.0 -9999.0 -9999.0 -9999.0 -9999.0 -9999.0 -9999.0 -9999.0 -9999.0 -9999.0 -9999.0 -9999.0 -9999.0 -9999.0 -9999.0 -9999.0 -9999.0 -9999.0 -9999.0 -9999.0 -9999.0 -9999.0 -9999.0 -9999.0 -9999.0 -9999.0 -9999.0 -9999.0 -9999.0 -9999.0 -9999.0 -9999.0 -9999.0
0.0946 0.09349 0.09236 0.09121 0.09011 0.08905 0.08803 0.08729 0.08666 0.08597 0.08515 0.08438 0.08385 0.08343 0.08325 0.08319 0.08325 0.08355 0.08402 0.08479 0.08585 0.08729 0.08894 0.09094 0.09311 0.09566 0.09747 0.09752 -9999.0 -9999.0 -9999.0 -9999.0 -9999.0 -9999.0 -9999.0 -9999.0 -9999.0 -9999.0 -9999.0 -9999.0 -9999.0 -9999.0 -9999.0 -9999.0 -9999.0 -9999.0 -9999.0 -9999.0 -9999.0 -9999.0 -9999.0 -9999.0 -9999.0 -9999.0 -9999.0 -9999.0 -9999.0 -9999.0 -9999.0 -9999.0 -9999.0 -9999.0 -9999.0 -9999.0 -9999.0 -9999.0 -9999.0
0.09039 0.08916 0.08803 0.08695 0.08591 0.08491 0.08408 0.08343 0.08295 0.08246 0.08179 0.08124 0.08093 0.08087 0.08106 0.08142 0.08198 0.08276 0.08367 0.08485 0.0862 0.08781 0.08972 0.09182 0.09429 0.0968 0.09808 0.09742 -9999.0 -9999.0 -9999.0 -9999.0 -9999.0 -9999.0 -9999.0 -9999.0 -9999.0 -9999.0 -9999.0 -9999.0 -9999.0 -9999.0 -9999.0 -9999.0 -9999.0 -9999.0 -9999.0 -9999.0 -9999.0 -9999.0 -9999.0 -9999.0 -9999.0 -9999.0 -9999.0 -9999.0 -9999.0 -9999.0 -9999.0 -9999.0 -9999.0 -9999.0 -9999.0 -9999.0 -9999.0 -9999.0 -9999.0
0.08649 0.08509 0.0839 0.08289 0.08191 0.08106 0.08025 0.07975 0.07944 0.07912 0.07861 0.07829 0.07823 0.07836 0.0788 0.0795 0.08037 0.08161 0.08301 0.08462 0.08649 0.08843 0.09055 0.09295 0.09555 0.09778 0.09839 0.09706 -9999.0 -9999.0 -9999.0 -9999.0 -9999.0 -9999.0 -9999.0 -9999.0 -9999.0 -9999.0 -9999.0 -9999.0 -9999.0 -9999.0 -9999.0 -9999.0 -9999.0 -9999.0 -9999.0 -9999.0 -9999.0 -9999.0 -9999.0 -9999.0 -9999.0 -9999.0 -9999.0 -9999.0 -9999.0 -9999.0 -9999.0 -9999.0 -9999.0 -9999.0 -9999.0 -9999.0 -9999.0 -9999.0 -9999.0
0.08276 0.08136 0.08012 0.07906 0.0781 0.07727 0.07662 0.07622 0.07609 0.07596 0.0757 0.07556 0.07576 0.07609 0.07675 0.07772 0.07893 0.08031 0.0821 0.08414 0.08637 0.08877 0.09132 0.09402 0.09685 0.09859 0.09834 -9999.0 -9999.0 -9999.0 -9999.0 -9999.0 -9999.0 -9999.0 -9999.0 -9999.0 -9999.0 -9999.0 -9999.0 -9999.0 -9999.0 -9999.0 -9999.0 -9999.0 -9999.0 -9999.0 -9999.0 -9999.0 -9999.0 -9999.0 -9999.0 -9999.0 -9999.0 -9999.0 -9999.0 -9999.0 -9999.0 -9999.0 -9999.0 -9999.0 -9999.0 -9999.0 -9999.0 -9999.0 -9999.0 -9999.0 -9999.0
0.07931 0.07791 0.07655 0.07543 0.0745 0.07376 0.07314 0.07294 0.07301 0.07301 0.07301 0.07308 0.07342 0.07409 0.07497 0.07616 0.07759 0.07937 0.08136 0.08367 0.08614 0.08883 0.09182 0.09487 0.09762 0.09874 0.09793 -9999.0 -9999.0 -9999.0 -9999.0 -9999.0 -9999.0 -9999.0 -9999.0 -9999.0 -9999.0 -9999.0 -9999.0 -9999.0 -9999.0 -9999.0 -9999.0 -9999.0 -9999.0 -9999.0 -9999.0 -9999.0 -9999.0 -9999.0 -9999.0 -9999.0 -9999.0 -9999.0 -9999.0 -9999.0 -9999.0 -9999.0 -9999.0 -9999.0 -9999.0 -9999.0 -9999.0 -9999.0 -9999.0 -9999.0 -9999.0
