data/pm10_slope_4cell_modal.asc
ncols	541
nrows	200
xllcorner	12.09692
yllcorner	48.55814
cellsize	0.0125
NODATA_value	-9999.0
[rows 60 to 89 of 200, columns 67 to 133 of 541]
0.40236 0.39802 0.39422 0.39101 0.38863 0.38613 0.3838 0.38092 0.37773 0.37499 0.37363 0.3723 0.37072 0.36806 0.36476 0.3611 0.35706 0.35236 0.34693 0.34076 0.33401 0.32699 0.31939 0.31118 0.30241 0.29316 0.28362 0.27412 0.2648 0.2557 0.24706 0.23902 0.23175 0.22537 0.21991 0.21534 0.21171 0.20888 0.20683 0.20543 0.20457 0.20413 0.20399 0.20403 0.20413 0.20413 0.20406 0.20428 0.20484 0.20509 0.20474 0.20335 0.20075 0.19726 0.19308 0.18828 0.18284 0.17675 0.17012 0.16288 0.15511 0.14687 0.13971 0.1352 0.12923 0.12037 0.11127
0.4026 0.39504 0.38866 0.38359 0.37918 0.37522 0.37205 0.36915 0.36568 0.36227 0.36015 0.35766 0.35498 0.3514 0.34736 0.34313 0.33845 0.33317 0.32723 0.32066 0.31375 0.30653 0.29875 0.29047 0.28171 0.27264 0.26342 0.25444 0.24572 0.23734 0.22946 0.22222 0.21578 0.21019 0.2055 0.20179 0.19897 0.19705 0.19593 0.19552 0.1957 0.19632 0.19728 0.19837 0.19945 0.20042 0.20107 0.20182 0.20288 0.20364 0.20386 0.20347 0.20229 0.19995 0.19637 0.19191 0.18684 0.18122 0.17501 0.16826 0.16103 0.15333 0.14581 0.14093 0.1366 0.12911 0.12021
0.39406 0.38377 0.37555 0.36938 0.36395 0.3595 0.35603 0.35321 0.35061 0.34808 0.34531 0.34242 0.33916 0.33513 0.3308 0.3263 0.32125 0.31564 0.30943 0.30272 0.29582 0.2885 0.28071 0.27245 0.26384 0.25495 0.24601 0.2374 0.22906 0.22109 0.21361 0.20678 0.20077 0.19563 0.19142 0.1882 0.18598 0.18472 0.18436 0.1848 0.1859 0.18754 0.18945 0.19155 0.1936 0.19542 0.1969 0.19817 0.19972 0.20107 0.20182 0.20199 0.20152 0.2004 0.19837 0.19517 0.19084 0.18569 0.17997 0.17372 0.167 0.15987 0.15248 0.14694 0.14349 0.13766 0.12954
0.37505 0.36266 0.3541 0.34798 0.34291 0.33901 0.33604 0.33366 0.33181 0.33091 0.32862 0.32567 0.32232 0.31818 0.31391 0.30929 0.30415 0.29848 0.29225 0.28566 0.27889 0.27168 0.26399 0.25591 0.24751 0.23889 0.23024 0.22192 0.21387 0.20616 0.19892 0.19233 0.18649 0.18155 0.17757 0.17467 0.17283 0.17208 0.17242 0.17367 0.1757 0.17835 0.18133 0.18445 0.18743 0.19011 0.19228 0.19398 0.19575 0.19746 0.19852 0.19897 0.19882 0.19807 0.19675 0.19488 0.19225 0.18857 0.1839 0.17849 0.17251 0.1661 0.15928 0.1533 0.15003 0.14581 0.13867
0.34211 0.33002 0.32243 0.31795 0.31474 0.31251 0.31093 0.30977 0.30914 0.30937 0.30871 0.30708 0.30415 0.30038 0.29643 0.29203 0.28709 0.28162 0.27563 0.26941 0.26291 0.25593 0.24854 0.24075 0.23264 0.22432 0.21601 0.20794 0.2001 0.19254 0.18542 0.17886 0.17303 0.16805 0.1641 0.16125 0.15959 0.15922 0.16009 0.16211 0.16511 0.16888 0.17306 0.17737 0.18144 0.18507 0.18799 0.19016 0.19209 0.19396 0.19522 0.19578 0.1957 0.19506 0.19391 0.19228 0.19021 0.18767 0.18458 0.18064 0.17584 0.17044 0.16462 0.15903 0.15585 0.15326 0.14751
0.29201 0.28555 0.28146 0.27977 0.27987 0.28059 0.28146 0.28233 0.28369 0.28496 0.2858 0.28622 0.28489 0.28212 0.27875 0.27479 0.27031 0.26527 0.25973 0.25401 0.24791 0.24133 0.23433 0.22694 0.2192 0.21123 0.20325 0.19547 0.18778 0.18033 0.17323 0.16661 0.16062 0.15543 0.15123 0.14816 0.14642 0.14615 0.14731 0.15 0.15398 0.15903 0.16465 0.17038 0.17578 0.18047 0.1842 0.18687 0.18884 0.19068 0.19204 0.19264 0.19261 0.19202 0.19095 0.18945 0.18759 0.18531 0.18276 0.17989 0.17655 0.17257 0.16778 0.1627 0.1595 0.15821 0.15443
0.2295 0.23279 0.23546 0.23799 0.24137 0.24536 0.24928 0.25273 0.25646 0.25915 0.2615 0.26346 0.26406 0.26338 0.26121 0.25795 0.25409 0.24962 0.24472 0.23956 0.23399 0.2279 0.22138 0.21445 0.20717 0.1996 0.19202 0.1845 0.17703 0.16965 0.16254 0.15582 0.14957 0.14398 0.13928 0.13568 0.13345 0.13285 0.13405 0.13715 0.14209 0.14849 0.15592 0.16352 0.17056 0.17647 0.181 0.18415 0.18609 0.18767 0.18889 0.18945 0.18937 0.18876 0.18778 0.18641 0.18469 0.18273 0.18044 0.17793 0.17519 0.17225 0.16897 0.16514 0.16214 0.16146 0.15922
0.16652 0.1795 0.18937 0.19726 0.20411 0.21045 0.21668 0.2228 0.22876 0.23322 0.23713 0.2405 0.24249 0.24372 0.24354 0.24176 0.23866 0.23488 0.23069 0.22621 0.2212 0.21568 0.20971 0.20332 0.19652 0.18945 0.18226 0.1751 0.16787 0.16065 0.15356 0.1467 0.14018 0.13413 0.1288 0.12438 0.1212 0.11971 0.12021 0.12317 0.12869 0.13671 0.14646 0.15668 0.16595 0.17335 0.17866 0.18199 0.18374 0.18477 0.18563 0.18598 0.18577 0.18518 0.1842 0.18292 0.18141 0.17967 0.17774 0.17558 0.17326 0.17073 0.16808 0.16523 0.16297 0.16325 0.16282
0.11567 0.13446 0.14923 0.16112 0.17132 0.17983 0.1873 0.1947 0.20216 0.20835 0.2138 0.21843 0.22165 0.22396 0.22541 0.22557 0.2241 0.22122 0.21783 0.21401 0.20959 0.20472 0.19932 0.19352 0.1873 0.18075 0.17404 0.16727 0.16037 0.15343 0.14649 0.13961 0.13289 0.12649 0.12046 0.11511 0.11068 0.10752 0.10635 0.10789 0.11296 0.12215 0.13517 0.14967 0.16236 0.17146 0.17717 0.18028 0.18152 0.18177 0.18193 0.18199 0.1816 0.18097 0.18006 0.17894 0.17762 0.17615 0.17453 0.17274 0.17082 0.16876 0.16658 0.16423 0.1622 0.16267 0.16386
0.08438 0.10344 0.11946 0.13297 0.14471 0.15495 0.16355 0.17141 0.1788 0.18574 0.19241 0.19804 0.20226 0.2055 0.20782 0.20926 0.20959 0.20847 0.2062 0.20303 0.19927 0.19501 0.19024 0.18504 0.17942 0.17344 0.1673 0.16103 0.1546 0.14805 0.14139 0.13472 0.1281 0.12153 0.11515 0.10904 0.10339 0.09844 0.09466 0.09284 0.0945 0.10193 0.1179 0.14132 0.16012 0.17085 0.17652 0.17872 0.179 0.17827 0.17757 0.17717 0.17669 0.17601 0.17521 0.17427 0.17321 0.17205 0.17076 0.16935 0.16784 0.16622 0.1645 0.16267 0.16087 0.16125 0.16319
0.07335 0.08786 0.10169 0.11437 0.1257 0.1362 0.1454 0.15382 0.16075 0.16727 0.17381 0.17997 0.18485 0.18873 0.19176 0.19386 0.19517 0.1957 0.19514 0.19329 0.19021 0.18657 0.18243 0.17782 0.17283 0.16748 0.1619 0.15624 0.15037 0.14436 0.13824 0.13202 0.12578 0.11954 0.1134 0.10728 0.10129 0.09545 0.08989 0.08473 0.08044 0.07842 0.08456 0.11493 0.15418 0.17367 0.17692 0.17655 0.17527 0.1737 0.17222 0.17138 0.17085 0.17026 0.16959 0.16891 0.16814 0.16727 0.16634 0.16535 0.16426 0.1631 0.16183 0.16047 0.15909 0.15934 0.1618
0.07609 0.08473 0.0946 0.10474 0.11446 0.1239 0.13266 0.141 0.14789 0.15392 0.15978 0.16517 0.16976 0.17404 0.17748 0.18008 0.18191 0.18317 0.18396 0.18368 0.18213 0.17936 0.17578 0.17181 0.16742 0.1627 0.15777 0.15271 0.14744 0.14209 0.13664 0.13111 0.12562 0.12021 0.1148 0.10954 0.1045 0.09975 0.09534 0.09149 0.08843 0.08712 0.09132 0.11807 0.15569 0.17242 0.1728 0.17117 0.16932 0.16751 0.16571 0.16456 0.16407 0.16365 0.16325 0.16282 0.16239 0.16186 0.16134 0.16075 0.16006 0.15934 0.15852 0.15764 0.15668 0.157 0.15972
0.08456 0.08894 0.09503 0.10218 0.10977 0.11726 0.12502 0.13259 0.13892 0.14474 0.1503 0.15476 0.1584 0.16183 0.16514 0.16799 0.17021 0.1719 0.17321 0.1739 0.17384 0.17257 0.17024 0.16688 0.1631 0.15893 0.15463 0.1502 0.14564 0.141 0.13627 0.13157 0.12696 0.12247 0.11824 0.11437 0.11095 0.10826 0.10658 0.10644 0.10886 0.11546 0.1288 0.14849 0.15909 0.16205 0.1631 0.16257 0.1614 0.15991 0.15834 0.15707 0.15652 0.15636 0.15627 0.15617 0.15604 0.15592 0.15576 0.15556 0.15534 0.15502 0.15466 0.15427 0.15375 0.15418 0.15704
0.0945 0.09628 0.0996 0.10416 0.10964 0.11533 0.12166 0.12798 0.13353 0.13882 0.14405 0.14819 0.15096 0.1533 0.15556 0.1578 0.16003 0.16205 0.16365 0.16471 0.16526 0.16532 0.16441 0.16248 0.15962 0.15608 0.15232 0.14846 0.14453 0.14053 0.13657 0.13266 0.12892 0.12542 0.12231 0.11967 0.11769 0.11662 0.11679 0.11866 0.1226 0.129 0.13748 0.14595 0.15153 0.15379 0.15424 0.15375 0.15284 0.15169 0.1505 0.14926 0.14863 0.14863 0.1488 0.149 0.14926 0.14947 0.1497 0.1499 0.15007 0.15023 0.1503 0.15033 0.1503 0.1509 0.15395
0.10459 0.10474 0.10621 0.1089 0.11247 0.11662 0.12137 0.12645 0.13096 0.13557 0.14032 0.14401 0.14639 0.14819 0.14947 0.1507 0.15202 0.15356 0.15531 0.15665 0.15748 0.15786 0.15792 0.15742 0.15598 0.15369 0.15063 0.14728 0.14391 0.1405 0.13711 0.1339 0.13084 0.1281 0.12578 0.12398 0.1228 0.12252 0.12329 0.12518 0.12818 0.13229 0.13689 0.14103 0.14394 0.14533 0.1456 0.14516 0.1444 0.14342 0.14241 0.14139 0.14064 0.14057 0.141 0.14149 0.14209 0.14269 0.14328 0.14387 0.14446 0.14498 0.14553 0.14598 0.14639 0.14724 0.15043
0.11459 0.11362 0.11371 0.11498 0.11709 0.11983 0.12337 0.1272 0.13065 0.1345 0.13867 0.14181 0.14374 0.14519 0.14622 0.14673 0.147 0.14765 0.14853 0.14953 0.15053 0.1512 0.15149 0.15149 0.1512 0.15033 0.14866 0.14632 0.14346 0.1405 0.13762 0.13483 0.13229 0.13 0.1281 0.12669 0.12582 0.12562 0.12613 0.12728 0.12903 0.13119 0.13345 0.13543 0.13671 0.13726 0.13722 0.13675 0.13601 0.13517 0.13435 0.13353 0.13278 0.13255 0.13304 0.13383 0.13472 0.13565 0.1366 0.13755 0.13853 0.1395 0.14043 0.14128 0.14213 0.14328 0.14666
0.12466 0.12288 0.1219 0.12186 0.12276 0.12442 0.12693 0.12942 0.13202 0.13509 0.13864 0.14124 0.14265 0.14367 0.1444 0.14467 0.14471 0.1446 0.14446 0.14457 0.14471 0.14516 0.14564 0.14584 0.14584 0.1456 0.14522 0.14415 0.14258 0.14039 0.1378 0.13531 0.133 0.13096 0.12923 0.12783 0.12689 0.12637 0.12629 0.12657 0.12716 0.12798 0.12872 0.12934 0.12961 0.12954 0.12915 0.12853 0.12775 0.127 0.12625 0.12562 0.12502 0.1247 0.12506 0.12602 0.12716 0.12841 0.12973 0.13111 0.13244 0.13379 0.13517 0.13646 0.1377 0.13918 0.14279
0.13424 0.1324 0.13073 0.12961 0.12927 0.12985 0.13142 0.13293 0.13461 0.13697 0.13989 0.14192 0.14286 0.14346 0.14381 0.14387 0.14367 0.14342 0.14293 0.14213 0.14135 0.14089 0.1405 0.14053 0.14064 0.14057 0.14043 0.14018 0.13979 0.13874 0.13726 0.13528 0.13304 0.131 0.12915 0.12763 0.12637 0.12538 0.12458 0.1241 0.12377 0.12353 0.12333 0.12296 0.12252 0.12194 0.12124 0.12046 0.11962 0.11891 0.11824 0.11773 0.11735 0.11705 0.11726 0.11819 0.11962 0.12116 0.12288 0.12454 0.12633 0.12802 0.12981 0.13149 0.13315 0.13494 0.13867
0.14297 0.14128 0.13968 0.13813 0.13675 0.1362 0.13657 0.1373 0.13802 0.13979 0.14209 0.14363 0.14412 0.14429 0.14429 0.14401 0.14356 0.14314 0.14251 0.1416 0.14043 0.139 0.1377 0.13675 0.13598 0.13561 0.1355 0.13535 0.13513 0.13487 0.13446 0.13345 0.13202 0.13019 0.12818 0.12633 0.12462 0.12309 0.12174 0.1205 0.11942 0.11841 0.11743 0.11645 0.11541 0.11441 0.1134 0.11247 0.11162 0.11091 0.11032 0.10991 0.10968 0.10964 0.10973 0.11054 0.11212 0.11402 0.11597 0.11807 0.12021 0.12235 0.12446 0.12653 0.12853 0.13084 0.13498
0.15073 0.14913 0.14785 0.14653 0.14516 0.14367 0.14283 0.14241 0.14227 0.14318 0.14502 0.14612 0.14622 0.14598 0.1456 0.14502 0.14433 0.14367 0.14283 0.14177 0.1405 0.13892 0.13722 0.13524 0.13345 0.13206 0.131 0.13031 0.13 0.12973 0.12942 0.12915 0.12857 0.12748 0.12606 0.12418 0.12202 0.11992 0.11798 0.1161 0.11441 0.11274 0.11118 0.10964 0.10821 0.10686 0.10559 0.1045 0.10359 0.10291 0.10237 0.10213 0.10213 0.10227 0.10262 0.10334 0.10474 0.10696 0.10927 0.11171 0.11419 0.11679 0.11925 0.12182 0.12442 0.127 0.13122
0.15818 0.1563 0.15485 0.15388 0.15287 0.15166 0.1504 0.1488 0.14761 0.14738 0.14849 0.14916 0.149 0.14836 0.14761 0.14677 0.14581 0.14484 0.14384 0.14258 0.1411 0.13943 0.13755 0.13546 0.13319 0.13081 0.12853 0.12677 0.12534 0.1243 0.12373 0.12325 0.12268 0.12219 0.12141 0.12 0.11828 0.11615 0.11367 0.11127 0.109 0.10677 0.10469 0.10271 0.1009 0.0992 0.09778 0.09659 0.09566 0.09497 0.0946 0.09445 0.0946 0.09508 0.09566 0.09654 0.09788 0.10005 0.10276 0.10559 0.10849 0.11145 0.11459 0.1176 0.12037 0.12321 0.12767
0.16541 0.16328 0.16155 0.16028 0.15934 0.15868 0.15773 0.15633 0.1543 0.15297 0.15271 0.15268 0.15225 0.15129 0.15027 0.1491 0.14785 0.14666 0.14536 0.14391 0.14223 0.14032 0.13831 0.13605 0.1336 0.131 0.12826 0.12546 0.12272 0.1205 0.11862 0.11709 0.11602 0.1152 0.11424 0.11331 0.11207 0.11036 0.10831 0.10592 0.1032 0.1005 0.09798 0.0956 0.09343 0.09154 0.08994 0.0886 0.08764 0.08701 0.08678 0.08689 0.08729 0.08803 0.08899 0.09022 0.0916 0.09365 0.09654 0.09975 0.10325 0.10691 0.11032 0.11349 0.11649 0.11962 0.12434
0.17248 0.17021 0.16814 0.16652 0.16532 0.16441 0.16389 0.16297 0.16149 0.15997 0.1584 0.15723 0.15617 0.15469 0.15339 0.15195 0.15047 0.149 0.14744 0.14574 0.14384 0.14174 0.13946 0.137 0.13435 0.13153 0.12857 0.12546 0.12227 0.119 0.11572 0.11287 0.11041 0.10821 0.10635 0.10493 0.10359 0.10223 0.10065 0.09859 0.09628 0.09381 0.0911 0.08832 0.08585 0.08379 0.08191 0.08062 0.07962 0.07912 0.07906 0.07944 0.08019 0.08124 0.08258 0.0842 0.08597 0.08798 0.09088 0.09482 0.09874 0.10257 0.10621 0.10968 0.11287 0.11628 0.12124
0.17883 0.17697 0.17479 0.1728 0.1712 0.17003 0.16914 0.16826 0.16745 0.16637 0.16517 0.1634 0.16131 0.15915 0.15707 0.15527 0.15353 0.15179 0.15 0.14805 0.14588 0.14356 0.14103 0.13831 0.13543 0.13236 0.12907 0.1257 0.12219 0.11853 0.11476 0.11095 0.107 0.10334 0.1002 0.09731 0.09482 0.09263 0.09088 0.08916 0.08735 0.08521 0.08276 0.0805 0.07817 0.07583 0.07396 0.07253 0.07169 0.07134 0.07141 0.07211 0.07321 0.07477 0.07662 0.07868 0.08087 0.08355 0.08666 0.09039 0.09455 0.09854 0.10237 0.10602 0.1095 0.11323 0.11832
0.18319 0.18224 0.18094 0.17925 0.17729 0.1757 0.17447 0.17326 0.17216 0.17138 0.17073 0.16956 0.16757 0.16495 0.16214 0.15953 0.1571 0.15505 0.153 0.1508 0.14839 0.14577 0.14304 0.14007 0.13686 0.13349 0.12996 0.12621 0.12235 0.11824 0.11406 0.10968 0.10526 0.1008 0.09633 0.09192 0.08803 0.08462 0.08161 0.07887 0.07655 0.07463 0.07287 0.07092 0.06892 0.06701 0.06557 0.06442 0.06372 0.06356 0.06403 0.06504 0.06663 0.06863 0.07092 0.07362 0.07688 0.08025 0.08343 0.08666 0.09055 0.09471 0.09864 0.10227 0.10574 0.10968 0.11489
0.18542 0.18531 0.18496 0.18417 0.18306 0.1816 0.17992 0.17838 0.17703 0.17581 0.17493 0.17424 0.17292 0.17082 0.1684 0.16538 0.16214 0.15922 0.15649 0.15398 0.15136 0.14853 0.14546 0.1422 0.13874 0.13506 0.13119 0.12708 0.1228 0.11832 0.11358 0.10867 0.10368 0.09869 0.09365 0.0886 0.08367 0.07887 0.0743 0.07043 0.06723 0.06434 0.06197 0.06008 0.05865 0.05753 0.05648 0.05559 0.05541 0.05586 0.05683 0.05831 0.0605 0.06301 0.06611 0.06971 0.07348 0.07707 0.08044 0.08349 0.08672 0.0905 0.0945 0.09813 0.10149 0.10569 0.11091
0.1869 0.18682 0.18668 0.18676 0.18668 0.18606 0.18509 0.18371 0.18199 0.18047 0.17922 0.17813 0.17666 0.1753 0.17341 0.17126 0.16858 0.16517 0.16159 0.15815 0.15482 0.15169 0.14839 0.14484 0.14107 0.13708 0.13285 0.12837 0.12369 0.11874 0.11349 0.10807 0.10252 0.0969 0.09116 0.08556 0.07994 0.07443 0.06921 0.06427 0.05967 0.05577 0.05273 0.0506 0.04909 0.04806 0.04754 0.04775 0.04827 0.04889 0.0502 0.05235 0.05495 0.05848 0.06253 0.06633 0.07014 0.07389 0.07733 0.0805 0.08337 0.08637 0.08983 0.09343 0.0968 0.10159 0.10714
0.18823 0.18788 0.1877 0.1877 0.18783 0.18804 0.18815 0.18754 0.18652 0.18526 0.18377 0.18224 0.18047 0.17894 0.17692 0.17521 0.17358 0.17126 0.16817 0.16429 0.16006 0.15595 0.15192 0.14802 0.14398 0.13964 0.13509 0.13023 0.12506 0.11967 0.11393 0.10794 0.10178 0.09555 0.08911 0.08258 0.07596 0.0695 0.06301 0.05692 0.05138 0.04637 0.04243 0.0395 0.03821 0.03834 0.03975 0.04183 0.04427 0.0469 0.0497 0.05244 0.0555 0.05899 0.06277 0.06678 0.0705 0.07416 0.07746 0.08056 0.08331 0.08591 0.0886 0.09171 0.09518 0.10015 0.1055
0.19008 0.18931 0.18857 0.18826 0.18828 0.18844 0.18871 0.18892 0.18881 0.18826 0.18754 0.18636 0.18466 0.18267 0.18064 0.17835 0.17644 0.1751 0.17318 0.17044 0.16688 0.16245 0.15751 0.15255 0.14768 0.1429 0.13791 0.13259 0.12673 0.12033 0.11353 0.10611 0.09839 0.09039 0.0821 0.07376 0.06542 0.0571 0.04909 0.04159 0.03479 0.02933 0.02588 0.0255 0.02757 0.03178 0.03728 0.04324 0.04909 0.05477 0.05983 0.06442 0.06804 0.07106 0.07382 0.07635 0.07893 0.08155 0.08444 0.08718 0.08983 0.09236 0.0946 0.09711 0.10045 0.10526 0.11005
0.19246 0.19134 0.19016 0.18929 0.18871 0.18849 0.18865 0.18879 0.18873 0.18879 0.18881 0.18831 0.18746 0.18601 0.18455 0.18215 0.17961 0.17757 0.1759 0.17413 0.17187 0.16864 0.16429 0.15871 0.15215 0.14509 0.13777 0.13027 0.12252 0.11432 0.10569 0.09644 0.08683 0.07694 0.06693 0.05692 0.04701 0.03728 0.02793 0.01924 0.01265 0.01183 0.01703 0.02429 0.03225 0.04012 0.04743 0.05441 0.06107 0.06716 0.07253 0.0774 0.08191 0.08591 0.0895 0.09252 0.09497 0.09701 0.09884 0.1005 0.10203 0.10373 0.1055 0.10728 0.10995 0.11415 0.11857
