data/slope_4cell_min.txt
ncols	401
nrows	401
xllcorner	0.0
yllcorner	0.0
cellsize	10.0
NODATA_value	-9999.0
[rows 264 to 296 of 401, columns 148 to 221 of 401]
1.67991 1.48224 1.28113 1.072 0.83022 0.60103 0.31398 0.0 0.0 0.0 0.0 0.0 0.0 0.0 0.0 0.0 0.0 0.51222 0.95856 1.40317 1.85581 2.28324 2.66139 3.01834 3.38102 3.73454 4.08061 4.4261 4.75899 5.07927 5.39841 5.70208 5.99543 6.27217 6.53172 6.7672 6.94539 6.96201 6.90815 6.82106 6.70475 6.55922 6.38447 6.1868 5.96277 5.71926 5.45227 5.17381 4.87644 4.57048 4.24906 3.91731 3.58271 3.24294 2.9026 2.56685 2.23282 1.89993 1.57907 1.26853 0.97575 0.70187 0.44404 0.18105 0.0 0.0 0.0 0.0 0.18105 0.25611 0.40508 0.57296 0.72479 0.88751
1.56876 1.41463 1.24217 1.04106 0.83022 0.60103 0.36211 0.0 0.0 0.0 0.0 0.0 0.0 0.0 0.0 0.0 0.0 0.40508 0.86918 1.33155 1.77445 2.22537 2.63618 3.00173 3.36154 3.71219 4.05654 4.39631 4.72747 5.05005 5.36231 5.65968 5.94673 6.21774 6.4727 6.70704 6.89211 6.91503 6.87091 6.79299 6.68355 6.54432 6.37702 6.1868 5.97079 5.73302 5.4792 5.20246 4.91655 4.61288 4.30234 3.97976 3.65031 3.32201 2.99084 2.65509 2.33308 2.00879 1.69882 1.39171 1.10237 0.83022 0.57296 0.31398 0.0 0.0 0.18105 0.25611 0.40508 0.51222 0.65317 0.81016 0.95856 1.11669
1.43755 1.31895 1.16024 0.99236 0.81016 0.60103 0.36211 0.18105 0.0 0.0 0.0 0.0 0.0 0.0 0.0 0.0 0.0 0.36211 0.78954 1.25535 1.70856 2.15776 2.59894 2.97422 3.33175 3.68125 4.02446 4.35849 4.68679 5.00192 5.31017 5.60467 5.8837 6.15299 6.40223 6.63714 6.82622 6.88008 6.84284 6.77179 6.67095 6.54146 6.38218 6.19711 5.99027 5.7588 5.51128 5.246 4.96239 4.66903 4.36594 4.05253 3.72996 3.40967 3.08251 2.76338 2.44252 2.12739 1.82029 1.52636 1.24217 0.95856 0.70187 0.44404 0.31398 0.31398 0.40508 0.51222 0.65317 0.76891 0.90585 1.05653 1.20207 1.35562
1.30634 1.18831 1.072 0.92361 0.76891 0.57296 0.36211 0.18105 0.0 0.0 0.0 0.0 0.0 0.0 0.0 0.0 0.0 0.25611 0.72479 1.18831 1.65012 2.09645 2.54107 2.93584 3.29279 3.63656 3.97976 4.3138 4.63752 4.94921 5.24887 5.54107 5.81151 6.07564 6.32087 6.55177 6.74772 6.84971 6.82851 6.76491 6.67095 6.54662 6.39707 6.21774 6.01663 5.79776 5.5554 5.29528 5.02083 4.73836 4.43641 4.13217 3.82048 3.50879 3.19195 2.87396 2.56055 2.25459 1.95092 1.65986 1.39171 1.13159 0.88751 0.70187 0.60103 0.57296 0.65317 0.76891 0.88751 1.02502 1.16024 1.29374 1.43755 1.56876
1.17399 1.072 0.95856 0.83022 0.70187 0.54374 0.36211 0.18105 0.0 0.0 0.0 0.0 0.0 0.0 0.0 0.0 0.0 0.18105 0.67781 1.13159 1.58938 2.04088 2.48893 2.89115 3.24294 3.58729 3.92591 4.2565 4.57736 4.88676 5.18355 5.4643 5.73588 5.99027 6.23092 6.45208 6.65892 6.80731 6.82393 6.7672 6.6784 6.56438 6.41999 6.25154 6.05674 5.84245 5.6104 5.35945 5.09245 4.81285 4.52407 4.23015 3.9219 3.61479 3.30769 3.00173 2.69806 2.40241 2.11192 1.82945 1.57907 1.34359 1.13159 0.97575 0.88751 0.86918 0.92361 1.02502 1.13159 1.25535 1.39171 1.51547 1.64038 1.76528
1.05653 0.97575 0.86918 0.74714 0.62739 0.51222 0.36211 0.18105 0.0 0.0 0.0 0.0 0.0 0.0 0.0 0.0 0.0 0.18105 0.62739 1.0869 1.53667 2.00077 2.44252 2.83958 3.19195 3.53228 3.86345 4.19119 4.50574 4.80597 5.09818 5.37721 5.64765 5.89745 6.12893 6.34608 6.54432 6.72423 6.81705 6.77694 6.6973 6.58844 6.44979 6.2905 6.10487 5.89975 5.674 5.43164 5.17381 4.90337 4.6232 4.33271 4.0405 3.74313 3.44348 3.14497 2.85677 2.56685 2.29756 2.03343 1.80195 1.57907 1.40317 1.26853 1.18831 1.16024 1.18831 1.26853 1.36765 1.48224 1.61001 1.7183 1.83805 1.95092
0.94137 0.86918 0.78954 0.67781 0.57296 0.44404 0.31398 0.18105 0.0 0.0 0.0 0.0 0.0 0.0 0.0 0.0 0.0 0.0 0.57296 1.04106 1.50459 1.95952 2.40241 2.78687 3.13007 3.46697 3.7947 4.11269 4.41464 4.71029 4.99848 5.2735 5.53764 5.78687 6.01949 6.23321 6.42515 6.59818 6.75002 6.79528 6.72194 6.61766 6.48932 6.33634 6.16044 5.96277 5.74447 5.51128 5.26147 5.00192 4.73091 4.45131 4.1677 3.88007 3.59187 3.30769 3.02923 2.75765 2.4958 2.24714 2.03343 1.83805 1.6696 1.54756 1.47136 1.43755 1.44901 1.51547 1.5997 1.68965 1.79278 1.89993 2.00879 2.11937
0.8497 0.78954 0.70187 0.62739 0.51222 0.40508 0.31398 0.18105 0.0 0.0 0.0 0.0 0.0 0.0 0.0 0.0 0.0 0.0 0.54374 1.00898 1.46047 1.92571 2.36116 2.72728 3.06131 3.39535 3.70818 4.01586 4.3138 4.60601 4.88676 5.15891 5.41674 5.65968 5.88943 6.10257 6.29795 6.46468 6.61251 6.73798 6.75517 6.65605 6.53401 6.38963 6.2206 6.03038 5.82297 5.59608 5.35945 5.10792 4.84665 4.57392 4.30234 4.02847 3.75173 3.48129 3.212 2.95245 2.70321 2.47575 2.26891 2.08843 1.94233 1.82945 1.74695 1.7183 1.70856 1.73721 1.79278 1.87357 1.96754 2.07239 2.17323 2.26204
0.74714 0.70187 0.65317 0.57296 0.47957 0.40508 0.25611 0.18105 0.0 0.0 0.0 0.0 0.0 0.0 0.0 0.0 0.0 0.0 0.51222 0.97575 1.43755 1.89133 2.30501 2.65509 2.99084 3.30769 3.61021 3.90929 4.20265 4.49142 4.7693 5.03401 5.28611 5.52618 5.74734 5.95475 6.14211 6.31801 6.46468 6.58844 6.68584 6.70246 6.58844 6.44692 6.28535 6.10487 5.90548 5.68775 5.458 5.21506 4.96583 4.70685 4.44386 4.17973 3.9133 3.65031 3.39993 3.15585 2.92495 2.70321 2.51528 2.34053 2.19557 2.08041 2.00077 1.95092 1.94233 1.95952 1.99275 2.05692 2.13484 2.21792 2.29756 2.36803
0.67781 0.62739 0.57296 0.51222 0.44404 0.36211 0.25611 0.18105 0.0 0.0 0.0 0.0 0.0 0.0 0.0 0.0 0.0 0.0 0.47957 0.95856 1.41463 1.87357 2.24714 2.58633 2.9026 3.20226 3.50421 3.79928 4.08863 4.36594 4.64096 4.89994 5.14917 5.38007 5.59894 5.80062 5.98225 6.14726 6.2928 6.41999 6.52484 6.59818 6.62225 6.50995 6.35639 6.18164 5.98741 5.78401 5.56113 5.32851 5.08901 4.84035 4.58825 4.33271 4.08061 3.82908 3.58729 3.35639 3.13523 2.92495 2.73931 2.56685 2.42934 2.31188 2.21792 2.16578 2.13484 2.13484 2.16578 2.21792 2.26891 2.32621 2.37491 2.40241
0.60103 0.57296 0.54374 0.47957 0.44404 0.36211 0.25611 0.18105 0.0 0.0 0.0 0.0 0.0 0.0 0.0 0.0 0.0 0.0 0.47957 0.95856 1.41463 1.82945 2.18813 2.50211 2.7989 3.0934 3.39076 3.68125 3.96315 4.23702 4.50574 4.75899 5.00192 5.23053 5.4431 5.63905 5.81438 5.97366 6.11002 6.22805 6.33118 6.41197 6.46984 6.49218 6.41713 6.25899 6.07564 5.87568 5.66541 5.44023 5.20876 4.9727 4.73091 4.48798 4.24504 4.00039 3.76892 3.54145 3.33175 3.11976 2.93584 2.76338 2.62415 2.50211 2.41559 2.36116 2.32621 2.30501 2.30501 2.33308 2.34053 2.36116 2.36116 2.29069
0.54374 0.51222 0.47957 0.44404 0.40508 0.36211 0.25611 0.18105 0.0 0.0 0.0 0.0 0.0 0.18105 0.18105 0.18105 0.25611 0.25611 0.51222 0.97575 1.42609 1.77445 2.1039 2.39554 2.69176 2.98511 3.27273 3.5552 3.83366 4.10467 4.36594 4.61689 4.85353 5.07641 5.28324 5.47289 5.64478 5.7949 5.92782 6.0384 6.13122 6.20227 6.25383 6.28764 6.30024 6.24925 6.14497 5.95991 5.76453 5.55253 5.32564 5.09818 4.86384 4.62663 4.38886 4.15165 3.9219 3.695 3.48129 3.2882 3.10371 2.94099 2.7989 2.67972 2.58003 2.50898 2.45627 2.41559 2.37491 2.35428 2.33308 2.26204 2.20302 2.14286
0.47957 0.47957 0.47957 0.44404 0.40508 0.36211 0.31398 0.25611 0.18105 0.0 0.0 0.0 0.18105 0.25611 0.31398 0.31398 0.36211 0.40508 0.62739 1.04106 1.41463 1.73721 2.01681 2.29756 2.58003 2.86823 3.15069 3.43374 3.7036 3.97174 4.22614 4.46964 4.70055 4.91655 5.12052 5.30387 5.47003 5.61613 5.74161 5.84761 5.93011 5.99314 6.03611 6.0596 6.06476 6.05215 6.01147 5.91636 5.79776 5.61613 5.41331 5.18985 4.95952 4.72747 4.49142 4.26051 4.0405 3.82048 3.61479 3.41941 3.23778 3.07736 2.93068 2.80463 2.68545 2.56685 2.47575 2.39554 2.31933 2.22537 2.14286 2.08843 2.04088 1.98415
0.44404 0.44404 0.44404 0.44404 0.40508 0.36211 0.31398 0.25611 0.18105 0.0 0.0 0.18105 0.31398 0.36211 0.40508 0.47957 0.51222 0.54374 0.76891 1.10237 1.40317 1.67991 1.92571 2.19557 2.47575 2.75134 3.03438 3.30769 3.57354 3.83366 4.08462 4.32125 4.54871 4.75899 4.95608 5.13313 5.29528 5.4368 5.55769 5.65681 5.73302 5.78687 5.81438 5.82297 5.81438 5.78401 5.73588 5.67114 5.58118 5.47289 5.34398 5.18011 4.979 4.76586 4.54871 4.33271 4.11269 3.90471 3.69042 3.48129 3.28305 3.08767 2.91349 2.75765 2.61784 2.47575 2.32621 2.20302 2.09645 2.00879 1.95092 1.90852 1.87357 1.82945
0.40508 0.40508 0.40508 0.40508 0.40508 0.36211 0.36211 0.31398 0.18105 0.18105 0.0 0.25611 0.40508 0.47957 0.54374 0.60103 0.65317 0.70187 0.88751 1.13159 1.37968 1.5997 1.83805 2.09645 2.36803 2.64248 2.91349 3.18163 3.44348 3.69902 3.94252 4.17572 4.39631 4.60257 4.79279 4.96583 5.12052 5.24887 5.35945 5.44596 5.51415 5.55769 5.58118 5.58462 5.56113 5.52331 5.4643 5.38638 5.29241 5.18355 5.05349 4.91025 4.75211 4.57736 4.38485 4.18316 3.97174 3.76089 3.55062 3.33691 3.13007 2.92495 2.72728 2.54107 2.36116 2.20302 2.06494 1.93373 1.85581 1.79278 1.76528 1.73721 1.69882 1.6696
0.36211 0.40508 0.40508 0.40508 0.40508 0.40508 0.36211 0.31398 0.25611 0.18105 0.18105 0.31398 0.47957 0.57296 0.65317 0.72479 0.76891 0.83022 0.97575 1.14592 1.33155 1.53667 1.75612 2.00077 2.26891 2.52846 2.7989 3.06131 3.318 3.56895 3.80788 4.03248 4.24906 4.4473 4.62663 4.78305 4.92343 5.04719 5.14917 5.23397 5.29528 5.33481 5.35314 5.35028 5.32278 5.2735 5.20532 5.11709 5.01166 4.89363 4.75555 4.60257 4.43985 4.26452 4.07258 3.87606 3.67266 3.46697 3.25268 3.03438 2.82239 2.61784 2.42247 2.23282 2.05692 1.90852 1.78362 1.68965 1.61975 1.58938 1.57907 1.55787 1.53667 1.51547
0.31398 0.36211 0.40508 0.40508 0.44404 0.40508 0.40508 0.36211 0.31398 0.25611 0.25611 0.40508 0.57296 0.67781 0.76891 0.83022 0.90585 0.95856 1.04106 1.14592 1.29374 1.48224 1.67991 1.91712 2.16578 2.42247 2.68545 2.94672 3.1971 3.43832 3.67266 3.89669 4.09264 4.27598 4.44386 4.59913 4.73091 4.85009 4.94577 5.02427 5.08271 5.11709 5.13026 5.12396 5.09245 5.03744 4.96239 4.86728 4.75555 4.61976 4.47652 4.31781 4.1442 3.96315 3.76892 3.56895 3.36154 3.14497 2.93068 2.71525 2.50211 2.29756 2.1039 1.92571 1.76528 1.61975 1.51547 1.44901 1.40317 1.40317 1.39171 1.39171 1.37968 1.36765
0.31398 0.36211 0.40508 0.44404 0.44404 0.44404 0.44404 0.40508 0.36211 0.31398 0.36211 0.51222 0.65317 0.76891 0.8497 0.94137 1.00898 1.05653 1.0869 1.14592 1.26853 1.41463 1.61001 1.83805 2.08041 2.32621 2.58003 2.83385 3.08251 3.32201 3.54145 3.73912 3.92992 4.10868 4.27197 4.41865 4.54871 4.66216 4.75555 4.8266 4.87644 4.91025 4.91655 4.90337 4.86728 4.80941 4.73091 4.63408 4.51319 4.3774 4.22213 4.05253 3.87606 3.68584 3.4853 3.27789 3.06131 2.85104 2.62988 2.41559 2.20302 2.00077 1.80195 1.63006 1.47136 1.35562 1.25535 1.22899 1.20207 1.21524 1.21524 1.21524 1.21524 1.21524
0.31398 0.36211 0.40508 0.44404 0.44404 0.47957 0.44404 0.44404 0.40508 0.36211 0.40508 0.54374 0.72479 0.8497 0.94137 1.02502 1.11669 1.10237 1.10237 1.14592 1.22899 1.35562 1.54756 1.76528 1.99275 2.24026 2.48263 2.73358 2.97422 3.19195 3.39535 3.59646 3.77751 3.95112 4.11269 4.25249 4.3774 4.48397 4.57392 4.63752 4.68679 4.71029 4.71372 4.69711 4.65471 4.59512 4.51319 4.4112 4.29088 4.14821 3.99237 3.81647 3.62797 3.43374 3.22747 3.01834 2.7989 2.57315 2.36116 2.13484 1.92571 1.7183 1.52636 1.35562 1.21524 1.0869 1.02502 0.99236 1.02502 1.04106 1.05653 1.05653 1.072 1.0869
0.31398 0.36211 0.40508 0.44404 0.47957 0.47957 0.47957 0.47957 0.44404 0.40508 0.44404 0.62739 0.78954 0.92361 1.02502 1.11669 1.20207 1.14592 1.11669 1.13159 1.20207 1.33155 1.4937 1.69882 1.92571 2.16578 2.40241 2.63618 2.85677 3.06647 3.26815 3.46238 3.64115 3.80788 3.96315 4.10066 4.21869 4.32125 4.40375 4.46563 4.50574 4.52407 4.52407 4.5023 4.45475 4.39229 4.30635 4.19921 4.07659 3.93393 3.77751 3.60104 3.41483 3.212 3.00173 2.78687 2.56685 2.34053 2.11192 1.89133 1.67991 1.47136 1.26853 1.10237 0.95856 0.86918 0.78954 0.81016 0.83022 0.86918 0.88751 0.90585 0.92361 0.95856
0.31398 0.36211 0.40508 0.44404 0.47957 0.51222 0.51222 0.51222 0.47957 0.44404 0.51222 0.67781 0.8497 0.97575 1.0869 1.18831 1.22899 1.17399 1.11669 1.13159 1.18831 1.29374 1.44901 1.65012 1.86498 2.09645 2.32621 2.53477 2.75134 2.95761 3.15585 3.34206 3.51796 3.68125 3.82908 3.96315 4.07659 4.17171 4.24906 4.30635 4.33958 4.35505 4.3476 4.32125 4.27197 4.20265 4.11269 4.0044 3.88007 3.73454 3.57812 3.39993 3.212 3.01261 2.80463 2.58633 2.36116 2.13484 1.90852 1.67991 1.44901 1.24217 1.05653 0.86918 0.72479 0.62739 0.60103 0.62739 0.67781 0.70187 0.74714 0.76891 0.81016 0.83022
0.31398 0.36211 0.40508 0.47957 0.51222 0.54374 0.54374 0.54374 0.51222 0.47957 0.57296 0.74714 0.90585 1.04106 1.13159 1.24217 1.25535 1.17399 1.11669 1.11669 1.17399 1.26853 1.42609 1.61001 1.82945 2.0489 2.25459 2.45627 2.66139 2.8625 3.05616 3.24294 3.41483 3.56895 3.71219 3.84226 3.95112 4.0405 4.11269 4.16368 4.19119 4.20265 4.19119 4.15566 4.10467 4.03248 3.93851 3.82507 3.69902 3.55062 3.39076 3.21716 3.02923 2.83385 2.62415 2.40929 2.18813 1.96754 1.73721 1.50459 1.28113 1.05653 0.8497 0.67781 0.51222 0.40508 0.40508 0.47957 0.51222 0.54374 0.60103 0.65317 0.67781 0.72479
0.31398 0.36211 0.44404 0.47957 0.54374 0.54374 0.57296 0.57296 0.54374 0.54374 0.60103 0.78954 0.95856 1.072 1.17399 1.29374 1.26853 1.18831 1.13159 1.13159 1.16024 1.26853 1.40317 1.5997 1.79278 2.00077 2.19557 2.39554 2.59894 2.78687 2.97995 3.16101 3.32717 3.48129 3.61937 3.73912 3.84226 3.92591 3.99237 4.03649 4.06055 4.06456 4.04852 4.01242 3.95513 3.87606 3.78209 3.66349 3.53228 3.38561 3.22231 3.05043 2.8625 2.66712 2.46257 2.24714 2.03343 1.81112 1.58938 1.36765 1.14592 0.94137 0.72479 0.51222 0.36211 0.25611 0.25611 0.31398 0.36211 0.40508 0.47957 0.51222 0.57296 0.62739
0.31398 0.36211 0.44404 0.51222 0.54374 0.57296 0.60103 0.57296 0.57296 0.54374 0.62739 0.78954 0.97575 1.0869 1.20207 1.29374 1.25535 1.17399 1.14592 1.11669 1.16024 1.26853 1.41463 1.57907 1.79278 1.96754 2.15776 2.35428 2.54794 2.73931 2.92495 3.09856 3.25784 3.40967 3.54145 3.65432 3.75631 3.83366 3.89268 3.93393 3.95112 3.95112 3.92992 3.88465 3.82507 3.74313 3.64115 3.52254 3.39076 3.23778 3.07736 2.89687 2.70952 2.51528 2.31188 2.1039 1.89133 1.67991 1.46047 1.24217 1.04106 0.83022 0.62739 0.44404 0.25611 0.0 0.0 0.18105 0.25611 0.31398 0.36211 0.40508 0.47957 0.54374
0.31398 0.40508 0.44404 0.51222 0.57296 0.60103 0.60103 0.60103 0.57296 0.54374 0.62739 0.81016 0.99236 1.10237 1.22899 1.28113 1.24217 1.17399 1.14592 1.13159 1.17399 1.26853 1.41463 1.58938 1.78362 1.96754 2.15776 2.34053 2.53477 2.71525 2.89115 3.05616 3.21716 3.35639 3.4853 3.59646 3.69042 3.76089 3.81647 3.85085 3.86345 3.85486 3.82908 3.78209 3.71219 3.62797 3.52254 3.39993 3.26299 3.10887 2.94672 2.76911 2.58003 2.38866 2.18068 1.97613 1.76528 1.55787 1.34359 1.14592 0.94137 0.72479 0.54374 0.36211 0.18105 0.0 0.0 0.0 0.0 0.18105 0.25611 0.31398 0.40508 0.47957
0.31398 0.40508 0.47957 0.51222 0.57296 0.60103 0.60103 0.60103 0.60103 0.54374 0.65317 0.81016 0.99236 1.10237 1.22899 1.26853 1.21524 1.16024 1.14592 1.14592 1.20207 1.30634 1.44901 1.61975 1.81112 1.99275 2.16578 2.35428 2.54107 2.71525 2.89115 3.05043 3.1971 3.33691 3.45264 3.55979 3.64573 3.71219 3.76089 3.79069 3.7947 3.78209 3.74772 3.695 3.62339 3.53228 3.424 3.29795 3.15585 3.00173 2.83385 2.65509 2.46945 2.27636 2.07239 1.87357 1.65986 1.46047 1.25535 1.04106 0.8497 0.65317 0.47957 0.31398 0.18105 0.0 0.0 0.0 0.0 0.0 0.18105 0.25611 0.36211 0.40508
0.31398 0.40508 0.47957 0.54374 0.57296 0.60103 0.60103 0.60103 0.57296 0.54374 0.60103 0.78954 0.95856 1.0869 1.22899 1.24217 1.20207 1.14592 1.13159 1.16024 1.22899 1.33155 1.48224 1.65986 1.84722 2.03343 2.21792 2.39554 2.57315 2.75134 2.91349 3.06647 3.212 3.34206 3.45264 3.55062 3.62797 3.69042 3.72594 3.74772 3.75173 3.72996 3.69042 3.63198 3.5552 3.4578 3.34206 3.212 3.0722 2.91349 2.73931 2.56055 2.37491 2.18068 1.98415 1.77445 1.57907 1.36765 1.17399 0.97575 0.78954 0.60103 0.40508 0.25611 0.0 0.0 0.0 0.0 0.0 0.0 0.0 0.18105 0.31398 0.36211
0.36211 0.44404 0.47957 0.54374 0.57296 0.60103 0.60103 0.60103 0.57296 0.54374 0.60103 0.76891 0.92361 1.05653 1.20207 1.20207 1.17399 1.13159 1.14592 1.18831 1.28113 1.39171 1.53667 1.7183 1.90852 2.1039 2.28324 2.46945 2.63618 2.81036 2.96907 3.11976 3.25268 3.38102 3.4853 3.57354 3.64573 3.695 3.72594 3.73912 3.72996 3.7036 3.65432 3.59187 3.50879 3.40509 3.2882 3.15069 3.00173 2.83958 2.66712 2.48893 2.29756 2.1039 1.90852 1.70856 1.50459 1.30634 1.10237 0.92361 0.72479 0.54374 0.36211 0.25611 0.0 0.0 0.0 0.0 0.0 0.0 0.0 0.18105 0.25611 0.36211
0.36211 0.44404 0.51222 0.54374 0.57296 0.60103 0.60103 0.60103 0.57296 0.51222 0.54374 0.72479 0.86918 1.00898 1.14592 1.17399 1.14592 1.11669 1.16024 1.21524 1.31895 1.44901 1.61001 1.79278 1.99275 2.18068 2.37491 2.55425 2.73358 2.9026 3.06131 3.1971 3.33175 3.44806 3.54604 3.62797 3.695 3.73454 3.75631 3.76089 3.73912 3.7036 3.64573 3.56895 3.48129 3.37128 3.2481 3.10887 2.95761 2.79317 2.61784 2.43564 2.24026 2.0489 1.84722 1.65012 1.44901 1.25535 1.05653 0.86918 0.70187 0.51222 0.36211 0.18105 0.0 0.0 0.0 0.0 0.0 0.0 0.0 0.0 0.25611 0.31398
0.40508 0.44404 0.51222 0.54374 0.57296 0.60103 0.60103 0.57296 0.54374 0.47957 0.47957 0.65317 0.81016 0.95856 1.10237 1.11669 1.10237 1.11669 1.16024 1.25535 1.37968 1.52636 1.69882 1.88217 2.07239 2.27636 2.47575 2.67342 2.84531 3.01834 3.17648 3.31284 3.43832 3.55062 3.64573 3.72136 3.77293 3.80329 3.82048 3.81647 3.78611 3.73912 3.67266 3.58729 3.4853 3.36613 3.23263 3.08767 2.93068 2.76338 2.58003 2.39554 2.20302 2.00879 1.81112 1.61001 1.41463 1.21524 1.02502 0.8497 0.67781 0.51222 0.36211 0.18105 0.0 0.0 0.0 0.0 0.0 0.0 0.0 0.0 0.25611 0.31398
0.40508 0.47957 0.51222 0.54374 0.57296 0.57296 0.57296 0.54374 0.51222 0.44404 0.44404 0.57296 0.74714 0.90585 1.04106 1.072 1.072 1.10237 1.17399 1.31895 1.46047 1.61975 1.80195 1.99275 2.18813 2.38866 2.59263 2.78114 2.96907 3.14497 3.31284 3.45264 3.57812 3.68125 3.77293 3.83767 3.88866 3.9133 3.91731 3.90471 3.86345 3.80788 3.72996 3.63656 3.51796 3.39076 3.24294 3.08767 2.91922 2.74561 2.56685 2.37491 2.18068 1.98415 1.78362 1.57907 1.37968 1.18831 1.00898 0.83022 0.65317 0.47957 0.36211 0.18105 0.0 0.0 0.0 0.0 0.0 0.0 0.0 0.0 0.25611 0.36211
0.44404 0.47957 0.54374 0.54374 0.57296 0.57296 0.54374 0.51222 0.44404 0.40508 0.36211 0.47957 0.65317 0.83022 0.97575 1.02502 1.04106 1.0869 1.20207 1.36765 1.53667 1.7183 1.90852 2.11192 2.31933 2.51528 2.71525 2.91349 3.10371 3.27789 3.44348 3.58729 3.72136 3.83767 3.9219 3.98378 4.02847 4.05253 4.04852 4.02446 3.97976 3.90929 3.82048 3.71219 3.58271 3.44348 3.2882 3.11976 2.94099 2.75765 2.56685 2.36803 2.17323 1.97613 1.77445 1.56876 1.37968 1.18831 0.99236 0.81016 0.65317 0.47957 0.36211 0.18105 0.0 0.0 0.0 0.0 0.0 0.0 0.0 0.0 0.25611 0.36211
0.47957 0.51222 0.54374 0.54374 0.54374 0.54374 0.51222 0.47957 0.40508 0.31398 0.25611 0.36211 0.57296 0.76891 0.90585 0.95856 1.02502 1.10237 1.24217 1.42609 1.63006 1.83805 2.04088 2.24714 2.45627 2.66712 2.87396 3.06131 3.25268 3.42915 3.58729 3.73912 3.86747 3.97575 4.06857 4.1442 4.1952 4.21067 4.20265 4.17572 4.12071 4.0405 3.93851 3.82048 3.68584 3.53228 3.36613 3.18679 2.99657 2.79317 2.59263 2.38866 2.18068 1.97613 1.77445 1.56876 1.37968 1.18831 0.99236 0.83022 0.65317 0.51222 0.36211 0.25611 0.18105 0.0 0.0 0.0 0.0 0.0 0.0 0.18105 0.25611 0.25611
