data/slope_4cell_modal.txt
ncols	401
nrows	401
xllcorner	0.0
yllcorner	0.0
cellsize	10.0
NODATA_value	-9999.0
[rows 360 to 389 of 401, columns 0 to 66 of 401]
-9999.0 3.69902 3.67266 3.63198 3.57812 3.50879 3.42915 3.33175 3.22747 3.1146 2.97995 2.83958 2.69176 2.53477 2.36803 2.19557 2.02541 1.84722 1.6696 1.50459 1.34359 1.21524 1.10237 1.04106 1.02502 1.05653 1.13159 1.24217 1.37968 1.52636 1.68965 1.84722 2.00879 2.17323 2.32621 2.47575 2.61784 2.75765 2.88542 3.00173 3.1146 3.21716 3.31284 3.39993 3.47155 3.54145 3.60104 3.65031 3.69902 3.73454 3.76892 3.7947 3.81647 3.83366 3.83767 3.84627 3.84627 3.84627 3.83767 3.82507 3.81189 3.79928 3.77293 3.74772 3.71678 3.69042 3.65031
-9999.0 3.66808 3.64115 3.60562 3.5552 3.49447 3.41941 3.33175 3.23263 3.12491 2.99657 2.86823 2.72728 2.58003 2.42934 2.27636 2.11937 1.95952 1.80195 1.65012 1.51547 1.40317 1.30634 1.24217 1.21524 1.22899 1.28113 1.35562 1.47136 1.58938 1.7183 1.85581 1.99275 2.14286 2.26891 2.41559 2.54107 2.66712 2.77541 2.89115 2.99084 3.08251 3.17132 3.25268 3.32201 3.38561 3.44348 3.49447 3.53687 3.57812 3.61021 3.64115 3.66349 3.68125 3.69902 3.70818 3.71678 3.72136 3.72136 3.71678 3.71219 3.7036 3.69042 3.67266 3.65432 3.62797 3.60104
-9999.0 3.62797 3.61021 3.57812 3.52713 3.47671 3.40509 3.32201 3.23263 3.13007 3.0235 2.9026 2.77541 2.64248 2.50211 2.35428 2.21047 2.06494 1.93373 1.80195 1.67991 1.56876 1.48224 1.42609 1.39171 1.40317 1.42609 1.48224 1.56876 1.65986 1.77445 1.88217 2.00077 2.12739 2.24026 2.36116 2.47575 2.58633 2.68545 2.78687 2.87396 2.96334 3.04527 3.1146 3.17648 3.23778 3.29279 3.34206 3.38102 3.41941 3.45264 3.48129 3.51338 3.53228 3.55062 3.56437 3.57812 3.59187 3.59646 3.60104 3.60104 3.60104 3.59646 3.59187 3.58271 3.56437 3.54604
-9999.0 3.59646 3.57354 3.54604 3.50421 3.4578 3.39535 3.318 3.23778 3.14497 3.03954 2.93584 2.81036 2.69176 2.56055 2.43564 2.30501 2.17323 2.0489 1.93373 1.82945 1.73721 1.65986 1.5997 1.56876 1.56876 1.57907 1.61975 1.67991 1.74695 1.82945 1.92571 2.02541 2.11937 2.22537 2.32621 2.42247 2.52216 2.61154 2.69806 2.77541 2.85104 2.91922 2.97995 3.03954 3.0934 3.14497 3.18679 3.22747 3.26299 3.29795 3.32717 3.35639 3.37587 3.39993 3.41941 3.43832 3.4578 3.47155 3.47671 3.48989 3.49447 3.49963 3.49963 3.49963 3.49447 3.4853
-9999.0 3.5552 3.54604 3.51796 3.48129 3.43832 3.38102 3.318 3.24294 3.15069 3.06131 2.96334 2.85677 2.74561 2.62988 2.50898 2.39554 2.28324 2.17323 2.07239 1.97613 1.89133 1.82029 1.77445 1.73721 1.72804 1.72804 1.75612 1.79278 1.84722 1.91712 1.99275 2.06494 2.15031 2.22537 2.31188 2.38866 2.46945 2.54794 2.61154 2.68545 2.74561 2.81036 2.85677 2.90776 2.95761 2.99657 3.03954 3.07736 3.10887 3.14038 3.16616 3.1971 3.22231 3.2481 3.27273 3.29279 3.318 3.33175 3.3518 3.37128 3.38561 3.39535 3.40967 3.41483 3.41483 3.41483
-9999.0 3.51796 3.50879 3.4853 3.4578 3.41483 3.36613 3.30769 3.24294 3.16616 3.08251 2.99084 2.89687 2.7989 2.69806 2.58633 2.48263 2.38866 2.28324 2.19557 2.11192 2.04088 1.97613 1.93373 1.89993 1.88217 1.88217 1.89133 1.91712 1.95092 2.00879 2.05692 2.11937 2.17323 2.24026 2.30501 2.36803 2.42934 2.48893 2.54794 2.59894 2.65509 2.70321 2.74561 2.78687 2.82239 2.85677 2.89115 2.92495 2.95245 2.98511 3.01261 3.03954 3.0722 3.09856 3.11976 3.14497 3.17132 3.1971 3.22231 3.2481 3.26299 3.2882 3.3031 3.32201 3.33175 3.33691
-9999.0 3.47671 3.47671 3.4578 3.43374 3.39993 3.35639 3.3031 3.23778 3.17648 3.09856 3.0235 2.93584 2.84531 2.75765 2.66139 2.57315 2.48263 2.39554 2.31188 2.24026 2.18068 2.12739 2.08041 2.0489 2.02541 2.02541 2.03343 2.04088 2.06494 2.09645 2.13484 2.17323 2.22537 2.26891 2.31933 2.36803 2.40929 2.45627 2.4958 2.53477 2.57315 2.60524 2.63618 2.67342 2.69806 2.72728 2.75134 2.78114 2.80463 2.82812 2.85104 2.88542 2.90776 2.93584 2.96334 2.99657 3.02923 3.05616 3.08767 3.11976 3.14497 3.17132 3.19195 3.21716 3.24294 3.25784
-9999.0 3.44348 3.43832 3.424 3.40509 3.37587 3.33691 3.29279 3.24294 3.18163 3.11976 3.04527 2.96907 2.89115 2.81036 2.73358 2.64878 2.57315 2.4958 2.42934 2.36116 2.30501 2.25459 2.21792 2.18813 2.16578 2.15776 2.15031 2.15776 2.17323 2.18813 2.21047 2.24714 2.26891 2.30501 2.33308 2.36116 2.38866 2.42247 2.44939 2.47575 2.4958 2.52216 2.54107 2.56055 2.58003 2.59894 2.61784 2.62988 2.65509 2.67342 2.70321 2.72155 2.75134 2.78114 2.81036 2.84531 2.87396 2.90776 2.94672 2.97995 3.01834 3.05616 3.08251 3.1146 3.14497 3.16616
-9999.0 3.39993 3.39993 3.39076 3.37587 3.35639 3.32201 3.2882 3.23778 3.19195 3.13007 3.06647 3.00173 2.93584 2.8625 2.7989 2.72155 2.65509 2.59894 2.53477 2.47575 2.42934 2.38179 2.34741 2.31933 2.29756 2.28324 2.27636 2.27636 2.27636 2.28324 2.29756 2.31188 2.32621 2.34741 2.36116 2.37491 2.38866 2.40241 2.40929 2.42934 2.43564 2.44252 2.44939 2.45627 2.46257 2.47575 2.48263 2.4958 2.50898 2.52846 2.54107 2.56685 2.59263 2.61784 2.65509 2.68545 2.72155 2.76338 2.80463 2.84531 2.88542 2.92495 2.96907 3.00746 3.03954 3.0722
-9999.0 3.35639 3.36154 3.35639 3.34665 3.33175 3.30769 3.27273 3.23263 3.19195 3.14038 3.0934 3.03438 2.97422 2.91922 2.85677 2.7989 2.73358 2.67972 2.62988 2.58633 2.53477 2.4958 2.46945 2.43564 2.41559 2.39554 2.38866 2.38179 2.37491 2.37491 2.37491 2.38179 2.38866 2.38866 2.38866 2.39554 2.38866 2.38866 2.38866 2.38866 2.38179 2.38179 2.36803 2.36803 2.36116 2.36116 2.36116 2.36116 2.36803 2.37491 2.39554 2.41559 2.42934 2.46257 2.4958 2.53477 2.57315 2.61154 2.66139 2.70321 2.75134 2.7989 2.84531 2.89115 2.93584 2.96907
-9999.0 3.318 3.32201 3.32201 3.32201 3.30769 3.2882 3.25784 3.23263 3.1971 3.15069 3.10887 3.06131 3.01261 2.96334 2.90776 2.8625 2.81036 2.76338 2.71525 2.67342 2.63618 2.60524 2.57315 2.54794 2.52846 2.50898 2.4958 2.48263 2.47575 2.46257 2.45627 2.45627 2.44252 2.43564 2.42934 2.41559 2.40241 2.38866 2.36803 2.35428 2.34053 2.31933 2.29756 2.28324 2.26891 2.25459 2.24714 2.24026 2.23282 2.23282 2.24714 2.25459 2.27636 2.30501 2.34053 2.37491 2.41559 2.46257 2.50898 2.56055 2.61784 2.66712 2.72155 2.76911 2.81609 2.86823
-9999.0 3.27273 3.2882 3.2882 3.2882 3.28305 3.26815 3.2481 3.22231 3.19195 3.16101 3.12491 3.08251 3.04527 3.00173 2.95761 2.91349 2.87396 2.83385 2.7989 2.76338 2.72728 2.70321 2.67342 2.64878 2.62988 2.60524 2.59263 2.57315 2.56685 2.54794 2.53477 2.52216 2.50211 2.48263 2.46945 2.44252 2.41559 2.38866 2.36803 2.32621 2.30501 2.26891 2.24026 2.21047 2.18068 2.15776 2.12739 2.11192 2.1039 2.09645 2.09645 2.11192 2.12739 2.15031 2.18068 2.21792 2.26204 2.31188 2.35428 2.41559 2.47575 2.52846 2.58633 2.64878 2.69806 2.75134
-9999.0 3.22747 3.23778 3.2481 3.25268 3.25268 3.24294 3.22747 3.212 3.18679 3.16616 3.13523 3.10371 3.06647 3.03438 3.00173 2.96334 2.93068 2.89687 2.86823 2.83958 2.81036 2.78687 2.75765 2.73931 2.72155 2.69806 2.67972 2.66139 2.64878 2.62415 2.60524 2.58633 2.56055 2.53477 2.50211 2.46945 2.43564 2.39554 2.36116 2.31933 2.26891 2.23282 2.18068 2.14286 2.09645 2.06494 2.03343 2.00077 1.98415 1.96754 1.95952 1.95952 1.97613 1.99275 2.01681 2.05692 2.1039 2.15031 2.21047 2.26204 2.32621 2.38866 2.45627 2.52216 2.58003 2.64248
-9999.0 3.18163 3.1971 3.212 3.22231 3.21716 3.21716 3.20742 3.1971 3.18163 3.16101 3.14038 3.1146 3.08767 3.06647 3.03438 3.01261 2.98511 2.95761 2.93068 2.9026 2.87969 2.8625 2.83958 2.82239 2.80463 2.78114 2.76338 2.74561 2.72155 2.70321 2.67342 2.64878 2.61154 2.58003 2.54107 2.50211 2.45627 2.40929 2.36116 2.31188 2.25459 2.20302 2.14286 2.08041 2.03343 1.98415 1.93373 1.89993 1.86498 1.84722 1.82029 1.82029 1.82945 1.83805 1.87357 1.89993 1.95092 2.00077 2.05692 2.11937 2.18068 2.25459 2.31188 2.38179 2.45627 2.52216
-9999.0 3.13523 3.15585 3.17648 3.18163 3.18679 3.19195 3.18679 3.18163 3.17132 3.15585 3.14038 3.12491 3.10371 3.08767 3.06647 3.05043 3.0235 3.00746 2.98511 2.96907 2.94672 2.93068 2.90776 2.89687 2.87396 2.85677 2.83385 2.81609 2.78687 2.76338 2.73358 2.70321 2.66139 2.62415 2.58003 2.53477 2.48263 2.42247 2.36803 2.30501 2.24026 2.17323 2.1039 2.04088 1.97613 1.91712 1.86498 1.81112 1.76528 1.72804 1.69882 1.68965 1.67991 1.68965 1.7183 1.74695 1.79278 1.84722 1.89993 1.96754 2.03343 2.1039 2.18068 2.25459 2.33308 2.40241
-9999.0 3.08251 3.1146 3.13007 3.14497 3.15585 3.16101 3.16101 3.16101 3.16101 3.15069 3.14497 3.13523 3.11976 3.10371 3.0934 3.0722 3.06131 3.04527 3.02923 3.01834 3.00173 2.98511 2.97422 2.95761 2.93584 2.91922 2.9026 2.87969 2.85104 2.82239 2.78687 2.75765 2.70952 2.66712 2.61784 2.56055 2.50898 2.44252 2.37491 2.30501 2.23282 2.15776 2.08041 2.00879 1.92571 1.85581 1.78362 1.72804 1.6696 1.61975 1.57907 1.55787 1.55787 1.54756 1.56876 1.58938 1.64038 1.68965 1.74695 1.82029 1.88217 1.95952 2.04088 2.11192 2.19557 2.26891
-9999.0 3.03438 3.06647 3.08767 3.10371 3.11976 3.12491 3.13523 3.14038 3.14038 3.14038 3.13523 3.13007 3.12491 3.1146 3.10887 3.09856 3.08767 3.07736 3.06647 3.06131 3.04527 3.03438 3.0235 3.01261 2.99084 2.97422 2.95245 2.93068 2.9026 2.86823 2.83958 2.7989 2.75134 2.70321 2.64878 2.59263 2.52846 2.45627 2.38179 2.30501 2.23282 2.15031 2.06494 1.98415 1.89133 1.81112 1.72804 1.65986 1.58938 1.52636 1.48224 1.43755 1.42609 1.41463 1.42609 1.44901 1.4937 1.53667 1.58938 1.65986 1.73721 1.82029 1.89993 1.98415 2.06494 2.15031
-9999.0 2.99084 3.01261 3.03954 3.06131 3.08251 3.09856 3.10887 3.1146 3.11976 3.12491 3.12491 3.13007 3.12491 3.11976 3.11976 3.1146 3.1146 3.10371 3.10371 3.0934 3.08767 3.07736 3.0722 3.05616 3.03954 3.0235 3.00173 2.97422 2.94672 2.91922 2.87969 2.83958 2.79317 2.73931 2.68545 2.62415 2.55425 2.47575 2.40241 2.31933 2.23282 2.14286 2.05692 1.95952 1.86498 1.77445 1.67991 1.5997 1.51547 1.44901 1.39171 1.34359 1.30634 1.29374 1.29374 1.30634 1.34359 1.37968 1.44901 1.51547 1.58938 1.6696 1.75612 1.83805 1.93373 2.01681
-9999.0 2.93068 2.96334 2.99657 3.01834 3.03954 3.05616 3.07736 3.08767 3.09856 3.10371 3.10887 3.11976 3.11976 3.12491 3.12491 3.13007 3.12491 3.13007 3.12491 3.12491 3.1146 3.10887 3.10371 3.0934 3.07736 3.06131 3.04527 3.01834 2.98511 2.95761 2.91922 2.86823 2.82239 2.76911 2.70952 2.64248 2.57315 2.50211 2.41559 2.32621 2.24026 2.14286 2.0489 1.95092 1.85581 1.74695 1.65012 1.55787 1.47136 1.39171 1.31895 1.25535 1.21524 1.18831 1.17399 1.17399 1.20207 1.25535 1.30634 1.36765 1.43755 1.52636 1.61001 1.70856 1.79278 1.89133
-9999.0 2.88542 2.91922 2.94672 2.97422 3.00173 3.01834 3.03438 3.05616 3.0722 3.08767 3.09856 3.10371 3.1146 3.12491 3.13007 3.13007 3.13523 3.14038 3.14038 3.14038 3.14038 3.13523 3.13007 3.11976 3.10887 3.0934 3.0722 3.04527 3.0235 2.98511 2.94672 2.9026 2.85104 2.7989 2.73358 2.66712 2.59894 2.50898 2.42934 2.34053 2.24714 2.15031 2.0489 1.95092 1.84722 1.73721 1.64038 1.53667 1.42609 1.34359 1.25535 1.18831 1.11669 1.0869 1.05653 1.05653 1.072 1.10237 1.16024 1.22899 1.30634 1.37968 1.47136 1.56876 1.65986 1.76528
-9999.0 2.82812 2.86823 2.89687 2.93068 2.95245 2.97995 2.99657 3.0235 3.03954 3.06131 3.0722 3.08767 3.09856 3.10887 3.11976 3.13007 3.14038 3.14497 3.15069 3.15069 3.15069 3.15585 3.14497 3.14038 3.13007 3.1146 3.0934 3.0722 3.04527 3.00746 2.96907 2.93068 2.87396 2.81609 2.75765 2.68545 2.61784 2.53477 2.44939 2.35428 2.26204 2.15776 2.05692 1.95092 1.83805 1.72804 1.63006 1.51547 1.41463 1.30634 1.22899 1.13159 1.072 1.00898 0.97575 0.95856 0.94137 0.97575 1.02502 1.0869 1.16024 1.25535 1.34359 1.42609 1.52636 1.63006
-9999.0 2.77541 2.81036 2.84531 2.87969 2.90776 2.93584 2.96334 2.98511 3.00746 3.02923 3.04527 3.06647 3.07736 3.0934 3.1146 3.11976 3.13523 3.14038 3.15069 3.15585 3.16101 3.16101 3.15585 3.15069 3.14038 3.13007 3.10887 3.08767 3.05616 3.02923 2.99084 2.94099 2.89115 2.83385 2.76911 2.70321 2.62988 2.54794 2.46257 2.36803 2.27636 2.17323 2.06494 1.96754 1.85581 1.74695 1.63006 1.51547 1.40317 1.29374 1.18831 1.10237 1.00898 0.94137 0.88751 0.8497 0.8497 0.86918 0.90585 0.95856 1.02502 1.11669 1.20207 1.29374 1.39171 1.50459
-9999.0 2.71525 2.75765 2.79317 2.82812 2.8625 2.89115 2.91922 2.94672 2.96907 2.99084 3.01261 3.03954 3.05616 3.0722 3.0934 3.10887 3.11976 3.13523 3.14497 3.15069 3.15585 3.16101 3.16101 3.15585 3.15069 3.13523 3.11976 3.09856 3.0722 3.03954 3.00173 2.95761 2.90776 2.85104 2.78687 2.71525 2.64248 2.56055 2.47575 2.38866 2.29069 2.18813 2.08041 1.97613 1.86498 1.75612 1.64038 1.52636 1.41463 1.30634 1.18831 1.10237 0.99236 0.92361 0.8497 0.81016 0.76891 0.76891 0.78954 0.83022 0.90585 0.97575 1.072 1.17399 1.26853 1.37968
-9999.0 2.66139 2.69806 2.73931 2.77541 2.81036 2.84531 2.87396 2.9026 2.93584 2.95761 2.98511 3.00746 3.03438 3.05616 3.0722 3.08767 3.10371 3.11976 3.13523 3.14497 3.15585 3.16101 3.15585 3.15585 3.14497 3.14038 3.12491 3.09856 3.07736 3.03954 3.00746 2.96334 2.90776 2.85677 2.79317 2.72155 2.65509 2.57315 2.48263 2.40241 2.30501 2.21047 2.1039 2.00077 1.88217 1.77445 1.65986 1.54756 1.43755 1.31895 1.20207 1.10237 1.00898 0.92361 0.81016 0.74714 0.72479 0.70187 0.70187 0.72479 0.78954 0.86918 0.95856 1.04106 1.14592 1.25535
-9999.0 2.59894 2.64248 2.68545 2.72155 2.75765 2.79317 2.82812 2.85677 2.88542 2.91922 2.94672 2.97422 3.00173 3.0235 3.04527 3.06647 3.08767 3.10371 3.1146 3.13007 3.14038 3.15069 3.15069 3.14497 3.14038 3.13523 3.11976 3.09856 3.0722 3.03954 3.00173 2.96334 2.91349 2.85677 2.7989 2.73358 2.66139 2.58003 2.4958 2.40929 2.31933 2.22537 2.11937 2.01681 1.91712 1.80195 1.69882 1.57907 1.46047 1.34359 1.24217 1.13159 1.02502 0.94137 0.83022 0.74714 0.70187 0.65317 0.62739 0.65317 0.67781 0.74714 0.83022 0.92361 1.04106 1.14592
-9999.0 2.54107 2.58633 2.62415 2.66712 2.70321 2.73931 2.77541 2.81036 2.83958 2.87396 2.90776 2.93584 2.96334 2.99084 3.01834 3.03438 3.06131 3.07736 3.0934 3.10887 3.11976 3.13007 3.13523 3.13523 3.12491 3.11976 3.10887 3.08767 3.06131 3.03438 3.00173 2.95761 2.91349 2.85677 2.7989 2.73358 2.66139 2.59263 2.50898 2.42247 2.33308 2.24026 2.14286 2.04088 1.94233 1.83805 1.72804 1.61975 1.50459 1.39171 1.29374 1.17399 1.072 0.95856 0.86918 0.76891 0.70187 0.62739 0.62739 0.57296 0.62739 0.65317 0.74714 0.83022 0.92361 1.04106
-9999.0 2.48263 2.52846 2.57315 2.61154 2.64878 2.68545 2.72155 2.76338 2.79317 2.82812 2.85677 2.89687 2.91922 2.95245 2.97995 3.00173 3.02923 3.05043 3.06647 3.08251 3.0934 3.10371 3.1146 3.1146 3.10887 3.10371 3.08767 3.0722 3.05043 3.01834 2.99084 2.94672 2.9026 2.85104 2.79317 2.72728 2.66139 2.59263 2.51528 2.42934 2.34741 2.25459 2.16578 2.07239 1.97613 1.87357 1.75612 1.65012 1.54756 1.43755 1.33155 1.22899 1.13159 1.02502 0.92361 0.81016 0.72479 0.65317 0.60103 0.57296 0.57296 0.60103 0.65317 0.74714 0.83022 0.94137
-9999.0 2.42247 2.46257 2.50898 2.54794 2.59263 2.62988 2.66712 2.70952 2.74561 2.77541 2.81036 2.84531 2.87969 2.90776 2.94099 2.96334 2.99084 3.01261 3.03438 3.05616 3.06647 3.07736 3.08251 3.08767 3.08251 3.07736 3.06647 3.05043 3.02923 3.00173 2.96907 2.93068 2.89115 2.84531 2.78687 2.72728 2.66712 2.59894 2.51528 2.43564 2.35428 2.26891 2.18068 2.09645 2.00077 1.89993 1.80195 1.69882 1.5997 1.4937 1.39171 1.29374 1.18831 1.0869 0.97575 0.88751 0.78954 0.70187 0.62739 0.57296 0.57296 0.57296 0.60103 0.67781 0.74714 0.8497
-9999.0 2.36116 2.40241 2.44939 2.4958 2.53477 2.58003 2.61784 2.65509 2.69176 2.72728 2.76338 2.7989 2.83385 2.8625 2.89687 2.91922 2.95245 2.97422 2.99657 3.01261 3.03438 3.03954 3.05043 3.05616 3.05616 3.05043 3.03954 3.0235 3.00746 2.97995 2.94672 2.91349 2.86823 2.82239 2.77541 2.71525 2.65509 2.59263 2.52216 2.44939 2.36803 2.29069 2.20302 2.11937 2.02541 1.93373 1.84722 1.74695 1.65012 1.54756 1.44901 1.35562 1.25535 1.16024 1.05653 0.95856 0.86918 0.76891 0.70187 0.65317 0.60103 0.57296 0.57296 0.62739 0.70187 0.78954
-9999.0 2.29756 2.34741 2.38866 2.42934 2.46945 2.51528 2.56055 2.59894 2.63618 2.67342 2.71525 2.74561 2.78114 2.81609 2.84531 2.87969 2.9026 2.93068 2.95245 2.96907 2.99084 3.00173 3.00746 3.01834 3.0235 3.01261 3.00746 2.99084 2.97422 2.95245 2.92495 2.89115 2.85104 2.80463 2.75765 2.70321 2.64878 2.58633 2.52216 2.44939 2.37491 2.29756 2.21792 2.14286 2.06494 1.97613 1.89133 1.79278 1.70856 1.61001 1.51547 1.42609 1.33155 1.24217 1.13159 1.04106 0.94137 0.86918 0.76891 0.70187 0.65317 0.60103 0.60103 0.62739 0.67781 0.74714
