data/slope_sharpnack_max.txt
ncols	401
nrows	401
xllcorner	0.0
yllcorner	0.0
cellsize	10.0
NODATA_value	-9999.0
[rows 240 to 269 of 401, columns 67 to 133 of 401]
5.38924 5.42534 5.44023 5.4368 5.41331 5.36231 5.29528 5.19615 5.07297 4.92343 4.75211 4.55616 4.33271 4.09264 3.83767 3.55979 3.26815 2.96334 2.66139 2.44939 2.32621 2.29756 2.30501 2.38179 2.4958 2.62988 2.77541 2.93068 3.0934 3.25268 3.40967 3.56437 3.7036 3.83366 3.95513 4.06055 4.1442 4.21468 4.26452 4.29088 4.30635 4.29088 4.26452 4.21067 4.14019 4.05253 3.95112 3.82908 3.695 3.5552 3.424 3.37587 3.47155 3.75631 4.18316 4.6232 5.05979 5.48206 5.88943 6.28019 6.65433 7.00326 7.331 7.62893 7.90338 8.14574 8.36461
5.39211 5.42534 5.4368 5.42534 5.39211 5.33767 5.26434 5.16521 5.04375 4.8965 4.72747 4.53783 4.32125 4.08462 3.83366 3.56895 3.2882 3.00746 2.73931 2.59894 2.50898 2.48893 2.4958 2.55425 2.67342 2.81036 2.95245 3.10371 3.25784 3.40967 3.56437 3.70818 3.84627 3.97174 4.08462 4.18316 4.26452 4.32526 4.36995 4.39229 4.39631 4.3774 4.33958 4.28343 4.20265 4.11269 4.00039 3.87205 3.72996 3.58271 3.42915 3.36154 3.44348 3.70818 4.12873 4.57048 4.99848 5.41961 5.82297 6.21487 6.58099 6.92935 7.25135 7.54815 7.81973 8.06094 8.27466
5.40127 5.44023 5.458 5.44883 5.41674 5.36231 5.28324 5.18011 5.05349 4.91025 4.7418 4.55215 4.3476 4.12071 3.88465 3.63198 3.37128 3.10371 2.87969 2.75765 2.67972 2.66712 2.67342 2.72155 2.82812 2.96334 3.10371 3.2481 3.39993 3.54604 3.69042 3.83366 3.96315 4.08462 4.18718 4.27942 4.35505 4.40719 4.44386 4.4622 4.4622 4.43641 4.39229 4.33271 4.24906 4.14821 4.02847 3.89669 3.75631 3.59646 3.43374 3.34206 3.41483 3.66349 4.06857 4.50574 4.9303 5.34398 5.74447 6.12893 6.49218 6.83309 7.15338 7.44559 7.71029 7.94922 8.15777
5.41674 5.4643 5.48493 5.48493 5.45513 5.40758 5.33195 5.2397 5.11709 4.979 4.81628 4.63752 4.43297 4.21869 3.98378 3.73912 3.48129 3.21716 3.03438 2.91922 2.85104 2.82812 2.83385 2.86823 2.96334 3.08767 3.22231 3.36613 3.50879 3.65031 3.79069 3.92591 4.04852 4.15967 4.26051 4.34359 4.4112 4.4622 4.49485 4.50975 4.49886 4.47308 4.42209 4.35505 4.26452 4.16368 4.04451 3.90471 3.76089 3.59646 3.42915 3.32201 3.38102 3.61479 4.0044 4.42954 4.84665 5.25803 5.65051 6.02752 6.38447 6.71908 7.03306 7.31954 7.57794 7.80941 8.01339
5.44883 5.49409 5.51988 5.52331 5.50498 5.46086 5.39554 5.30387 5.19272 5.05979 4.89994 4.72747 4.53095 4.32526 4.10066 3.85887 3.61021 3.34665 3.18163 3.0722 3.00173 2.98511 2.97995 3.00746 3.07736 3.19195 3.32201 3.45264 3.59187 3.72594 3.85887 3.98378 4.10467 4.20666 4.30234 4.38141 4.43985 4.48798 4.51319 4.52064 4.50975 4.47652 4.42209 4.35104 4.26452 4.15566 4.03248 3.89669 3.74313 3.58271 3.41483 3.2882 3.34206 3.55979 3.93393 4.3476 4.75899 5.15891 5.54394 5.91121 6.25899 6.58844 6.88982 7.16885 7.4221 7.64784 7.84437
5.51128 5.54394 5.56686 5.57545 5.56113 5.52331 5.4643 5.38007 5.2735 5.14631 4.99848 4.83003 4.6444 4.43985 4.21869 3.98779 3.74313 3.48989 3.33175 3.21716 3.14038 3.11976 3.10887 3.12491 3.17132 3.26815 3.39076 3.51796 3.65031 3.77751 3.89669 4.01586 4.12472 4.22614 4.31036 4.38485 4.43985 4.48053 4.49886 4.5023 4.48798 4.45131 4.39631 4.32526 4.23416 4.12472 4.0044 3.86345 3.71219 3.5552 3.38561 3.24294 3.29795 3.49963 3.85887 4.26051 4.66216 5.04719 5.41961 5.77828 6.11804 6.43718 6.73168 6.99868 7.23989 7.45876 7.64956
5.62186 5.62473 5.63046 5.63619 5.62759 5.59608 5.54107 5.46716 5.36518 5.246 5.10448 4.94004 4.76243 4.56647 4.35104 4.12472 3.88866 3.64115 3.47671 3.3518 3.26299 3.23263 3.212 3.22231 3.25268 3.32717 3.43832 3.5552 3.67724 3.79069 3.90929 4.02044 4.12071 4.21067 4.29088 4.35505 4.40719 4.44386 4.45818 4.45818 4.43985 4.39974 4.34359 4.27197 4.17973 4.07258 3.95112 3.81647 3.66808 3.51338 3.34206 3.1971 3.24294 3.43832 3.78209 4.16368 4.54871 4.92343 5.28611 5.63332 5.95991 6.26701 6.54891 6.80731 7.04222 7.24677 7.4284
5.78401 5.7502 5.72499 5.71354 5.69921 5.674 5.62473 5.55769 5.4643 5.35028 5.21506 5.06323 4.88676 4.70055 4.49485 4.27197 4.04451 3.80788 3.60562 3.47671 3.37587 3.33175 3.3031 3.29795 3.31284 3.36154 3.45264 3.56437 3.67266 3.78209 3.88866 3.99237 4.08462 4.1677 4.24103 4.30234 4.3476 4.37396 4.38485 4.38485 4.3625 4.32125 4.26796 4.19119 4.10467 4.00039 3.87606 3.74313 3.60104 3.45264 3.29279 3.14497 3.19195 3.37128 3.69902 4.05654 4.42954 4.78935 5.13943 5.47003 5.78401 6.07851 6.34895 6.59589 6.81877 7.01415 7.18489
5.99027 5.91636 5.85907 5.81438 5.78917 5.7588 5.7164 5.65337 5.56686 5.46086 5.33481 5.18641 5.02083 4.84035 4.64096 4.43297 4.20666 3.97575 3.75631 3.59646 3.47671 3.40967 3.37587 3.3518 3.35639 3.38102 3.45264 3.54145 3.64115 3.74772 3.84226 3.93393 4.02044 4.09665 4.15967 4.21468 4.25249 4.27942 4.28744 4.28343 4.26051 4.21869 4.16368 4.08863 4.00039 3.9007 3.78611 3.65891 3.52254 3.38102 3.22747 3.08767 3.12491 3.29795 3.61021 3.93851 4.2989 4.6444 4.97557 5.29528 5.59608 5.87568 6.13409 6.36671 6.5787 6.76491 6.92248
6.21258 6.11518 6.02236 5.94673 5.89745 5.8562 5.81438 5.75593 5.67629 5.57832 5.458 5.31648 5.16178 4.98244 4.79566 4.59168 4.37396 4.14821 3.91731 3.71678 3.57812 3.47155 3.41941 3.39076 3.37587 3.38561 3.424 3.49963 3.59187 3.68125 3.76491 3.85085 3.92591 3.99638 4.05654 4.10066 4.13618 4.15566 4.16368 4.15165 4.12873 4.08863 4.03649 3.96315 3.88007 3.78209 3.67266 3.55062 3.424 3.2882 3.15069 3.01834 3.05043 3.22231 3.51338 3.82048 4.15165 4.48397 4.79909 5.10448 5.38924 5.65681 5.90261 6.1232 6.32087 6.49448 6.63943
6.44234 6.32889 6.21258 6.10257 6.01663 5.96564 5.91636 5.86136 5.79203 5.69635 5.58118 5.44883 5.29871 5.13026 4.94577 4.74867 4.53783 4.32125 4.09665 3.87606 3.68125 3.54604 3.45264 3.40509 3.37128 3.37128 3.38561 3.43374 3.50879 3.58729 3.66349 3.73912 3.80788 3.86747 3.91731 3.95914 3.98779 4.00841 4.00841 3.99638 3.97174 3.93393 3.88007 3.81189 3.73454 3.64115 3.54145 3.43374 3.31284 3.19195 3.06131 2.94672 2.96907 3.13007 3.40509 3.695 4.0044 4.31781 4.61689 4.90337 5.17381 5.42534 5.65681 5.86422 6.04929 6.20972 6.34608
6.6761 6.54432 6.40681 6.27446 6.15471 6.08367 6.02752 5.97366 5.90834 5.81724 5.71067 5.58462 5.44023 5.27981 5.10104 4.91025 4.70685 4.49485 4.27197 4.04451 3.82908 3.64115 3.49963 3.40509 3.35639 3.33175 3.32717 3.35639 3.40967 3.47155 3.54145 3.60562 3.66349 3.71678 3.76089 3.7947 3.81647 3.82908 3.83366 3.82048 3.7947 3.75631 3.70818 3.64115 3.56895 3.4853 3.39076 3.29279 3.18163 3.0722 2.95761 2.8625 2.87969 3.03438 3.29279 3.56437 3.84627 4.14019 4.42209 4.69023 4.94921 5.18011 5.39841 5.59321 5.76453 5.91407 6.03611
6.90128 6.75517 6.60334 6.44692 6.30254 6.20456 6.14211 6.08367 6.02236 5.93871 5.83729 5.7164 5.57545 5.41961 5.25173 5.06667 4.86728 4.65872 4.44386 4.22614 3.99638 3.79069 3.60104 3.44348 3.34206 3.28305 3.25784 3.26299 3.2882 3.34206 3.39535 3.44806 3.49963 3.54145 3.57812 3.60562 3.62339 3.63198 3.63198 3.61937 3.59187 3.5552 3.50879 3.45264 3.38102 3.30769 3.22747 3.13523 3.04527 2.94672 2.85104 2.76911 2.78687 2.93584 3.17132 3.424 3.68584 3.95513 4.21869 4.47308 4.71029 4.9303 5.13313 5.31361 5.47289 5.60467 5.71926
7.11728 6.95456 6.78611 6.61766 6.44979 6.31801 6.24925 6.18909 6.13409 6.05674 5.95991 5.84245 5.71067 5.56113 5.39841 5.21506 5.02427 4.82316 4.60945 4.39631 4.17572 3.95112 3.74313 3.54604 3.37587 3.25784 3.17648 3.15069 3.15585 3.18679 3.22747 3.27273 3.31284 3.34665 3.37587 3.39535 3.40967 3.41483 3.40967 3.39535 3.37128 3.33691 3.29279 3.24294 3.17648 3.1146 3.04527 2.96334 2.89115 2.81036 2.73358 2.66712 2.67972 2.82239 3.05043 3.2882 3.52254 3.76491 4.01242 4.24504 4.46964 4.67591 4.8604 5.02427 5.17094 5.29528 5.39554
7.31724 7.14192 6.96201 6.77465 6.58844 6.42973 6.35639 6.29566 6.24123 6.16789 6.07564 5.96564 5.83729 5.69348 5.53477 5.35945 5.17381 4.979 4.77274 4.55616 4.34359 4.12472 3.90471 3.68584 3.48989 3.32201 3.16616 3.06647 3.01834 3.0235 3.04527 3.08251 3.10887 3.14038 3.15585 3.17132 3.17648 3.17648 3.17132 3.15585 3.13007 3.09856 3.05616 3.01261 2.95761 2.90776 2.84531 2.78687 2.72155 2.66712 2.61154 2.56685 2.56685 2.70952 2.91922 3.14038 3.36154 3.57812 3.79928 4.01586 4.22213 4.41464 4.58481 4.73836 4.87301 4.98588 5.07641
7.49773 7.31323 7.11499 6.91789 6.71449 6.53172 6.45494 6.39421 6.3415 6.27217 6.18393 6.07851 5.95475 5.81724 5.65968 5.49065 5.31017 5.11709 4.91655 4.71029 4.49485 4.27942 4.06456 3.85085 3.63656 3.43374 3.2481 3.08767 2.96334 2.88542 2.8625 2.87969 2.89687 2.91349 2.92495 2.93068 2.93068 2.92495 2.91349 2.89687 2.87396 2.84531 2.81036 2.76911 2.72728 2.68545 2.63618 2.59263 2.55425 2.50898 2.47575 2.45627 2.46257 2.58633 2.78687 2.99084 3.20226 3.40509 3.60562 3.79928 3.98378 4.15566 4.31781 4.45475 4.57736 4.67935 4.76243
7.66274 7.46507 7.25594 7.03993 6.82393 6.62511 6.54432 6.48474 6.43718 6.369 6.28248 6.18164 6.06247 5.92782 5.77541 5.6104 5.43393 5.24887 5.05693 4.85696 4.65127 4.43985 4.22213 4.01242 3.79928 3.58271 3.37587 3.19195 3.0235 2.88542 2.78114 2.71525 2.68545 2.67972 2.67972 2.68545 2.67342 2.66712 2.64878 2.62988 2.60524 2.58003 2.54794 2.51528 2.48263 2.44252 2.41559 2.38866 2.36803 2.35428 2.34053 2.34741 2.37491 2.46945 2.64878 2.84531 3.03954 3.22747 3.41483 3.59187 3.76089 3.91731 4.06055 4.19119 4.2989 4.39229 4.47652
7.80311 7.59513 7.37397 7.14421 6.91503 6.70475 6.62511 6.56438 6.51969 6.45494 6.37186 6.27446 6.15758 6.02522 5.87568 5.7164 5.55253 5.37721 5.19615 5.01166 4.81628 4.61689 4.40375 4.19119 3.97174 3.75173 3.54145 3.32717 3.13007 2.95245 2.80463 2.69806 2.62415 2.56055 2.50898 2.46257 2.42934 2.40241 2.37491 2.35428 2.33308 2.30501 2.26891 2.24714 2.22537 2.20302 2.18813 2.18068 2.18068 2.18813 2.20302 2.23282 2.28324 2.36803 2.52216 2.69806 2.87969 3.06647 3.24294 3.40509 3.55979 3.70818 3.83767 3.95513 4.06456 4.15566 4.24906
7.92114 7.7017 7.46965 7.225 6.98493 6.77179 6.69043 6.63485 6.59073 6.52656 6.44463 6.34895 6.23321 6.10716 5.9685 5.8287 5.68202 5.53477 5.37721 5.20876 5.02427 4.83691 4.63007 4.4261 4.20666 3.98779 3.77293 3.5552 3.33175 3.12491 2.92495 2.74561 2.61154 2.51528 2.43564 2.36116 2.29069 2.22537 2.16578 2.1039 2.06494 2.02541 1.99275 1.97613 1.95952 1.95092 1.95092 1.95952 1.98415 2.01681 2.06494 2.11937 2.19557 2.28324 2.42247 2.58003 2.74561 2.90776 3.07736 3.23778 3.39076 3.53687 3.66808 3.78611 3.9007 4.00039 4.10066
8.01568 7.78478 7.54184 7.28459 7.03077 6.82622 6.74314 6.69329 6.64688 6.58329 6.50479 6.40968 6.30024 6.18393 6.07335 5.95991 5.84474 5.7164 5.56972 5.40758 5.23397 5.04375 4.84665 4.6444 4.43297 4.21468 3.99638 3.77751 3.55979 3.34206 3.12491 2.91922 2.71525 2.54107 2.40241 2.29756 2.21047 2.11937 2.02541 1.94233 1.86498 1.79278 1.73721 1.69882 1.67991 1.67991 1.70856 1.74695 1.78362 1.84722 1.91712 2.00879 2.1039 2.22537 2.35428 2.50211 2.66139 2.81609 2.97995 3.14038 3.29279 3.43374 3.56895 3.69042 3.81189 3.92591 4.03649
8.0873 7.84207 7.58883 7.32183 7.05311 6.86117 6.77866 6.73397 6.68814 6.6274 6.54662 6.45494 6.36671 6.28019 6.20227 6.11518 6.00861 5.88657 5.74734 5.59035 5.42534 5.2397 5.05005 4.84665 4.63408 4.42209 4.20265 3.98378 3.76089 3.53687 3.318 3.10371 2.89115 2.69176 2.50898 2.33308 2.17323 2.04088 1.92571 1.82945 1.72804 1.63006 1.54756 1.48224 1.43755 1.43755 1.46047 1.51547 1.57907 1.67991 1.78362 1.89133 2.02541 2.16578 2.31188 2.47575 2.64248 2.80463 2.96334 3.12491 3.28305 3.42915 3.57354 3.71219 3.84226 3.96716 4.08863
8.14058 7.87702 7.60945 7.33329 7.05311 6.88008 6.79814 6.75976 6.7122 6.64975 6.57584 6.50708 6.44979 6.39937 6.33634 6.25383 6.15758 6.04127 5.90834 5.75593 5.59321 5.41674 5.22767 5.03057 4.81972 4.60945 4.38886 4.1677 3.94653 3.71678 3.49963 3.30769 3.10371 2.89687 2.69176 2.48893 2.29756 2.1039 1.92571 1.75612 1.63006 1.4937 1.40317 1.30634 1.24217 1.21524 1.21524 1.28113 1.39171 1.50459 1.65012 1.79278 1.95092 2.12739 2.31188 2.50211 2.69176 2.87396 3.05616 3.23263 3.39993 3.56437 3.72136 3.87606 4.01586 4.14821 4.27598
8.17725 7.89077 7.60544 7.31724 7.03764 6.87779 6.80273 6.7695 6.71908 6.65605 6.61079 6.57354 6.54891 6.51224 6.45208 6.37931 6.28535 6.17362 6.04413 5.89975 5.74161 5.56972 5.38638 5.18985 4.98588 4.77274 4.55616 4.33271 4.10868 3.9133 3.72594 3.52713 3.32717 3.1146 2.89687 2.67972 2.45627 2.24714 2.04088 1.83805 1.63006 1.44901 1.30634 1.17399 1.072 1.02502 1.02502 1.072 1.18831 1.34359 1.50459 1.68965 1.89993 2.11937 2.34053 2.56055 2.77541 2.99084 3.1971 3.39993 3.60104 3.78611 3.97174 4.1442 4.30635 4.45818 4.59913
8.19903 7.88333 7.58023 7.27771 7.01243 6.86633 6.79814 6.75746 6.70934 6.6761 6.66121 6.65605 6.63943 6.60334 6.55177 6.48015 6.39192 6.28535 6.16273 6.01949 5.86709 5.69635 5.51701 5.32564 5.12396 4.91655 4.69711 4.48053 4.3138 4.13618 3.95112 3.75173 3.54604 3.32717 3.10371 2.87969 2.64248 2.40929 2.17323 1.95092 1.7183 1.48224 1.26853 1.11669 0.97575 0.88751 0.83022 0.88751 1.02502 1.18831 1.39171 1.64038 1.89133 2.13484 2.38866 2.64248 2.88542 3.13007 3.36613 3.60104 3.82507 4.0405 4.24504 4.44386 4.63007 4.80253 4.95952
8.19903 7.86442 7.53611 7.21812 6.96659 6.8308 6.77465 6.73397 6.70934 6.70934 6.72423 6.72423 6.7122 6.6784 6.6274 6.55922 6.4727 6.369 6.25154 6.11518 5.96564 5.80349 5.62759 5.4368 5.2397 5.03057 4.83347 4.68679 4.52407 4.35104 4.16368 3.96716 3.76491 3.54604 3.32201 3.08251 2.83958 2.58633 2.33308 2.08041 1.82945 1.57907 1.31895 1.05653 0.90585 0.78954 0.70187 0.72479 0.8497 1.05653 1.31895 1.5997 1.88217 2.17323 2.45627 2.73931 3.01261 3.28305 3.55062 3.81189 4.06055 4.30234 4.53439 4.75211 4.95952 5.15261 5.32851
8.18126 7.82947 7.47538 7.13504 6.90357 6.77694 6.73168 6.71678 6.72423 6.75517 6.77179 6.77465 6.75976 6.72652 6.68069 6.6148 6.53172 6.4326 6.31801 6.1868 6.0384 5.87855 5.70781 5.52331 5.32564 5.15261 5.02083 4.87988 4.72404 4.55616 4.37396 4.17973 3.97575 3.75631 3.52713 3.28305 3.02923 2.77541 2.50211 2.23282 1.95092 1.67991 1.40317 1.11669 0.83022 0.67781 0.57296 0.54374 0.72479 0.97575 1.28113 1.58938 1.90852 2.21792 2.53477 2.84531 3.15069 3.45264 3.74772 4.02847 4.30635 4.57048 4.8266 5.06953 5.29528 5.50498 5.70208
8.13829 7.76816 7.40032 7.04681 6.8308 6.70934 6.6973 6.71449 6.75517 6.78325 6.79814 6.80044 6.78325 6.75288 6.70704 6.64459 6.56438 6.46755 6.3541 6.22805 6.08367 5.92782 5.7588 5.57545 5.42878 5.31934 5.19615 5.05979 4.91369 4.74524 4.57048 4.3774 4.17171 3.95513 3.72594 3.48129 3.22231 2.95761 2.67972 2.38866 2.09645 1.80195 1.50459 1.20207 0.88751 0.60103 0.47957 0.44404 0.65317 0.92361 1.25535 1.5997 1.94233 2.29069 2.62988 2.96334 3.3031 3.62797 3.94653 4.2565 4.55616 4.84665 5.12396 5.38294 5.63046 5.85907 6.07049
8.06495 7.69196 7.31094 6.97347 6.75746 6.67095 6.68355 6.72882 6.76491 6.7907 6.80273 6.80044 6.78611 6.75288 6.70704 6.6423 6.56667 6.46984 6.36155 6.23894 6.09971 5.94673 5.78114 5.65968 5.56972 5.47003 5.35601 5.22767 5.08557 4.92686 4.75555 4.56647 4.36594 4.14821 3.91731 3.66808 3.40967 3.14038 2.85104 2.56055 2.24714 1.94233 1.61001 1.29374 0.95856 0.62739 0.36211 0.44404 0.62739 0.90585 1.25535 1.63006 2.00077 2.36803 2.73358 3.09856 3.4578 3.80788 4.15165 4.48397 4.80597 5.12052 5.41674 5.69921 5.95991 6.20742 6.4326
7.96583 7.59971 7.24677 6.94081 6.73798 6.66121 6.68355 6.72194 6.75288 6.77179 6.78096 6.77694 6.75746 6.72652 6.6761 6.61766 6.53917 6.44692 6.33921 6.2206 6.08367 5.93584 5.83959 5.77541 5.69348 5.60181 5.49638 5.37721 5.24256 5.08901 4.92343 4.7418 4.54184 4.32526 4.09665 3.85085 3.58729 3.31284 3.0235 2.72155 2.40241 2.08041 1.73721 1.40317 1.05653 0.76891 0.57296 0.47957 0.65317 0.90585 1.28113 1.6696 2.06494 2.45627 2.85104 3.23778 3.61937 3.99638 4.35849 4.71372 5.05693 5.38638 5.70208 6.00345 6.28535 6.54432 6.78611
7.86213 7.52924 7.20437 6.92935 6.73626 6.66866 6.67324 6.69558 6.71678 6.73168 6.73397 6.72423 6.70246 6.66866 6.62225 6.55922 6.48187 6.39192 6.2905 6.17076 6.0384 5.97366 5.92496 5.86995 5.80349 5.71926 5.62186 5.51128 5.38294 5.23626 5.07641 4.89994 4.70685 4.49142 4.26452 4.01586 3.75631 3.47671 3.18679 2.87396 2.55425 2.21792 1.87357 1.52636 1.21524 0.99236 0.76891 0.62739 0.70187 0.95856 1.34359 1.73721 2.15031 2.56055 2.97422 3.37587 3.78209 4.17572 4.56304 4.9366 5.30387 5.65051 5.98454 6.30254 6.59818 6.87549 7.12588
