data/slope_4cell_min.txt
ncols	401
nrows	401
xllcorner	0.0
yllcorner	0.0
cellsize	10.0
NODATA_value	-9999.0
[rows 165 to 197 of 401, columns 74 to 147 of 401]
3.45264 3.56437 3.65432 3.71219 3.78209 3.86345 3.95513 4.06456 4.18718 4.31781 4.41464 4.50975 4.59512 4.63408 4.61689 4.56304 4.5023 4.43641 4.36594 4.30635 4.23702 4.16368 4.08462 4.0044 3.9219 3.83767 3.76089 3.68125 3.61021 3.54145 3.4853 3.43374 3.39535 3.36613 3.3518 3.34665 3.3518 3.37128 3.39993 3.44348 3.49447 3.55979 3.62797 3.695 3.76491 3.80788 3.85486 3.88465 3.9133 3.93851 3.96716 3.89268 3.7036 3.46697 3.20742 2.95245 2.68545 2.36116 2.0489 1.74695 1.46047 1.20207 0.95856 0.72479 0.51222 0.31398 0.18105 0.0 0.0 0.0 0.0 0.0 0.0 0.0
3.28305 3.39535 3.49963 3.61021 3.69902 3.78209 3.87606 3.96716 4.06055 4.15566 4.24103 4.31036 4.3625 4.38886 4.35104 4.2989 4.24103 4.18718 4.12873 4.06456 3.99638 3.91731 3.83767 3.75631 3.67266 3.59187 3.51338 3.43832 3.37128 3.30769 3.25268 3.20742 3.17648 3.15069 3.14497 3.14497 3.16101 3.18679 3.22747 3.28305 3.34665 3.41941 3.50421 3.59646 3.695 3.7947 3.88465 3.95513 4.0044 4.0405 4.07659 4.07659 3.88465 3.65031 3.39076 3.13007 2.80463 2.47575 2.16578 1.85581 1.56876 1.30634 1.05653 0.81016 0.60103 0.40508 0.25611 0.0 0.0 0.0 0.0 0.0 0.0 0.0
3.10371 3.20742 3.31284 3.40967 3.50421 3.59646 3.69042 3.77293 3.85486 3.92992 4.00039 4.04852 4.08061 4.10868 4.07659 4.02847 3.97976 3.92992 3.87205 3.80788 3.73454 3.65891 3.57812 3.49447 3.40967 3.33175 3.25268 3.18163 3.1146 3.05616 3.00746 2.96907 2.94099 2.92495 2.92495 2.93584 2.95761 2.99084 3.04527 3.10887 3.18163 3.26815 3.36154 3.46697 3.58271 3.69902 3.82507 3.95112 4.05654 4.12873 4.17171 4.21067 4.05654 3.82908 3.56437 3.25784 2.91922 2.59263 2.27636 1.96754 1.67991 1.40317 1.14592 0.90585 0.70187 0.47957 0.31398 0.18105 0.0 0.0 0.0 0.0 0.0 0.0
2.89687 3.00746 3.10887 3.1971 3.29279 3.38102 3.4578 3.53687 3.61021 3.67266 3.72136 3.76089 3.7947 3.82048 3.80329 3.75631 3.71678 3.66349 3.60562 3.53687 3.46238 3.38102 3.3031 3.21716 3.13523 3.05616 2.97995 2.91349 2.85104 2.79317 2.75134 2.71525 2.69806 2.68545 2.69176 2.70952 2.73931 2.78687 2.85104 2.91922 3.00746 3.10371 3.212 3.33175 3.4578 3.58729 3.72594 3.86747 4.01242 4.1442 4.24504 4.30635 4.21468 3.99237 3.71219 3.36613 3.02923 2.70321 2.38179 2.08041 1.78362 1.50459 1.25535 1.00898 0.78954 0.57296 0.40508 0.25611 0.0 0.0 0.0 0.0 0.0 0.0
2.66139 2.77541 2.87969 2.97422 3.05616 3.14038 3.21716 3.28305 3.34206 3.39076 3.43374 3.47155 3.50421 3.53228 3.52254 3.4853 3.43832 3.38561 3.32201 3.25268 3.17648 3.0934 3.01261 2.93068 2.85104 2.76911 2.69806 2.62988 2.57315 2.52216 2.48263 2.45627 2.44252 2.43564 2.44939 2.47575 2.51528 2.57315 2.64248 2.72728 2.82239 2.93068 3.05043 3.18163 3.32201 3.46697 3.61937 3.77293 3.92992 4.08863 4.24103 4.36995 4.3625 4.1442 3.81189 3.47155 3.13523 2.80463 2.48893 2.18068 1.89133 1.61001 1.35562 1.11669 0.88751 0.67781 0.47957 0.31398 0.18105 0.0 0.0 0.0 0.0 0.0
2.42247 2.53477 2.62415 2.71525 2.7989 2.87396 2.94099 3.00173 3.05616 3.10371 3.14497 3.18163 3.212 3.24294 3.24294 3.20226 3.15585 3.0934 3.02923 2.95761 2.87969 2.7989 2.71525 2.63618 2.55425 2.47575 2.40929 2.34741 2.29069 2.24714 2.21047 2.18813 2.18068 2.18068 2.20302 2.24026 2.28324 2.35428 2.42934 2.52216 2.62988 2.75134 2.87969 3.0235 3.17648 3.33175 3.49963 3.66808 3.83767 4.00841 4.17973 4.3476 4.47652 4.24103 3.9007 3.56437 3.23263 2.90776 2.59263 2.28324 1.99275 1.7183 1.46047 1.21524 0.99236 0.76891 0.60103 0.40508 0.25611 0.18105 0.0 0.0 0.0 0.0
2.18068 2.28324 2.36803 2.45627 2.53477 2.59894 2.66712 2.72155 2.76911 2.81609 2.85677 2.89115 2.92495 2.95761 2.95761 2.91349 2.8625 2.7989 2.72728 2.65509 2.58003 2.4958 2.41559 2.33308 2.25459 2.18068 2.11192 2.0489 2.00077 1.95952 1.93373 1.91712 1.90852 1.92571 1.95092 1.99275 2.0489 2.11937 2.21047 2.31188 2.42934 2.56055 2.70321 2.85677 3.01834 3.19195 3.36613 3.55062 3.73454 3.91731 4.10467 4.28343 4.45818 4.3138 3.97976 3.64573 3.32201 2.99657 2.68545 2.38866 2.09645 1.82029 1.55787 1.31895 1.0869 0.88751 0.70187 0.51222 0.36211 0.25611 0.0 0.0 0.0 0.0
1.94233 2.03343 2.11192 2.18813 2.26204 2.33308 2.38866 2.43564 2.48893 2.53477 2.57315 2.60524 2.63618 2.66139 2.66139 2.61784 2.56055 2.4958 2.42934 2.35428 2.26891 2.18813 2.11192 2.02541 1.95092 1.88217 1.81112 1.75612 1.70856 1.6696 1.65012 1.64038 1.64038 1.65986 1.68965 1.73721 1.80195 1.89133 1.98415 2.09645 2.22537 2.36803 2.52216 2.68545 2.85677 3.03954 3.22747 3.424 3.61937 3.82048 4.01586 4.21067 4.39974 4.36995 4.04852 3.72136 3.39993 3.08251 2.77541 2.48263 2.19557 1.92571 1.6696 1.42609 1.20207 0.99236 0.78954 0.62739 0.47957 0.31398 0.18105 0.0 0.0 0.0
1.69882 1.78362 1.85581 1.92571 1.99275 2.05692 2.11192 2.15776 2.20302 2.24714 2.29069 2.31933 2.34053 2.36116 2.36803 2.31933 2.26204 2.19557 2.11937 2.04088 1.96754 1.88217 1.80195 1.7183 1.65012 1.57907 1.51547 1.46047 1.41463 1.37968 1.36765 1.35562 1.36765 1.39171 1.43755 1.4937 1.55787 1.65012 1.75612 1.88217 2.01681 2.16578 2.32621 2.50211 2.68545 2.87969 3.08251 3.2882 3.49447 3.70818 3.91731 4.12472 4.31036 4.35505 4.10467 3.78611 3.47155 3.16101 2.8625 2.57315 2.29069 2.02541 1.76528 1.52636 1.30634 1.10237 0.90585 0.74714 0.57296 0.44404 0.31398 0.18105 0.18105 0.0
1.44901 1.53667 1.5997 1.6696 1.72804 1.78362 1.84722 1.88217 1.93373 1.96754 2.00077 2.02541 2.04088 2.05692 2.06494 2.01681 1.95952 1.89133 1.81112 1.73721 1.65986 1.57907 1.4937 1.41463 1.34359 1.28113 1.21524 1.17399 1.13159 1.10237 1.0869 1.0869 1.10237 1.13159 1.17399 1.24217 1.31895 1.41463 1.52636 1.65986 1.80195 1.95952 2.13484 2.31933 2.50898 2.71525 2.92495 3.14497 3.36154 3.58729 3.80788 4.02446 4.1677 4.24103 4.12873 3.83767 3.53228 3.23263 2.94099 2.65509 2.38179 2.11937 1.87357 1.64038 1.41463 1.21524 1.02502 0.8497 0.70187 0.57296 0.44404 0.31398 0.25611 0.18105
1.21524 1.28113 1.35562 1.41463 1.47136 1.51547 1.56876 1.61975 1.65986 1.68965 1.7183 1.73721 1.74695 1.75612 1.75612 1.7183 1.65986 1.58938 1.51547 1.43755 1.35562 1.28113 1.20207 1.11669 1.05653 0.97575 0.92361 0.88751 0.8497 0.81016 0.81016 0.81016 0.83022 0.86918 0.92361 0.99236 1.072 1.17399 1.29374 1.43755 1.58938 1.75612 1.93373 2.12739 2.33308 2.54107 2.76338 2.99084 3.22231 3.45264 3.68584 3.87205 4.01586 4.1167 4.06055 3.86747 3.58729 3.29795 3.01261 2.73358 2.46945 2.21792 1.97613 1.74695 1.52636 1.33155 1.14592 0.97575 0.81016 0.67781 0.57296 0.44404 0.36211 0.31398
0.97575 1.04106 1.10237 1.16024 1.21524 1.26853 1.30634 1.34359 1.37968 1.41463 1.42609 1.44901 1.44901 1.46047 1.44901 1.42609 1.36765 1.29374 1.21524 1.14592 1.05653 0.97575 0.90585 0.83022 0.76891 0.70187 0.65317 0.60103 0.57296 0.54374 0.54374 0.54374 0.57296 0.60103 0.67781 0.74714 0.83022 0.94137 1.072 1.21524 1.36765 1.54756 1.73721 1.93373 2.14286 2.36803 2.59263 2.82812 3.06647 3.31284 3.53228 3.695 3.85085 3.97976 3.97976 3.79928 3.61937 3.34665 3.07736 2.81036 2.55425 2.30501 2.07239 1.84722 1.64038 1.44901 1.26853 1.10237 0.94137 0.81016 0.67781 0.57296 0.47957 0.40508
0.74714 0.78954 0.8497 0.90585 0.95856 1.00898 1.05653 1.0869 1.11669 1.13159 1.14592 1.16024 1.16024 1.16024 1.16024 1.14592 1.0869 1.00898 0.94137 0.8497 0.76891 0.70187 0.62739 0.54374 0.47957 0.40508 0.36211 0.31398 0.31398 0.25611 0.25611 0.25611 0.31398 0.36211 0.40508 0.51222 0.60103 0.72479 0.8497 0.99236 1.16024 1.34359 1.53667 1.73721 1.95952 2.18813 2.42247 2.66139 2.90776 3.15585 3.33691 3.50879 3.67266 3.82908 3.84627 3.72136 3.5552 3.38561 3.13007 2.87396 2.62988 2.38866 2.16578 1.95092 1.74695 1.55787 1.37968 1.22899 1.072 0.94137 0.83022 0.72479 0.62739 0.54374
0.51222 0.57296 0.62739 0.67781 0.72479 0.76891 0.78954 0.83022 0.8497 0.86918 0.88751 0.88751 0.88751 0.88751 0.86918 0.8497 0.81016 0.72479 0.65317 0.57296 0.51222 0.40508 0.36211 0.25611 0.18105 0.18105 0.0 0.0 0.0 0.0 0.0 0.0 0.0 0.0 0.18105 0.25611 0.36211 0.47957 0.62739 0.76891 0.94137 1.13159 1.33155 1.54756 1.76528 2.00077 2.24026 2.48893 2.73931 2.95245 3.13007 3.30769 3.4853 3.65891 3.695 3.63198 3.48129 3.33175 3.16616 2.93584 2.69806 2.47575 2.25459 2.0489 1.85581 1.67991 1.50459 1.35562 1.20207 1.072 0.95856 0.8497 0.76891 0.67781
0.31398 0.36211 0.40508 0.44404 0.47957 0.51222 0.54374 0.57296 0.60103 0.60103 0.62739 0.62739 0.62739 0.60103 0.60103 0.57296 0.54374 0.47957 0.40508 0.31398 0.25611 0.18105 0.0 0.0 0.0 0.0 0.0 0.0 0.0 0.0 0.0 0.0 0.0 0.0 0.0 0.0 0.18105 0.25611 0.40508 0.57296 0.74714 0.92361 1.13159 1.34359 1.57907 1.81112 2.05692 2.31188 2.54107 2.72728 2.91922 3.10371 3.2882 3.47155 3.53228 3.52713 3.39535 3.26299 3.13007 2.97422 2.76338 2.54794 2.34053 2.15031 1.96754 1.79278 1.63006 1.48224 1.34359 1.21524 1.10237 1.00898 0.90585 0.83022
0.0 0.18105 0.18105 0.25611 0.25611 0.31398 0.31398 0.36211 0.36211 0.36211 0.36211 0.36211 0.36211 0.36211 0.31398 0.31398 0.25611 0.25611 0.18105 0.0 0.0 0.0 0.0 0.0 0.0 0.0 0.0 0.0 0.0 0.0 0.0 0.0 0.0 0.0 0.0 0.0 0.0 0.0 0.18105 0.36211 0.54374 0.72479 0.94137 1.14592 1.37968 1.61975 1.87357 2.11937 2.31188 2.50211 2.69806 2.89115 3.07736 3.26815 3.35639 3.40967 3.29795 3.17648 3.06131 2.94672 2.80463 2.61784 2.42247 2.24026 2.06494 1.89993 1.74695 1.61001 1.48224 1.35562 1.25535 1.14592 1.05653 0.99236
0.0 0.0 0.0 0.0 0.0 0.0 0.0 0.0 0.0 0.18105 0.18105 0.0 0.0 0.0 0.0 0.0 0.0 0.0 0.0 0.0 0.0 0.0 0.0 0.0 0.0 0.0 0.0 0.0 0.0 0.0 0.0 0.0 0.0 0.0 0.0 0.0 0.0 0.0 0.0 0.18105 0.36211 0.54374 0.74714 0.95856 1.18831 1.43755 1.67991 1.88217 2.07239 2.26891 2.46945 2.66712 2.8625 3.05616 3.17132 3.23263 3.18679 3.08251 2.97995 2.88542 2.78687 2.66139 2.50211 2.32621 2.16578 2.01681 1.87357 1.73721 1.61001 1.4937 1.39171 1.30634 1.21524 1.14592
0.18105 0.0 0.0 0.0 0.0 0.0 0.0 0.0 0.0 0.0 0.0 0.0 0.0 0.0 0.0 0.0 0.0 0.0 0.0 0.0 0.0 0.0 0.0 0.0 0.0 0.0 0.0 0.0 0.0 0.0 0.0 0.0 0.0 0.0 0.0 0.0 0.0 0.0 0.0 0.0 0.18105 0.36211 0.54374 0.76891 1.00898 1.24217 1.44901 1.64038 1.83805 2.03343 2.23282 2.43564 2.63618 2.82812 2.96907 3.03954 3.06647 2.97995 2.89115 2.80463 2.72728 2.64878 2.54794 2.40929 2.26204 2.11937 1.98415 1.85581 1.74695 1.64038 1.53667 1.44901 1.36765 1.29374
0.18105 0.18105 0.18105 0.0 0.0 0.0 0.0 0.0 0.0 0.0 0.0 0.0 0.0 0.0 0.0 0.0 0.0 0.0 0.0 0.0 0.0 0.0 0.0 0.0 0.0 0.0 0.0 0.0 0.0 0.0 0.0 0.0 0.0 0.0 0.0 0.0 0.0 0.0 0.0 0.0 0.0 0.18105 0.36211 0.57296 0.81016 1.00898 1.20207 1.39171 1.58938 1.79278 1.99275 2.19557 2.39554 2.59894 2.75765 2.83958 2.91349 2.8625 2.78687 2.72155 2.65509 2.59263 2.52846 2.44939 2.34053 2.21792 2.09645 1.98415 1.87357 1.77445 1.68965 1.5997 1.52636 1.46047
0.25611 0.25611 0.25611 0.18105 0.0 0.0 0.0 0.0 0.0 0.0 0.0 0.0 0.0 0.0 0.0 0.0 0.0 0.0 0.0 0.0 0.0 0.0 0.0 0.0 0.0 0.0 0.0 0.0 0.0 0.0 0.0 0.0 0.0 0.0 0.0 0.0 0.0 0.0 0.0 0.0 0.0 0.0 0.18105 0.40508 0.60103 0.76891 0.95856 1.14592 1.34359 1.54756 1.74695 1.95092 2.15776 2.35428 2.52216 2.62988 2.70952 2.73358 2.67972 2.62415 2.57315 2.52216 2.47575 2.42934 2.37491 2.29756 2.20302 2.09645 2.00077 1.90852 1.82945 1.74695 1.67991 1.61001
0.36211 0.36211 0.31398 0.25611 0.18105 0.18105 0.0 0.0 0.0 0.0 0.0 0.0 0.0 0.0 0.0 0.0 0.0 0.0 0.0 0.0 0.0 0.0 0.0 0.0 0.0 0.0 0.0 0.0 0.0 0.0 0.0 0.0 0.0 0.0 0.0 0.0 0.0 0.0 0.0 0.0 0.0 0.0 0.0 0.18105 0.36211 0.54374 0.72479 0.90585 1.10237 1.30634 1.50459 1.70856 1.90852 2.1039 2.28324 2.40241 2.4958 2.58003 2.55425 2.51528 2.47575 2.44252 2.40929 2.37491 2.34741 2.31188 2.26891 2.19557 2.11937 2.04088 1.96754 1.89133 1.82945 1.76528
0.51222 0.47957 0.44404 0.36211 0.31398 0.18105 0.0 0.0 0.0 0.0 0.0 0.0 0.0 0.0 0.0 0.0 0.0 0.0 0.0 0.0 0.0 0.0 0.0 0.0 0.0 0.0 0.0 0.0 0.0 0.0 0.0 0.0 0.0 0.0 0.0 0.0 0.0 0.0 0.0 0.0 0.0 0.0 0.0 0.0 0.0 0.31398 0.47957 0.67781 0.86918 1.05653 1.25535 1.44901 1.65012 1.84722 2.03343 2.16578 2.26891 2.36116 2.41559 2.39554 2.36803 2.34741 2.32621 2.31188 2.29069 2.27636 2.26204 2.24026 2.21047 2.15776 2.09645 2.03343 1.97613 1.91712
0.62739 0.57296 0.54374 0.47957 0.40508 0.31398 0.18105 0.0 0.0 0.0 0.0 0.0 0.0 0.0 0.0 0.0 0.0 0.0 0.0 0.0 0.0 0.0 0.0 0.0 0.0 0.0 0.0 0.0 0.0 0.0 0.0 0.0 0.0 0.0 0.0 0.0 0.0 0.0 0.0 0.0 0.0 0.0 0.0 0.0 0.0 0.0 0.25611 0.44404 0.62739 0.81016 1.00898 1.18831 1.39171 1.57907 1.76528 1.90852 2.02541 2.12739 2.21792 2.26204 2.25459 2.24714 2.24026 2.23282 2.22537 2.22537 2.21792 2.21792 2.21792 2.21047 2.19557 2.15776 2.11192 2.06494
0.78954 0.76891 0.74714 0.70187 0.62739 0.54374 0.47957 0.44404 0.44404 0.44404 0.40508 0.36211 0.31398 0.25611 0.18105 0.0 0.0 0.0 0.0 0.0 0.0 0.0 0.0 0.0 0.0 0.0 0.0 0.0 0.0 0.0 0.0 0.0 0.0 0.0 0.0 0.0 0.0 0.0 0.0 0.0 0.0 0.0 0.0 0.0 0.0 0.0 0.0 0.18105 0.36211 0.57296 0.74714 0.94137 1.11669 1.30634 1.4937 1.64038 1.77445 1.88217 1.97613 2.07239 2.11937 2.12739 2.13484 2.14286 2.14286 2.15776 2.16578 2.17323 2.18068 2.19557 2.20302 2.21047 2.20302 2.18068
1.02502 1.02502 0.95856 0.86918 0.74714 0.67781 0.65317 0.62739 0.62739 0.62739 0.62739 0.62739 0.65317 0.62739 0.57296 0.47957 0.40508 0.31398 0.18105 0.0 0.0 0.0 0.0 0.0 0.0 0.0 0.0 0.0 0.0 0.0 0.0 0.0 0.0 0.0 0.0 0.0 0.0 0.0 0.0 0.0 0.0 0.0 0.0 0.0 0.0 0.0 0.0 0.0 0.18105 0.31398 0.47957 0.67781 0.8497 1.04106 1.21524 1.36765 1.4937 1.61975 1.72804 1.82029 1.91712 2.00077 2.01681 2.03343 2.05692 2.07239 2.09645 2.11192 2.13484 2.15031 2.17323 2.18813 2.20302 2.21792
1.29374 1.18831 1.072 0.95856 0.8497 0.78954 0.72479 0.72479 0.72479 0.72479 0.74714 0.76891 0.78954 0.81016 0.83022 0.8497 0.81016 0.74714 0.65317 0.57296 0.47957 0.40508 0.25611 0.18105 0.18105 0.0 0.0 0.0 0.0 0.0 0.0 0.0 0.0 0.0 0.0 0.0 0.0 0.0 0.0 0.0 0.0 0.0 0.0 0.0 0.0 0.0 0.0 0.0 0.0 0.0 0.25611 0.40508 0.57296 0.74714 0.92361 1.0869 1.21524 1.33155 1.46047 1.56876 1.65986 1.75612 1.83805 1.91712 1.95092 1.97613 2.00879 2.03343 2.06494 2.08843 2.11937 2.14286 2.16578 2.18813
1.37968 1.24217 1.0869 0.95856 0.8497 0.78954 0.74714 0.72479 0.72479 0.74714 0.76891 0.78954 0.83022 0.86918 0.90585 0.95856 0.99236 1.05653 1.05653 0.99236 0.90585 0.81016 0.72479 0.60103 0.51222 0.36211 0.31398 0.25611 0.18105 0.0 0.0 0.0 0.0 0.0 0.0 0.0 0.0 0.0 0.0 0.0 0.0 0.0 0.0 0.0 0.0 0.0 0.0 0.0 0.0 0.0 0.0 0.18105 0.31398 0.47957 0.62739 0.78954 0.92361 1.04106 1.16024 1.28113 1.39171 1.48224 1.57907 1.65986 1.74695 1.82945 1.89993 1.94233 1.98415 2.01681 2.0489 2.08041 2.11192 2.14286
1.35562 1.18831 1.02502 0.90585 0.81016 0.74714 0.74714 0.72479 0.72479 0.72479 0.74714 0.76891 0.81016 0.8497 0.88751 0.94137 1.00898 1.0869 1.16024 1.25535 1.29374 1.25535 1.14592 1.04106 0.94137 0.81016 0.67781 0.54374 0.44404 0.36211 0.25611 0.18105 0.0 0.0 0.0 0.0 0.0 0.0 0.0 0.0 0.0 0.0 0.0 0.0 0.0 0.0 0.0 0.0 0.0 0.0 0.0 0.0 0.0 0.18105 0.36211 0.47957 0.62739 0.74714 0.8497 0.95856 1.072 1.17399 1.28113 1.36765 1.46047 1.54756 1.61975 1.69882 1.76528 1.82945 1.89133 1.95092 2.00077 2.0489
1.28113 1.10237 0.94137 0.83022 0.74714 0.72479 0.70187 0.70187 0.70187 0.70187 0.72479 0.74714 0.76891 0.81016 0.8497 0.90585 0.95856 1.02502 1.11669 1.21524 1.34359 1.44901 1.50459 1.47136 1.35562 1.22899 1.10237 0.97575 0.83022 0.67781 0.54374 0.44404 0.36211 0.25611 0.18105 0.0 0.0 0.0 0.0 0.0 0.0 0.0 0.0 0.0 0.0 0.0 0.0 0.0 0.0 0.0 0.0 0.0 0.0 0.0 0.0 0.18105 0.31398 0.44404 0.54374 0.65317 0.74714 0.8497 0.94137 1.02502 1.11669 1.20207 1.28113 1.35562 1.42609 1.4937 1.55787 1.61001 1.6696 1.7183
1.17399 1.00898 0.86918 0.76891 0.70187 0.67781 0.65317 0.65317 0.65317 0.65317 0.65317 0.67781 0.70187 0.74714 0.78954 0.8497 0.90585 0.95856 1.04106 1.11669 1.22899 1.35562 1.50459 1.61001 1.68965 1.64038 1.52636 1.39171 1.25535 1.10237 0.95856 0.78954 0.65317 0.54374 0.44404 0.31398 0.25611 0.0 0.0 0.0 0.0 0.0 0.0 0.0 0.0 0.0 0.0 0.0 0.0 0.0 0.0 0.0 0.0 0.0 0.0 0.0 0.0 0.0 0.25611 0.31398 0.40508 0.51222 0.60103 0.67781 0.76891 0.8497 0.92361 0.99236 1.05653 1.11669 1.18831 1.24217 1.29374 1.34359
1.072 0.90585 0.76891 0.67781 0.65317 0.60103 0.60103 0.57296 0.57296 0.57296 0.57296 0.60103 0.62739 0.67781 0.70187 0.76891 0.83022 0.88751 0.95856 1.02502 1.10237 1.21524 1.35562 1.50459 1.65012 1.75612 1.82945 1.77445 1.65986 1.51547 1.35562 1.21524 1.05653 0.88751 0.74714 0.62739 0.51222 0.40508 0.31398 0.18105 0.0 0.0 0.0 0.0 0.0 0.0 0.0 0.0 0.0 0.0 0.0 0.0 0.0 0.0 0.0 0.0 0.0 0.0 0.0 0.0 0.0 0.18105 0.25611 0.31398 0.40508 0.47957 0.54374 0.60103 0.67781 0.74714 0.78954 0.8497 0.90585 0.95856
0.94137 0.78954 0.65317 0.60103 0.57296 0.51222 0.51222 0.47957 0.47957 0.47957 0.47957 0.51222 0.54374 0.57296 0.60103 0.65317 0.72479 0.78954 0.8497 0.92361 0.99236 1.072 1.18831 1.33155 1.48224 1.65012 1.78362 1.86498 1.91712 1.86498 1.75612 1.61001 1.44901 1.28113 1.13159 0.97575 0.81016 0.67781 0.57296 0.44404 0.31398 0.25611 0.0 0.0 0.0 0.0 0.0 0.0 0.0 0.0 0.0 0.0 0.0 0.0 0.0 0.0 0.0 0.0 0.0 0.0 0.0 0.0 0.0 0.0 0.0 0.0 0.18105 0.18105 0.25611 0.31398 0.36211 0.40508 0.44404 0.51222
0.81016 0.65317 0.54374 0.47957 0.44404 0.40508 0.40508 0.36211 0.36211 0.36211 0.36211 0.40508 0.40508 0.44404 0.47957 0.54374 0.60103 0.65317 0.72479 0.81016 0.88751 0.95856 1.04106 1.16024 1.29374 1.46047 1.61001 1.76528 1.88217 1.95092 1.96754 1.92571 1.82029 1.65986 1.4937 1.31895 1.16024 1.00898 0.8497 0.70187 0.60103 0.47957 0.36211 0.25611 0.18105 0.0 0.0 0.0 0.0 0.0 0.0 0.0 0.0 0.0 0.0 0.0 0.0 0.0 0.0 0.0 0.0 0.0 0.0 0.0 0.0 0.0 0.0 0.0 0.0 0.0 0.0 0.0 0.0 0.0
