data/slope_sharpnack_min.txt
ncols	401
nrows	401
xllcorner	0.0
yllcorner	0.0
cellsize	10.0
NODATA_value	-9999.0
[rows 99 to 131 of 401, columns 74 to 147 of 401]
3.85486 4.02446 4.1952 4.3625 4.52751 4.68679 4.84321 4.99218 5.13657 5.2735 5.40414 5.52618 5.64192 5.74734 5.84474 5.93011 6.00574 6.07049 6.1232 6.1656 6.19998 6.18393 5.9983 5.71354 5.31934 4.87301 4.40719 3.9219 3.42915 2.91922 2.40241 1.86498 1.33155 0.78954 0.25611 0.0 0.0 0.0 0.0 0.0 0.0 0.0 0.0 0.0 0.0 0.0 0.0 0.0 0.0 0.0 0.0 0.0 0.0 0.0 0.0 0.0 0.18105 0.44404 0.70187 0.90585 1.11669 1.31895 1.50459 1.67991 1.88217 2.07239 2.25459 2.40241 2.52216 2.60524 2.65509 2.65509 2.56055 2.44252
3.66808 3.85085 4.02847 4.20265 4.3774 4.54527 4.71029 4.87014 5.02083 5.16751 5.30387 5.43393 5.5554 5.66827 5.76969 5.85907 5.93871 6.00861 6.06247 6.10716 6.13924 6.15471 6.01434 5.75593 5.38638 4.94348 4.47308 3.98779 3.48129 2.96907 2.44252 1.90852 1.36765 0.83022 0.25611 0.0 0.0 0.0 0.0 0.0 0.0 0.0 0.0 0.0 0.0 0.0 0.0 0.0 0.0 0.0 0.0 0.0 0.0 0.0 0.0 0.0 0.31398 0.54374 0.76891 0.99236 1.18831 1.37968 1.55787 1.74695 1.95092 2.15031 2.34741 2.50898 2.62988 2.72155 2.78114 2.80463 2.73931 2.61784
3.48129 3.67266 3.85887 4.04451 4.23015 4.40719 4.5808 4.74867 4.90681 5.05979 5.20532 5.34398 5.47003 5.58748 5.69348 5.78917 5.87282 5.94444 6.00345 6.04929 6.08137 6.10257 6.01147 5.78114 5.4368 4.99848 4.52751 4.03649 3.52713 3.00746 2.47575 1.94233 1.39171 0.8497 0.31398 0.0 0.0 0.0 0.0 0.0 0.0 0.0 0.0 0.0 0.0 0.0 0.0 0.0 0.0 0.0 0.0 0.0 0.0 0.0 0.0 0.18105 0.36211 0.62739 0.8497 1.05653 1.26853 1.46047 1.63006 1.82029 2.02541 2.22537 2.42247 2.59894 2.73931 2.84531 2.90776 2.93068 2.9026 2.78687
3.29795 3.49963 3.695 3.89268 4.08061 4.26796 4.45131 4.62663 4.79566 4.95608 5.10792 5.25173 5.38638 5.50842 5.619 5.71926 5.80635 5.8837 5.94444 5.99314 6.02522 6.04642 5.99027 5.78687 5.47003 5.04031 4.56304 4.07258 3.56437 3.03954 2.50211 1.95952 1.41463 0.86918 0.31398 0.0 0.0 0.0 0.0 0.0 0.0 0.0 0.0 0.0 0.0 0.0 0.0 0.0 0.0 0.0 0.0 0.0 0.0 0.0 0.0 0.18105 0.47957 0.70187 0.92361 1.14592 1.34359 1.52636 1.70856 1.89993 2.1039 2.30501 2.50211 2.69176 2.84531 2.95761 3.03438 3.06647 3.05616 2.95245
3.12491 3.33175 3.53687 3.73912 3.93851 4.13618 4.32526 4.50975 4.68679 4.85353 5.0151 5.16521 5.30387 5.43164 5.54967 5.65337 5.74447 5.82297 5.88657 5.93584 5.97079 5.99314 5.95475 5.78401 5.48779 5.07297 4.58825 4.09264 3.58271 3.05616 2.51528 1.96754 1.42609 0.86918 0.31398 0.0 0.0 0.0 0.0 0.0 0.0 0.0 0.0 0.0 0.0 0.0 0.0 0.0 0.0 0.0 0.0 0.0 0.0 0.0 0.0 0.31398 0.57296 0.78954 1.02502 1.22899 1.42609 1.61001 1.80195 1.99275 2.19557 2.38866 2.59263 2.77541 2.94672 3.0722 3.15585 3.1971 3.1971 3.10371
2.95245 3.17132 3.38561 3.59646 3.80329 4.00841 4.20666 4.39974 4.5808 4.75899 4.92343 5.07927 5.22423 5.35945 5.4792 5.58748 5.68202 5.76453 5.83156 5.88084 5.91923 5.93871 5.90834 5.7588 5.49065 5.09245 4.60601 4.10066 3.58729 3.06131 2.52216 1.96754 1.41463 0.86918 0.31398 0.0 0.0 0.0 0.0 0.0 0.0 0.0 0.0 0.0 0.0 0.0 0.0 0.0 0.0 0.0 0.0 0.0 0.0 0.0 0.18105 0.40508 0.65317 0.88751 1.11669 1.31895 1.51547 1.69882 1.88217 2.08843 2.28324 2.48263 2.67972 2.86823 3.03954 3.17648 3.27273 3.318 3.32717 3.2481
2.79317 3.01834 3.23778 3.4578 3.67724 3.88866 4.09264 4.29088 4.48397 4.6656 4.84035 5.00192 5.15261 5.28897 5.41674 5.52904 5.62473 5.71067 5.77828 5.83156 5.86995 5.8923 5.85907 5.72213 5.4792 5.09474 4.60601 4.10066 3.57812 3.05043 2.50898 1.95952 1.40317 0.8497 0.31398 0.0 0.0 0.0 0.0 0.0 0.0 0.0 0.0 0.0 0.0 0.0 0.0 0.0 0.0 0.0 0.0 0.0 0.0 0.0 0.25611 0.51222 0.76891 0.99236 1.21524 1.42609 1.61975 1.79278 1.98415 2.18068 2.38179 2.58633 2.77541 2.96334 3.13523 3.2882 3.38561 3.44348 3.44806 3.3518
2.64248 2.87396 3.10371 3.33175 3.5552 3.77293 3.98779 4.1952 4.39229 4.5808 4.75899 4.92686 5.08271 5.22767 5.35601 5.47289 5.57259 5.65968 5.73072 5.78401 5.82297 5.84474 5.80865 5.674 5.458 5.08557 4.59913 4.08462 3.55979 3.02923 2.48893 1.93373 1.37968 0.81016 0.25611 0.0 0.0 0.0 0.0 0.0 0.0 0.0 0.0 0.0 0.0 0.0 0.0 0.0 0.0 0.0 0.0 0.0 0.0 0.0 0.36211 0.62739 0.86918 1.10237 1.31895 1.52636 1.7183 1.89993 2.08843 2.28324 2.48893 2.68545 2.87969 3.06131 3.23263 3.39076 3.49963 3.55979 3.57354 3.44348
2.50211 2.73931 2.97995 3.212 3.44806 3.67266 3.89268 4.10467 4.31036 4.50574 4.69023 4.86384 5.02083 5.16751 5.30387 5.42247 5.52618 5.61384 5.68489 5.74161 5.78114 5.80349 5.7588 5.619 5.43164 5.06323 4.57736 4.06055 3.53228 2.99084 2.44939 1.89993 1.34359 0.76891 0.18105 0.0 0.0 0.0 0.0 0.0 0.0 0.0 0.0 0.0 0.0 0.0 0.0 0.0 0.0 0.0 0.0 0.0 0.0 0.25611 0.47957 0.72479 0.97575 1.20207 1.42609 1.63006 1.82029 2.00879 2.19557 2.39554 2.59263 2.79317 2.98511 3.16616 3.33691 3.49447 3.61937 3.67724 3.66808 3.49447
2.37491 2.62415 2.86823 3.10887 3.34665 3.57812 3.80329 4.02446 4.23416 4.43641 4.62663 4.80253 4.96926 5.11709 5.25517 5.37721 5.48493 5.57259 5.64765 5.70208 5.74161 5.76453 5.70781 5.56686 5.39211 5.03057 4.54184 4.02044 3.4853 2.94672 2.40241 1.84722 1.29374 0.72479 0.18105 0.0 0.0 0.0 0.0 0.0 0.0 0.0 0.0 0.0 0.0 0.0 0.0 0.0 0.0 0.0 0.0 0.0 0.0 0.31398 0.60103 0.8497 1.0869 1.31895 1.53667 1.73721 1.93373 2.11192 2.30501 2.50898 2.70952 2.9026 3.0934 3.27789 3.44806 3.60562 3.72996 3.79069 3.74313 3.52254
2.26204 2.51528 2.76338 3.01261 3.25784 3.49963 3.72996 3.95513 4.17171 4.3774 4.57048 4.75211 4.92343 5.07641 5.21506 5.34111 5.44883 5.54107 5.61384 5.67114 5.71067 5.73072 5.65337 5.51415 5.34111 4.98588 4.49485 3.96716 3.43374 2.89115 2.34053 1.79278 1.22899 0.67781 0.0 0.0 0.0 0.0 0.0 0.0 0.0 0.0 0.0 0.0 0.0 0.0 0.0 0.0 0.0 0.0 0.0 0.0 0.18105 0.44404 0.70187 0.95856 1.20207 1.42609 1.65012 1.85581 2.04088 2.23282 2.42247 2.62415 2.82812 3.01834 3.20742 3.38561 3.55979 3.71678 3.84226 3.88465 3.78209 3.52713
2.16578 2.42247 2.67972 2.93584 3.18679 3.42915 3.66808 3.89669 4.1167 4.32927 4.52751 4.71029 4.88332 5.04031 5.18355 5.31017 5.41961 5.51128 5.58748 5.64478 5.68202 5.69921 5.60181 5.458 5.28324 4.93317 4.43297 3.90471 3.36613 2.82239 2.26891 1.7183 1.16024 0.60103 0.0 0.0 0.0 0.0 0.0 0.0 0.0 0.0 0.0 0.0 0.0 0.0 0.0 0.0 0.0 0.0 0.0 0.0 0.31398 0.57296 0.81016 1.072 1.30634 1.54756 1.76528 1.96754 2.15776 2.34741 2.54107 2.74561 2.94099 3.13523 3.32201 3.50421 3.67266 3.82507 3.95513 3.95112 3.7947 3.50421
2.08041 2.34741 2.61154 2.86823 3.12491 3.37587 3.61937 3.85085 4.07659 4.29088 4.49142 4.68278 4.85696 5.01854 5.16178 5.28897 5.39841 5.49065 5.56686 5.62186 5.66254 5.66541 5.54967 5.40414 5.22136 4.86728 4.35849 3.82908 3.2882 2.73931 2.18813 1.63006 1.072 0.51222 0.0 0.0 0.0 0.0 0.0 0.0 0.0 0.0 0.0 0.0 0.0 0.0 0.0 0.0 0.0 0.0 0.0 0.18105 0.40508 0.67781 0.94137 1.18831 1.42609 1.65986 1.88217 2.08843 2.27636 2.47575 2.66712 2.86823 3.06647 3.25784 3.44348 3.61937 3.79069 3.93851 4.05654 3.98378 3.79069 3.46238
2.01681 2.29069 2.55425 2.81609 3.07736 3.33175 3.57812 3.81647 4.04451 4.26452 4.46964 4.66216 4.83691 4.99848 5.14631 5.2735 5.38294 5.4792 5.55253 5.60754 5.64478 5.619 5.49638 5.35028 5.15547 4.78649 4.27197 3.73912 3.1971 2.64878 2.09645 1.53667 0.97575 0.44404 0.0 0.0 0.0 0.0 0.0 0.0 0.0 0.0 0.0 0.0 0.0 0.0 0.0 0.0 0.0 0.0 0.0 0.25611 0.51222 0.78954 1.04106 1.30634 1.54756 1.77445 2.00077 2.20302 2.39554 2.59263 2.79317 2.99084 3.18679 3.38102 3.56895 3.74313 3.90471 4.06055 4.12472 3.99237 3.74772 3.39076
1.96754 2.24026 2.51528 2.78114 3.04527 3.3031 3.5552 3.7947 4.02847 4.24906 4.45475 4.65127 4.83003 4.99218 5.13943 5.26777 5.38007 5.47289 5.5468 5.60181 5.63619 5.57259 5.44596 5.29871 5.08557 4.69367 4.17171 3.63656 3.0934 2.54107 1.99275 1.43755 0.88751 0.31398 0.0 0.0 0.0 0.0 0.0 0.0 0.0 0.0 0.0 0.0 0.0 0.0 0.0 0.0 0.0 0.0 0.0 0.36211 0.62739 0.90585 1.16024 1.41463 1.65986 1.89993 2.11937 2.32621 2.52216 2.71525 2.91349 3.11976 3.31284 3.50421 3.69042 3.86345 4.03248 4.17572 4.15566 3.98779 3.66808 3.2882
1.94233 2.21792 2.48893 2.76338 3.02923 3.29279 3.54604 3.79069 4.02446 4.24504 4.45475 4.65127 4.83003 4.99562 5.14287 5.27064 5.38007 5.47289 5.5468 5.59894 5.61613 5.52618 5.39554 5.24256 5.0088 4.5808 4.05654 3.52254 2.97995 2.42934 1.87357 1.31895 0.76891 0.18105 0.0 0.0 0.0 0.0 0.0 0.0 0.0 0.0 0.0 0.0 0.0 0.0 0.0 0.0 0.0 0.0 0.18105 0.44404 0.74714 1.00898 1.28113 1.53667 1.78362 2.01681 2.24026 2.44939 2.64248 2.83958 3.04527 3.23778 3.43832 3.63198 3.81189 3.98378 4.15165 4.24906 4.15566 3.92992 3.55979 3.15069
1.92571 2.20302 2.48263 2.75765 3.02923 3.29279 3.54604 3.7947 4.03248 4.2565 4.46563 4.66216 4.84321 5.0088 5.15261 5.28324 5.39211 5.48206 5.55253 5.60467 5.58748 5.4792 5.35028 5.18355 4.91655 4.45818 3.93393 3.39535 2.85104 2.30501 1.74695 1.18831 0.65317 0.0 0.0 0.0 0.0 0.0 0.0 0.0 0.0 0.0 0.0 0.0 0.0 0.0 0.0 0.0 0.0 0.0 0.25611 0.57296 0.8497 1.11669 1.39171 1.65012 1.89993 2.13484 2.36116 2.57315 2.76911 2.96907 3.16616 3.36613 3.56437 3.75173 3.93393 4.11269 4.27197 4.30234 4.14019 3.84627 3.42915 3.00173
1.93373 2.21047 2.48893 2.76911 3.03954 3.30769 3.56437 3.81189 4.05253 4.27598 4.48798 4.68278 4.86384 5.0277 5.17381 5.30158 5.41044 5.49925 5.56686 5.60467 5.55253 5.4431 5.30731 5.12396 4.80597 4.32125 3.7947 3.25784 2.71525 2.16578 1.61001 1.05653 0.51222 0.0 0.0 0.0 0.0 0.0 0.0 0.0 0.0 0.0 0.0 0.0 0.0 0.0 0.0 0.0 0.0 0.0 0.36211 0.67781 0.95856 1.22899 1.50459 1.76528 2.00879 2.25459 2.47575 2.69176 2.89115 3.0934 3.29279 3.48989 3.68584 3.87606 4.06055 4.23416 4.3625 4.2989 4.08863 3.72594 3.27789 2.83958
1.95092 2.24026 2.51528 2.7989 3.0722 3.33691 3.59646 3.84627 4.08462 4.31036 4.52064 4.71716 4.8965 5.05979 5.20246 5.32851 5.43393 5.52331 5.58748 5.59894 5.52331 5.41044 5.27064 5.05005 4.67591 4.17171 3.64573 3.10887 2.56685 2.01681 1.47136 0.92361 0.36211 0.0 0.0 0.0 0.0 0.0 0.0 0.0 0.0 0.0 0.0 0.0 0.0 0.0 0.0 0.0 0.0 0.18105 0.47957 0.76891 1.05653 1.33155 1.61001 1.87357 2.12739 2.36803 2.59263 2.81036 3.00746 3.20742 3.41483 3.61479 3.80788 4.00039 4.17973 4.35505 4.41865 4.28343 4.0044 3.57812 3.11976 2.67342
1.99275 2.27636 2.56055 2.83958 3.1146 3.38102 3.64115 3.88866 4.12873 4.35104 4.56304 4.75899 4.9366 5.09818 5.2397 5.36518 5.46716 5.55253 5.6104 5.58748 5.49925 5.38638 5.22767 4.95608 4.52407 4.00841 3.4853 2.95245 2.40929 1.86498 1.31895 0.76891 0.25611 0.0 0.0 0.0 0.0 0.0 0.0 0.0 0.0 0.0 0.0 0.0 0.0 0.0 0.0 0.0 0.0 0.25611 0.57296 0.86918 1.16024 1.43755 1.70856 1.97613 2.23282 2.47575 2.70952 2.92495 3.13007 3.32717 3.53228 3.73454 3.92591 4.1167 4.30234 4.45818 4.42954 4.24103 3.88866 3.43374 2.96334 2.50211
2.0489 2.33308 2.61784 2.89687 3.17132 3.43832 3.69902 3.94653 4.18316 4.40719 4.61689 4.80941 4.98588 5.14631 5.28611 5.40758 5.51128 5.59894 5.63046 5.57832 5.48779 5.36518 5.16751 4.83347 4.35505 3.83767 3.318 2.78687 2.24714 1.69882 1.16024 0.62739 0.0 0.0 0.0 0.0 0.0 0.0 0.0 0.0 0.0 0.0 0.0 0.0 0.0 0.0 0.0 0.0 0.0 0.36211 0.65317 0.95856 1.25535 1.53667 1.81112 2.08041 2.34053 2.58633 2.81609 3.03954 3.24294 3.44806 3.65031 3.85085 4.04451 4.23416 4.41865 4.52751 4.41865 4.17572 3.75631 3.2882 2.81036 2.33308
2.11937 2.40241 2.68545 2.96907 3.24294 3.50879 3.76491 4.01242 4.24906 4.47308 4.67935 4.87014 5.04375 5.19902 5.34111 5.4643 5.56972 5.64765 5.64478 5.57832 5.4792 5.33767 5.08557 4.67591 4.17171 3.65891 3.14038 2.61154 2.07239 1.53667 0.99236 0.44404 0.0 0.0 0.0 0.0 0.0 0.0 0.0 0.0 0.0 0.0 0.0 0.0 0.0 0.0 0.0 0.0 0.18105 0.44404 0.74714 1.05653 1.34359 1.63006 1.90852 2.18068 2.44252 2.69176 2.92495 3.15069 3.35639 3.55979 3.76089 3.96315 4.15967 4.35104 4.53095 4.55215 4.39229 4.08061 3.62339 3.14038 2.65509 2.16578
2.20302 2.48893 2.76911 3.05043 3.32201 3.58729 3.84627 4.09264 4.32526 4.54527 4.75211 4.94004 5.11078 5.27064 5.41331 5.53764 5.64478 5.69348 5.65968 5.58462 5.47576 5.28897 4.95608 4.49142 3.97976 3.47155 2.95245 2.42247 1.89133 1.35562 0.83022 0.25611 0.0 0.0 0.0 0.0 0.0 0.0 0.0 0.0 0.0 0.0 0.0 0.0 0.0 0.0 0.0 0.0 0.18105 0.51222 0.83022 1.13159 1.42609 1.7183 2.00077 2.27636 2.53477 2.78687 3.02923 3.25268 3.46238 3.66349 3.87205 4.06857 4.26796 4.45818 4.61288 4.54871 4.34359 3.96315 3.48989 3.00173 2.50211 2.00879
2.30501 2.58633 2.86823 3.14497 3.41941 3.68125 3.93393 4.17973 4.4112 4.62663 4.83347 5.02083 5.19902 5.35601 5.49925 5.62473 5.71926 5.73072 5.67916 5.59608 5.46086 5.19902 4.78935 4.28744 3.78209 3.27273 2.75765 2.23282 1.70856 1.17399 0.65317 0.0 0.0 0.0 0.0 0.0 0.0 0.0 0.0 0.0 0.0 0.0 0.0 0.0 0.0 0.0 0.0 0.0 0.31398 0.60103 0.90585 1.21524 1.51547 1.80195 2.08843 2.36116 2.62988 2.87969 3.12491 3.3518 3.56437 3.76892 3.97575 4.17572 4.36995 4.5596 4.65872 4.52751 4.27598 3.84627 3.36154 2.86823 2.37491 1.86498
2.41559 2.69806 2.97995 3.25268 3.52254 3.78209 4.03649 4.27598 4.50975 4.72747 4.93317 5.12683 5.30158 5.46086 5.60181 5.72499 5.78401 5.76739 5.70494 5.60467 5.41044 5.05005 4.57736 4.07659 3.57354 3.0722 2.56055 2.04088 1.51547 0.99236 0.47957 0.0 0.0 0.0 0.0 0.0 0.0 0.0 0.0 0.0 0.0 0.0 0.0 0.0 0.0 0.0 0.0 0.0 0.36211 0.67781 0.97575 1.28113 1.58938 1.88217 2.16578 2.44252 2.70952 2.96907 3.212 3.44348 3.65891 3.86345 4.06857 4.27197 4.46563 4.65872 4.6656 4.49886 4.19119 3.73454 3.2481 2.75134 2.24714 1.73721
2.54107 2.81609 3.09856 3.37128 3.64115 3.9007 4.15566 4.39974 4.63007 4.85009 5.05349 5.246 5.41674 5.57545 5.71354 5.82297 5.84245 5.80635 5.73588 5.58462 5.28897 4.85009 4.35505 3.85486 3.36613 2.86823 2.36116 1.84722 1.31895 0.81016 0.25611 0.0 0.0 0.0 0.0 0.0 0.0 0.0 0.0 0.0 0.0 0.0 0.0 0.0 0.0 0.0 0.0 0.0 0.40508 0.72479 1.04106 1.35562 1.65986 1.95092 2.24026 2.52216 2.78687 3.05043 3.29279 3.52713 3.74772 3.95513 4.15967 4.35849 4.5596 4.72404 4.65127 4.45475 4.10066 3.62797 3.14038 2.64878 2.14286 1.64038
2.69176 2.96334 3.24294 3.51796 3.78209 4.04451 4.29489 4.53783 4.7693 4.98588 5.18985 5.37721 5.5468 5.70208 5.83729 5.90834 5.89975 5.85047 5.74161 5.48779 5.09245 4.61288 4.12472 3.63198 3.15069 2.65509 2.15031 1.64038 1.13159 0.60103 0.0 0.0 0.0 0.0 0.0 0.0 0.0 0.0 0.0 0.0 0.0 0.0 0.0 0.0 0.0 0.0 0.0 0.18105 0.47957 0.78954 1.10237 1.41463 1.7183 2.01681 2.30501 2.58633 2.8625 3.11976 3.37128 3.60562 3.82507 4.03649 4.24103 4.44386 4.63752 4.75899 4.63408 4.39229 4.00841 3.53228 3.05043 2.56055 2.06494 1.56876
2.86823 3.14497 3.41483 3.68584 3.95112 4.20666 4.45818 4.69711 4.92343 5.13657 5.33481 5.51988 5.68489 5.83156 5.94959 5.98225 5.95762 5.87282 5.66541 5.30387 4.84665 4.36995 3.89268 3.40967 2.93068 2.44252 1.94233 1.43755 0.92361 0.40508 0.0 0.0 0.0 0.0 0.0 0.0 0.0 0.0 0.0 0.0 0.0 0.0 0.0 0.0 0.0 0.0 0.0 0.18105 0.51222 0.8497 1.16024 1.47136 1.77445 2.07239 2.36803 2.64878 2.92495 3.18679 3.43374 3.67266 3.89669 4.10467 4.3138 4.51663 4.71029 4.76243 4.60945 4.32125 3.9219 3.45264 2.96907 2.48893 2.00879 1.51547
3.07736 3.34206 3.61021 3.87205 4.13618 4.38485 4.63007 4.86384 5.08557 5.29241 5.48779 5.66254 5.82583 5.96564 6.04929 6.05445 5.98454 5.81151 5.49065 5.05349 4.59168 4.12071 3.65031 3.18163 2.70321 2.21792 1.7183 1.21524 0.70187 0.18105 0.0 0.0 0.0 0.0 0.0 0.0 0.0 0.0 0.0 0.0 0.0 0.0 0.0 0.0 0.0 0.0 0.0 0.25611 0.57296 0.88751 1.20207 1.51547 1.82029 2.11937 2.41559 2.70321 2.97422 3.23778 3.49447 3.73454 3.95914 4.17171 4.3774 4.5808 4.76586 4.74524 4.57392 4.2565 3.84627 3.38102 2.91349 2.43564 1.95952 1.47136
3.29279 3.55062 3.81189 4.07258 4.32526 4.57048 4.80941 5.03744 5.25173 5.45227 5.64192 5.80865 5.96564 6.09169 6.13695 6.08653 5.92782 5.63619 5.23053 4.78649 4.32927 3.86345 3.40509 2.94099 2.46945 1.98415 1.4937 0.99236 0.51222 0.0 0.0 0.0 0.0 0.0 0.0 0.0 0.0 0.0 0.0 0.0 0.0 0.0 0.0 0.0 0.0 0.0 0.0 0.31398 0.60103 0.92361 1.24217 1.55787 1.86498 2.16578 2.45627 2.74561 3.01834 3.2882 3.54145 3.78209 4.01242 4.22614 4.43297 4.63408 4.80597 4.72747 4.53095 4.19921 3.78209 3.32717 2.8625 2.39554 1.91712 1.42609
3.51338 3.76491 4.02044 4.27197 4.51663 4.75555 4.98874 5.20876 5.41674 5.61384 5.78917 5.95189 6.09971 6.18909 6.16273 6.02236 5.75307 5.37377 4.94348 4.49886 4.04451 3.59646 3.15069 2.69176 2.21792 1.74695 1.26853 0.76891 0.31398 0.0 0.0 0.0 0.0 0.0 0.0 0.0 0.0 0.0 0.0 0.0 0.0 0.0 0.0 0.0 0.0 0.0 0.0 0.31398 0.65317 0.95856 1.28113 1.58938 1.89993 2.19557 2.48893 2.78114 3.05616 3.32201 3.57812 3.82507 4.05654 4.27197 4.48053 4.67935 4.81972 4.70398 4.47652 4.1442 3.72594 3.28305 2.82239 2.35428 1.87357 1.37968
3.73912 3.98378 4.22614 4.46964 4.71029 4.94348 5.16521 5.37721 5.57832 5.76453 5.93871 6.09169 6.20227 6.20972 6.0894 5.83156 5.47576 5.05979 4.63007 4.1952 3.75631 3.32201 2.87969 2.42934 1.96754 1.50459 1.02502 0.54374 0.0 0.0 0.0 0.0 0.0 0.0 0.0 0.0 0.0 0.0 0.0 0.0 0.0 0.0 0.0 0.0 0.0 0.0 0.0 0.36211 0.67781 0.99236 1.30634 1.61975 1.92571 2.22537 2.51528 2.80463 3.08251 3.3518 3.61021 3.85486 4.08462 4.30635 4.51319 4.70685 4.81285 4.68679 4.4261 4.10066 3.68125 3.24294 2.78687 2.31188 1.83805 1.34359
3.95112 4.19119 4.42954 4.6656 4.8965 5.12052 5.33767 5.54107 5.73302 5.91121 6.07335 6.19482 6.2206 6.10257 5.87282 5.53191 5.13943 4.7206 4.2989 3.87606 3.4578 3.03438 2.59894 2.15776 1.70856 1.25535 0.78954 0.31398 0.0 0.0 0.0 0.0 0.0 0.0 0.0 0.0 0.0 0.0 0.0 0.0 0.0 0.0 0.0 0.0 0.0 0.0 0.0 0.36211 0.70187 1.00898 1.31895 1.63006 1.94233 2.24026 2.53477 2.82239 3.09856 3.36613 3.62339 3.87205 4.10467 4.32526 4.53439 4.7206 4.78935 4.65872 4.38141 4.06055 3.64573 3.20742 2.75134 2.28324 1.80195 1.31895
