data/slope_sharpnack_min.txt
ncols	401
nrows	401
xllcorner	0.0
yllcorner	0.0
cellsize	10.0
NODATA_value	-9999.0
[rows 33 to 65 of 401, columns 0 to 73 of 401]
-9999.0 0.0 0.0 0.0 0.0 0.0 0.0 0.0 0.0 0.0 0.0 0.0 0.0 0.0 0.0 0.25611 0.47957 0.65317 0.8497 1.04106 1.22899 1.40317 1.57907 1.75612 1.91712 2.07239 2.22537 2.36803 2.4958 2.61154 2.72155 2.81609 2.9026 2.96334 3.00173 2.99657 2.96907 2.90776 2.82812 2.74561 2.66712 2.58633 2.50898 2.39554 2.28324 2.17323 2.05692 1.94233 1.82029 1.69882 1.57907 1.46047 1.33155 1.18831 1.05653 0.90585 0.76891 0.62739 0.44404 0.31398 0.0 0.0 0.0 0.0 0.0 0.0 0.0 0.0 0.0 0.0 0.0 0.0 0.0 0.0
-9999.0 0.0 0.0 0.0 0.0 0.0 0.0 0.0 0.0 0.0 0.0 0.0 0.0 0.0 0.0 0.18105 0.40508 0.60103 0.78954 0.95856 1.14592 1.33155 1.50459 1.6696 1.82945 1.98415 2.12739 2.26204 2.39554 2.51528 2.62415 2.72728 2.82239 2.90776 2.96907 3.01261 3.02923 3.01261 2.97422 2.90776 2.82812 2.74561 2.66139 2.54794 2.43564 2.31933 2.21047 2.09645 1.98415 1.86498 1.73721 1.61975 1.48224 1.35562 1.21524 1.072 0.92361 0.76891 0.60103 0.44404 0.25611 0.0 0.0 0.0 0.0 0.0 0.0 0.0 0.0 0.0 0.0 0.0 0.0 0.0
-9999.0 0.0 0.0 0.0 0.0 0.0 0.0 0.0 0.0 0.0 0.0 0.0 0.0 0.0 0.0 0.18105 0.36211 0.54374 0.72479 0.90585 1.0869 1.25535 1.42609 1.58938 1.74695 1.89133 2.03343 2.16578 2.29069 2.40929 2.51528 2.61784 2.71525 2.80463 2.87969 2.94099 2.99657 3.0235 3.01834 2.99084 2.94099 2.87969 2.7989 2.69176 2.57315 2.46257 2.34741 2.24026 2.11937 2.00077 1.88217 1.75612 1.63006 1.4937 1.35562 1.21524 1.072 0.92361 0.74714 0.60103 0.40508 0.25611 0.0 0.0 0.0 0.0 0.0 0.0 0.0 0.0 0.0 0.0 0.0 0.0
-9999.0 0.0 0.0 0.0 0.0 0.0 0.0 0.0 0.0 0.0 0.0 0.0 0.0 0.0 0.0 0.18105 0.31398 0.51222 0.67781 0.8497 1.02502 1.20207 1.36765 1.51547 1.6696 1.81112 1.95092 2.08041 2.20302 2.31188 2.41559 2.51528 2.60524 2.69176 2.76911 2.82812 2.89115 2.94672 2.98511 2.99084 2.96907 2.93584 2.87396 2.79317 2.69176 2.58003 2.46945 2.35428 2.24026 2.11937 2.00077 1.87357 1.75612 1.61975 1.48224 1.34359 1.20207 1.04106 0.88751 0.72479 0.54374 0.36211 0.18105 0.0 0.0 0.0 0.0 0.0 0.0 0.0 0.0 0.0 0.0 0.0
-9999.0 0.0 0.0 0.0 0.0 0.0 0.0 0.0 0.0 0.0 0.0 0.0 0.0 0.0 0.0 0.0 0.31398 0.47957 0.65317 0.81016 0.99236 1.14592 1.30634 1.46047 1.61001 1.74695 1.88217 2.00077 2.11937 2.22537 2.33308 2.42247 2.51528 2.59263 2.66139 2.72728 2.77541 2.82239 2.85677 2.89687 2.91349 2.89115 2.85677 2.7989 2.72155 2.62988 2.53477 2.42247 2.31933 2.21047 2.08843 1.96754 1.84722 1.72804 1.5997 1.46047 1.31895 1.16024 1.00898 0.8497 0.67781 0.47957 0.25611 0.0 0.0 0.0 0.0 0.0 0.0 0.0 0.0 0.0 0.0 0.0
-9999.0 0.0 0.0 0.0 0.0 0.0 0.0 0.0 0.0 0.0 0.0 0.0 0.0 0.0 0.0 0.0 0.25611 0.44404 0.62739 0.78954 0.95856 1.11669 1.26853 1.41463 1.55787 1.68965 1.82029 1.94233 2.05692 2.15776 2.26204 2.34741 2.42934 2.50211 2.56685 2.61784 2.66712 2.70321 2.73931 2.76338 2.78687 2.78114 2.75765 2.73358 2.67972 2.61154 2.53477 2.44252 2.34053 2.24026 2.12739 2.02541 1.91712 1.80195 1.67991 1.54756 1.41463 1.26853 1.10237 0.94137 0.76891 0.60103 0.40508 0.18105 0.0 0.0 0.0 0.0 0.0 0.0 0.0 0.0 0.0 0.0
-9999.0 0.0 0.0 0.0 0.0 0.0 0.0 0.0 0.0 0.0 0.0 0.0 0.0 0.0 0.0 0.0 0.25611 0.44404 0.62739 0.78954 0.94137 1.0869 1.22899 1.36765 1.51547 1.64038 1.76528 1.89133 2.00077 2.11192 2.20302 2.29069 2.36116 2.42934 2.48263 2.52846 2.56685 2.59894 2.62415 2.64878 2.66139 2.64878 2.62988 2.59894 2.56685 2.52216 2.46945 2.39554 2.31933 2.22537 2.13484 2.04088 1.94233 1.84722 1.73721 1.63006 1.4937 1.35562 1.20207 1.04106 0.86918 0.70187 0.51222 0.31398 0.0 0.0 0.0 0.0 0.0 0.0 0.0 0.0 0.0 0.0
-9999.0 0.0 0.0 0.0 0.0 0.0 0.0 0.0 0.0 0.0 0.0 0.0 0.0 0.0 0.0 0.18105 0.31398 0.47957 0.62739 0.76891 0.92361 1.05653 1.20207 1.33155 1.47136 1.5997 1.7183 1.84722 1.95092 2.05692 2.14286 2.23282 2.29756 2.36116 2.40929 2.44939 2.47575 2.50211 2.52216 2.52846 2.52846 2.52216 2.4958 2.46945 2.43564 2.39554 2.35428 2.30501 2.24026 2.17323 2.09645 2.01681 1.92571 1.84722 1.75612 1.6696 1.55787 1.43755 1.28113 1.13159 0.95856 0.78954 0.60103 0.40508 0.18105 0.0 0.0 0.0 0.0 0.0 0.0 0.0 0.0 0.0
-9999.0 0.0 0.0 0.0 0.0 0.0 0.0 0.0 0.0 0.0 0.0 0.0 0.0 0.0 0.0 0.18105 0.31398 0.47957 0.65317 0.76891 0.92361 1.04106 1.17399 1.30634 1.43755 1.56876 1.68965 1.81112 1.91712 2.00879 2.1039 2.18068 2.25459 2.30501 2.34741 2.38179 2.40929 2.41559 2.42934 2.42934 2.42247 2.40241 2.36803 2.34053 2.29756 2.26204 2.21792 2.17323 2.12739 2.07239 2.01681 1.95952 1.88217 1.81112 1.73721 1.6696 1.57907 1.48224 1.35562 1.20207 1.04106 0.86918 0.67781 0.47957 0.25611 0.0 0.0 0.0 0.0 0.0 0.0 0.0 0.0 0.0
-9999.0 0.0 0.0 0.0 0.0 0.0 0.0 0.0 0.0 0.0 0.0 0.0 0.0 0.18105 0.25611 0.31398 0.47957 0.57296 0.67781 0.81016 0.94137 1.072 1.18831 1.33155 1.46047 1.56876 1.68965 1.80195 1.89993 1.99275 2.07239 2.15031 2.21792 2.26204 2.30501 2.31933 2.34053 2.34741 2.34053 2.32621 2.31933 2.28324 2.25459 2.21047 2.16578 2.11937 2.07239 2.03343 1.99275 1.94233 1.90852 1.85581 1.81112 1.75612 1.69882 1.64038 1.56876 1.4937 1.40317 1.26853 1.10237 0.94137 0.74714 0.54374 0.31398 0.0 0.0 0.0 0.0 0.0 0.0 0.0 0.0 0.0
-9999.0 0.0 0.0 0.0 0.0 0.0 0.18105 0.18105 0.18105 0.25611 0.31398 0.36211 0.40508 0.44404 0.47957 0.54374 0.62739 0.70187 0.78954 0.90585 1.02502 1.14592 1.26853 1.37968 1.4937 1.61001 1.72804 1.82945 1.91712 2.00077 2.08041 2.14286 2.19557 2.24026 2.26204 2.29069 2.28324 2.28324 2.26891 2.24714 2.21792 2.18068 2.13484 2.09645 2.04088 1.99275 1.94233 1.89133 1.84722 1.80195 1.76528 1.73721 1.69882 1.6696 1.63006 1.58938 1.53667 1.48224 1.41463 1.30634 1.16024 0.99236 0.81016 0.62739 0.40508 0.18105 0.0 0.0 0.0 0.0 0.0 0.0 0.0 0.0
-9999.0 0.31398 0.31398 0.36211 0.36211 0.40508 0.40508 0.44404 0.47957 0.54374 0.57296 0.62739 0.67781 0.70187 0.72479 0.74714 0.81016 0.88751 0.97575 1.05653 1.16024 1.28113 1.37968 1.4937 1.5997 1.70856 1.80195 1.89133 1.97613 2.0489 2.11192 2.16578 2.20302 2.24026 2.25459 2.26204 2.25459 2.24026 2.21047 2.18068 2.14286 2.08843 2.03343 1.97613 1.91712 1.85581 1.80195 1.74695 1.69882 1.65012 1.61001 1.58938 1.55787 1.54756 1.52636 1.50459 1.47136 1.43755 1.39171 1.31895 1.21524 1.04106 0.86918 0.67781 0.47957 0.25611 0.0 0.0 0.0 0.0 0.0 0.0 0.0 0.0
-9999.0 0.54374 0.60103 0.62739 0.65317 0.67781 0.70187 0.74714 0.78954 0.83022 0.86918 0.92361 0.94137 0.94137 0.95856 0.99236 1.04106 1.10237 1.16024 1.25535 1.34359 1.44901 1.54756 1.65012 1.73721 1.83805 1.92571 2.00077 2.06494 2.13484 2.18068 2.21792 2.25459 2.26891 2.27636 2.26204 2.24714 2.21792 2.18068 2.12739 2.06494 2.00879 1.95092 1.87357 1.80195 1.73721 1.6696 1.61001 1.54756 1.50459 1.46047 1.42609 1.40317 1.39171 1.39171 1.39171 1.37968 1.35562 1.33155 1.29374 1.22899 1.0869 0.92361 0.72479 0.54374 0.31398 0.0 0.0 0.0 0.0 0.0 0.0 0.0 0.0
-9999.0 0.83022 0.86918 0.88751 0.92361 0.95856 0.99236 1.02502 1.072 1.13159 1.17399 1.18831 1.20207 1.20207 1.21524 1.24217 1.28113 1.34359 1.41463 1.4937 1.56876 1.65986 1.74695 1.82945 1.91712 1.99275 2.07239 2.13484 2.20302 2.24714 2.28324 2.31188 2.32621 2.32621 2.31933 2.29069 2.26204 2.21792 2.16578 2.08843 2.02541 1.94233 1.86498 1.78362 1.68965 1.61975 1.53667 1.47136 1.40317 1.34359 1.29374 1.26853 1.25535 1.24217 1.22899 1.24217 1.24217 1.25535 1.24217 1.22899 1.20207 1.11669 0.95856 0.76891 0.57296 0.36211 0.0 0.0 0.0 0.0 0.0 0.0 0.0 0.0
-9999.0 1.0869 1.13159 1.16024 1.20207 1.24217 1.28113 1.31895 1.36765 1.42609 1.44901 1.46047 1.46047 1.46047 1.47136 1.50459 1.54756 1.61001 1.67991 1.73721 1.82029 1.89993 1.97613 2.05692 2.12739 2.19557 2.26204 2.31188 2.36116 2.39554 2.41559 2.43564 2.42934 2.41559 2.38866 2.35428 2.30501 2.24026 2.16578 2.08041 1.98415 1.88217 1.78362 1.68965 1.5997 1.50459 1.41463 1.33155 1.25535 1.18831 1.14592 1.11669 1.0869 1.072 1.072 1.072 1.0869 1.10237 1.11669 1.13159 1.13159 1.0869 0.99236 0.81016 0.62739 0.40508 0.18105 0.0 0.0 0.0 0.0 0.0 0.0 0.0
-9999.0 1.34359 1.39171 1.43755 1.47136 1.51547 1.56876 1.61975 1.6696 1.70856 1.7183 1.7183 1.7183 1.72804 1.75612 1.79278 1.83805 1.89133 1.95092 2.01681 2.08843 2.15776 2.22537 2.29756 2.36116 2.42247 2.46945 2.51528 2.54794 2.56685 2.58003 2.57315 2.56055 2.52846 2.48893 2.43564 2.36803 2.28324 2.18813 2.08041 1.96754 1.84722 1.72804 1.61975 1.50459 1.39171 1.29374 1.18831 1.11669 1.04106 0.97575 0.94137 0.92361 0.90585 0.88751 0.90585 0.90585 0.94137 0.95856 0.99236 1.02502 1.02502 0.97575 0.83022 0.65317 0.44404 0.18105 0.0 0.0 0.0 0.0 0.0 0.0 0.0
-9999.0 1.61001 1.65986 1.69882 1.74695 1.80195 1.84722 1.90852 1.95092 1.98415 1.99275 1.99275 2.00077 2.01681 2.0489 2.08843 2.12739 2.18068 2.24026 2.31188 2.37491 2.43564 2.50898 2.56685 2.61784 2.66712 2.70321 2.73931 2.76338 2.76911 2.76338 2.74561 2.71525 2.66712 2.61154 2.53477 2.45627 2.35428 2.24026 2.1039 1.96754 1.82945 1.68965 1.55787 1.42609 1.30634 1.18831 1.072 0.97575 0.88751 0.81016 0.76891 0.74714 0.72479 0.72479 0.72479 0.72479 0.74714 0.78954 0.83022 0.86918 0.90585 0.90585 0.83022 0.70187 0.47957 0.25611 0.0 0.0 0.0 0.0 0.0 0.0 0.0
-9999.0 1.85581 1.91712 1.96754 2.01681 2.07239 2.13484 2.20302 2.24714 2.26204 2.26204 2.26204 2.28324 2.31188 2.34741 2.38866 2.43564 2.4958 2.55425 2.61154 2.67342 2.73358 2.79317 2.84531 2.89687 2.93068 2.96334 2.97995 2.99084 2.98511 2.96907 2.93584 2.89115 2.82812 2.75765 2.66139 2.56055 2.44252 2.29756 2.15031 1.99275 1.82945 1.6696 1.50459 1.35562 1.21524 1.072 0.94137 0.83022 0.72479 0.65317 0.60103 0.57296 0.54374 0.54374 0.54374 0.54374 0.54374 0.57296 0.62739 0.67781 0.72479 0.76891 0.81016 0.74714 0.57296 0.40508 0.18105 0.0 0.0 0.0 0.0 0.0 0.0
-9999.0 2.09645 2.16578 2.22537 2.28324 2.34741 2.41559 2.48263 2.52216 2.53477 2.54107 2.55425 2.57315 2.61154 2.64878 2.70321 2.75134 2.80463 2.86823 2.92495 2.98511 3.03954 3.09856 3.14038 3.18163 3.212 3.23263 3.24294 3.23778 3.22231 3.18679 3.14038 3.08251 3.00173 2.91349 2.81036 2.69176 2.54794 2.38866 2.21047 2.03343 1.84722 1.6696 1.48224 1.30634 1.14592 0.99236 0.83022 0.67781 0.57296 0.47957 0.44404 0.40508 0.36211 0.36211 0.31398 0.31398 0.36211 0.36211 0.40508 0.47957 0.54374 0.60103 0.70187 0.74714 0.67781 0.54374 0.40508 0.31398 0.25611 0.18105 0.0 0.0 0.0
-9999.0 2.33308 2.40929 2.47575 2.54794 2.61784 2.70952 2.76338 2.7989 2.81036 2.82239 2.84531 2.87969 2.91922 2.96907 3.01261 3.0722 3.12491 3.19195 3.2481 3.3031 3.35639 3.40509 3.44348 3.47671 3.49963 3.50879 3.50879 3.49447 3.46697 3.41941 3.36154 3.28305 3.19195 3.08767 2.96334 2.82812 2.66139 2.48263 2.28324 2.08843 1.88217 1.67991 1.48224 1.28113 1.10237 0.90585 0.72479 0.57296 0.40508 0.31398 0.25611 0.18105 0.18105 0.18105 0.18105 0.18105 0.18105 0.18105 0.18105 0.25611 0.31398 0.40508 0.51222 0.67781 0.74714 0.70187 0.60103 0.54374 0.44404 0.36211 0.31398 0.18105 0.0
-9999.0 2.55425 2.64248 2.72728 2.81036 2.9026 2.98511 3.03954 3.06647 3.08251 3.10887 3.14038 3.18163 3.22747 3.27789 3.33691 3.39535 3.4578 3.51338 3.57354 3.62797 3.68125 3.71678 3.74772 3.77293 3.78209 3.78209 3.77293 3.74313 3.70818 3.65031 3.58271 3.49963 3.39535 3.27273 3.13523 2.96907 2.78687 2.58003 2.37491 2.15776 1.93373 1.7183 1.4937 1.28113 1.072 0.86918 0.67781 0.44404 0.25611 0.18105 0.0 0.0 0.0 0.0 0.0 0.0 0.0 0.0 0.0 0.0 0.0 0.18105 0.31398 0.51222 0.70187 0.81016 0.78954 0.74714 0.67781 0.60103 0.54374 0.44404 0.36211
-9999.0 2.76911 2.87969 2.97422 3.07736 3.17648 3.26299 3.30769 3.33175 3.36154 3.39535 3.43832 3.4853 3.53687 3.59646 3.65432 3.72136 3.78209 3.84226 3.89268 3.93851 3.97976 4.01242 4.03248 4.04852 4.05253 4.0405 4.02044 3.98378 3.93851 3.87205 3.7947 3.7036 3.59187 3.46238 3.30769 3.11976 2.91349 2.69176 2.46945 2.23282 2.00077 1.76528 1.53667 1.30634 1.072 0.8497 0.62739 0.40508 0.25611 0.0 0.0 0.0 0.0 0.0 0.0 0.0 0.0 0.0 0.0 0.0 0.0 0.0 0.0 0.31398 0.60103 0.81016 0.92361 0.92361 0.88751 0.83022 0.76891 0.67781 0.60103
-9999.0 2.99084 3.1146 3.22231 3.33175 3.44348 3.51796 3.56437 3.59646 3.63656 3.67724 3.73454 3.78611 3.84627 3.9133 3.97575 4.03649 4.09264 4.14019 4.18718 4.22213 4.24103 4.24103 4.23702 4.23015 4.22213 4.19119 4.14019 4.08061 4.02044 3.95914 3.88866 3.80788 3.71219 3.59646 3.45264 3.26815 3.04527 2.81609 2.57315 2.32621 2.08041 1.82945 1.58938 1.34359 1.10237 0.88751 0.65317 0.44404 0.25611 0.0 0.0 0.0 0.0 0.0 0.0 0.0 0.0 0.0 0.0 0.0 0.0 0.0 0.0 0.18105 0.47957 0.76891 0.97575 1.0869 1.0869 1.04106 0.97575 0.90585 0.8497
-9999.0 3.20226 3.33691 3.46697 3.58729 3.695 3.76892 3.81647 3.85887 3.90471 3.96315 4.02446 4.08462 4.14821 4.21067 4.27197 4.3138 4.3476 4.35849 4.3625 4.36995 4.36995 4.34359 4.2989 4.24103 4.18718 4.12071 4.05654 3.99237 3.92992 3.87205 3.80788 3.75173 3.68584 3.61021 3.49963 3.3518 3.15585 2.93068 2.68545 2.42247 2.16578 1.90852 1.65986 1.40317 1.14592 0.92361 0.70187 0.47957 0.25611 0.0 0.0 0.0 0.0 0.0 0.0 0.0 0.0 0.0 0.0 0.0 0.0 0.0 0.0 0.0 0.36211 0.62739 0.92361 1.13159 1.22899 1.22899 1.18831 1.13159 1.072
-9999.0 3.40509 3.5552 3.695 3.83366 3.93851 4.00841 4.06055 4.11269 4.17171 4.23702 4.2989 4.3625 4.4112 4.4473 4.4622 4.46964 4.47652 4.4622 4.42954 4.3774 4.31781 4.2565 4.19119 4.12873 4.06055 3.99638 3.92992 3.86747 3.80329 3.74313 3.68584 3.63198 3.58271 3.54145 3.47671 3.37587 3.21716 3.01834 2.78687 2.52846 2.26204 1.99275 1.73721 1.48224 1.22899 0.99236 0.76891 0.54374 0.31398 0.0 0.0 0.0 0.0 0.0 0.0 0.0 0.0 0.0 0.0 0.0 0.0 0.0 0.0 0.0 0.18105 0.51222 0.81016 1.0869 1.29374 1.37968 1.36765 1.31895 1.26853
-9999.0 3.59187 3.75631 3.91731 4.06055 4.15967 4.23015 4.29088 4.35505 4.41865 4.48798 4.53095 4.55616 4.5596 4.55616 4.53095 4.48798 4.43641 4.37396 4.3138 4.24906 4.18316 4.10868 4.03649 3.96716 3.89669 3.82048 3.74772 3.68125 3.61479 3.55979 3.51338 3.46697 3.42915 3.39076 3.34665 3.2882 3.20742 3.06647 2.86823 2.61784 2.36116 2.08843 1.82029 1.55787 1.31895 1.072 0.83022 0.60103 0.36211 0.18105 0.0 0.0 0.0 0.0 0.0 0.0 0.0 0.0 0.0 0.0 0.0 0.0 0.0 0.0 0.0 0.31398 0.65317 0.95856 1.24217 1.43755 1.52636 1.51547 1.46047
-9999.0 3.76089 3.94252 4.1167 4.26452 4.36594 4.43985 4.50975 4.57392 4.61689 4.63408 4.60945 4.57392 4.52751 4.47652 4.41464 4.35505 4.29489 4.22213 4.15165 4.07659 3.99638 3.91731 3.83366 3.75631 3.67724 3.60562 3.53687 3.48129 3.424 3.37587 3.33691 3.3031 3.27273 3.23263 3.18679 3.15069 3.10887 3.03438 2.90776 2.70321 2.44939 2.18068 1.90852 1.65012 1.39171 1.14592 0.88751 0.65317 0.40508 0.18105 0.0 0.0 0.0 0.0 0.0 0.0 0.0 0.0 0.0 0.0 0.0 0.0 0.0 0.0 0.0 0.18105 0.47957 0.78954 1.11669 1.40317 1.61975 1.68965 1.68965
-9999.0 3.9007 4.09665 4.27942 4.41865 4.51663 4.5808 4.61288 4.61689 4.58481 4.54184 4.49886 4.43985 4.38886 4.32526 4.2565 4.18316 4.10868 4.02847 3.94252 3.85486 3.76491 3.68125 3.60104 3.52254 3.45264 3.38561 3.32717 3.27789 3.23778 3.1971 3.16616 3.14038 3.1146 3.07736 3.03954 3.01261 2.99084 2.96907 2.89687 2.75765 2.53477 2.26891 2.00879 1.73721 1.48224 1.21524 0.95856 0.70187 0.44404 0.18105 0.0 0.0 0.0 0.0 0.0 0.0 0.0 0.0 0.0 0.0 0.0 0.0 0.0 0.0 0.0 0.0 0.25611 0.60103 0.92361 1.26853 1.57907 1.80195 1.88217
-9999.0 3.99638 4.20666 4.36995 4.46964 4.53439 4.55215 4.53439 4.49485 4.45131 4.39974 4.33958 4.27942 4.20666 4.13618 4.05253 3.96716 3.87606 3.78209 3.695 3.60562 3.52254 3.43832 3.36613 3.29279 3.23263 3.17132 3.12491 3.08251 3.05043 3.01834 2.99657 2.97995 2.95245 2.91922 2.89687 2.87969 2.87396 2.87969 2.85677 2.76911 2.60524 2.36116 2.1039 1.82945 1.55787 1.29374 1.02502 0.76891 0.51222 0.25611 0.0 0.0 0.0 0.0 0.0 0.0 0.0 0.0 0.0 0.0 0.0 0.0 0.0 0.0 0.0 0.0 0.0 0.36211 0.70187 1.072 1.46047 1.77445 2.00077
-9999.0 4.02446 4.20265 4.33271 4.40719 4.44386 4.42209 4.38485 4.33672 4.28343 4.21869 4.15165 4.07258 3.98779 3.9007 3.81189 3.71678 3.62797 3.53687 3.44348 3.36154 3.27789 3.1971 3.13007 3.06647 3.00746 2.96334 2.91922 2.89115 2.8625 2.85104 2.82812 2.81036 2.79317 2.77541 2.76911 2.76911 2.77541 2.78687 2.80463 2.76911 2.65509 2.44939 2.18813 1.91712 1.64038 1.36765 1.0869 0.83022 0.57296 0.31398 0.0 0.0 0.0 0.0 0.0 0.0 0.0 0.0 0.0 0.0 0.0 0.0 0.0 0.0 0.0 0.0 0.0 0.18105 0.47957 0.8497 1.25535 1.65986 1.99275
-9999.0 4.00039 4.12873 4.21869 4.27197 4.27942 4.24103 4.1952 4.14019 4.07659 4.0044 3.9219 3.84226 3.75173 3.65432 3.55979 3.46697 3.37587 3.28305 3.1971 3.10887 3.02923 2.96334 2.9026 2.84531 2.79317 2.75765 2.73358 2.70321 2.69176 2.68545 2.67342 2.65509 2.64248 2.64248 2.64878 2.66139 2.67972 2.70321 2.73931 2.74561 2.68545 2.51528 2.26891 2.00077 1.7183 1.43755 1.16024 0.88751 0.60103 0.31398 0.0 0.0 0.0 0.0 0.0 0.0 0.0 0.0 0.0 0.0 0.0 0.0 0.0 0.0 0.0 0.0 0.0 0.0 0.18105 0.60103 1.00898 1.44901 1.86498
-9999.0 3.94252 4.03248 4.10066 4.12873 4.10868 4.06055 4.0044 3.93393 3.86345 3.78209 3.695 3.60562 3.50879 3.41483 3.31284 3.21716 3.12491 3.03438 2.94672 2.8625 2.79317 2.72728 2.67972 2.62988 2.59263 2.56685 2.54794 2.53477 2.52846 2.51528 2.50211 2.4958 2.4958 2.50898 2.52846 2.55425 2.58633 2.62988 2.67342 2.71525 2.69176 2.57315 2.34741 2.07239 1.79278 1.50459 1.22899 0.94137 0.65317 0.36211 0.0 0.0 0.0 0.0 0.0 0.0 0.0 0.0 0.0 0.0 0.0 0.0 0.0 0.0 0.0 0.0 0.0 0.0 0.0 0.36211 0.78954 1.22899 1.65986
-9999.0 3.85887 3.93393 3.97976 3.98378 3.93851 3.88007 3.81189 3.73454 3.65031 3.55979 3.46697 3.36613 3.26815 3.16616 3.06647 2.96334 2.87396 2.78687 2.69806 2.62988 2.56055 2.50898 2.45627 2.42247 2.39554 2.37491 2.36116 2.35428 2.34741 2.34053 2.33308 2.33308 2.34741 2.36803 2.40241 2.44252 2.4958 2.54794 2.61154 2.67972 2.70321 2.62415 2.42247 2.15031 1.86498 1.57907 1.29374 1.00898 0.70187 0.40508 0.0 0.0 0.0 0.0 0.0 0.0 0.0 0.0 0.0 0.0 0.0 0.0 0.0 0.0 0.0 0.0 0.0 0.0 0.0 0.18105 0.57296 0.99236 1.42609
