data/slope_sharpnack_max.txt
ncols	401
nrows	401
xllcorner	0.0
yllcorner	0.0
cellsize	10.0
NODATA_value	-9999.0
[rows 120 to 149 of 401, columns 0 to 66 of 401]
-9999.0 5.43164 5.05693 4.68679 4.32125 3.96315 3.61479 3.28305 2.96334 2.65509 2.37491 2.09645 1.84722 1.61975 1.41463 1.24217 1.14592 1.10237 1.11669 1.25535 1.44901 1.65012 1.87357 2.1039 2.34053 2.58633 2.82239 3.06131 3.2882 3.49963 3.69902 3.87606 4.02847 4.15967 4.26051 4.32927 4.3625 4.36594 4.33271 4.26452 4.16368 4.02044 3.85085 3.64573 3.424 3.24294 3.18163 3.28305 3.54604 3.85486 4.1677 4.46563 4.75555 5.16521 5.61384 6.06762 6.53172 6.99868 7.46106 7.91484 8.35945 8.78631 9.19655 9.58387 9.94483 10.2823 10.59972
-9999.0 5.39211 5.0088 4.63007 4.25249 3.89268 3.53687 3.19195 2.8625 2.55425 2.26891 1.98415 1.72804 1.4937 1.29374 1.0869 0.95856 0.88751 0.88751 1.02502 1.21524 1.43755 1.6696 1.91712 2.15776 2.42247 2.66712 2.91922 3.16101 3.39076 3.60104 3.7947 3.96315 4.10868 4.22213 4.30635 4.3625 4.3774 4.35849 4.30635 4.21869 4.09264 3.93851 3.75173 3.54145 3.3518 3.27273 3.33691 3.56895 3.88465 4.1952 4.5023 4.80253 5.22767 5.67114 6.12606 6.58329 7.04681 7.50403 7.95552 8.39326 8.81496 9.21889 9.59876 9.95228 10.28058 10.58769
-9999.0 5.34684 4.95608 4.56647 4.18316 3.80788 3.44348 3.0934 2.76338 2.44939 2.15776 1.88217 1.63006 1.40317 1.17399 0.97575 0.83022 0.70187 0.67781 0.78954 0.99236 1.21524 1.46047 1.7183 1.98415 2.24714 2.51528 2.77541 3.0235 3.26815 3.49447 3.7036 3.88866 4.04451 4.17572 4.27197 4.34359 4.3774 4.3774 4.33672 4.26796 4.15967 4.02044 3.84627 3.65031 3.46238 3.34665 3.38102 3.56895 3.88465 4.19921 4.50975 4.84035 5.26147 5.69921 6.15299 6.60563 7.06514 7.51663 7.95953 8.39097 8.80808 9.20285 9.57584 9.92248 10.24219 10.53727
-9999.0 5.29241 4.89019 4.49142 4.10066 3.72136 3.3518 2.99657 2.65509 2.34053 2.0489 1.78362 1.53667 1.30634 1.0869 0.88751 0.72479 0.57296 0.47957 0.54374 0.74714 1.00898 1.25535 1.52636 1.79278 2.07239 2.34741 2.62415 2.88542 3.14038 3.38102 3.59646 3.79928 3.97174 4.12071 4.23416 4.31781 4.3625 4.38141 4.35849 4.30234 4.21067 4.08863 3.93851 3.75631 3.56895 3.43832 3.43374 3.57354 3.86345 4.17973 4.49485 4.85009 5.26777 5.70208 6.14726 6.59589 7.04681 7.49543 7.93145 8.35544 8.76282 9.15128 9.51626 9.85487 10.16484 10.4519
-9999.0 5.23053 4.81972 4.4112 4.01242 3.62339 3.2481 2.89115 2.55425 2.25459 1.98415 1.74695 1.52636 1.30634 1.11669 0.92361 0.76891 0.60103 0.47957 0.51222 0.65317 0.88751 1.13159 1.37968 1.61975 1.89133 2.18068 2.46945 2.73931 3.00173 3.25784 3.48989 3.7036 3.88866 4.04852 4.17973 4.27942 4.34359 4.37396 4.36995 4.32927 4.2565 4.14821 4.01242 3.84627 3.67266 3.53228 3.48989 3.59187 3.82908 4.14019 4.45475 4.83347 5.246 5.674 6.11289 6.55922 7.00097 7.43986 7.86843 8.28612 8.68604 9.06419 9.42057 9.7506 10.05369 10.32928
-9999.0 5.16178 4.7418 4.32526 3.9133 3.51796 3.14038 2.78687 2.48263 2.21792 1.99275 1.78362 1.56876 1.40317 1.24217 1.072 0.88751 0.72479 0.57296 0.51222 0.62739 0.81016 1.05653 1.30634 1.54756 1.80195 2.0489 2.30501 2.58633 2.86823 3.13007 3.37587 3.60104 3.79928 3.97174 4.1167 4.23015 4.31036 4.35505 4.36594 4.33958 4.28343 4.1952 4.07659 3.92992 3.76491 3.61479 3.53687 3.59646 3.78611 4.08462 4.40719 4.78935 5.19615 5.619 6.05215 6.48703 6.92477 7.35219 7.77446 8.18356 8.57317 8.94387 9.28994 9.61022 9.90358 10.17
-9999.0 5.08271 4.65127 4.23015 3.81189 3.40967 3.03438 2.72155 2.45627 2.24026 2.02541 1.82945 1.68965 1.53667 1.37968 1.21524 1.05653 0.86918 0.70187 0.60103 0.60103 0.76891 0.99236 1.22899 1.4937 1.74695 1.99275 2.24714 2.47575 2.72155 2.99657 3.2481 3.4853 3.69902 3.88465 4.0405 4.17171 4.26452 4.32526 4.35104 4.34359 4.30234 4.23015 4.12873 3.99638 3.84627 3.69902 3.60104 3.61937 3.75631 4.01586 4.35104 4.72404 5.12396 5.54107 5.96277 6.38963 6.81705 7.2376 7.64956 8.04777 8.42936 8.78975 9.12493 9.43547 9.71794 9.97806
-9999.0 4.99562 4.55215 4.12472 3.7036 3.3031 2.96907 2.70321 2.47575 2.27636 2.07239 1.93373 1.81112 1.67991 1.53667 1.37968 1.20207 1.04106 0.86918 0.72479 0.70187 0.76891 0.92361 1.17399 1.41463 1.68965 1.94233 2.19557 2.44252 2.66712 2.89115 3.12491 3.37128 3.59646 3.79069 3.95914 4.10066 4.21067 4.28343 4.32526 4.33271 4.31036 4.24906 4.16368 4.05253 3.9133 3.76892 3.66349 3.63656 3.73454 3.95112 4.27942 4.64096 5.03057 5.43393 5.84761 6.26701 6.68355 7.09207 7.49543 7.88333 8.25346 8.60296 8.93012 9.23035 9.50251 9.75403
-9999.0 4.8965 4.45131 4.01242 3.58729 3.21716 2.93068 2.70952 2.4958 2.30501 2.16578 2.08041 1.96754 1.84722 1.70856 1.55787 1.37968 1.20207 1.04106 0.90585 0.81016 0.83022 0.94137 1.13159 1.37968 1.63006 1.89133 2.14286 2.39554 2.63618 2.85677 3.06647 3.25784 3.48129 3.68584 3.87205 4.02044 4.1442 4.23015 4.28744 4.31036 4.29489 4.25249 4.18316 4.08462 3.96716 3.83366 3.71678 3.66349 3.71219 3.89669 4.1952 4.54184 4.91369 5.30731 5.70781 6.11518 6.52484 6.92477 7.31323 7.68967 8.05178 8.38925 8.70266 8.99372 9.25613 9.50251
-9999.0 4.79279 4.33958 3.89268 3.4853 3.17132 2.93068 2.71525 2.52846 2.36803 2.31188 2.23282 2.14286 2.03343 1.89993 1.74695 1.57907 1.39171 1.22899 1.072 0.99236 0.94137 0.97575 1.13159 1.34359 1.58938 1.84722 2.09645 2.34741 2.59894 2.82812 3.03954 3.24294 3.41941 3.57812 3.76892 3.93393 4.06456 4.1677 4.23416 4.27197 4.27598 4.24504 4.19119 4.10868 4.0044 3.88465 3.76892 3.695 3.69902 3.84226 4.09665 4.42954 4.78305 5.16178 5.54967 5.94444 6.33921 6.72652 7.10582 7.47194 7.81973 8.14574 8.44998 8.72844 8.98684 9.22691
-9999.0 4.67935 4.21869 3.78209 3.41483 3.14038 2.91922 2.73358 2.58003 2.4958 2.45627 2.38866 2.31188 2.20302 2.08041 1.92571 1.76528 1.61001 1.42609 1.29374 1.20207 1.11669 1.11669 1.16024 1.33155 1.55787 1.80195 2.05692 2.31188 2.55425 2.79317 3.01261 3.212 3.39993 3.56437 3.7036 3.83767 3.97976 4.09264 4.1677 4.21869 4.23702 4.22213 4.17973 4.11269 4.02446 3.91731 3.80329 3.72136 3.7036 3.7947 4.0044 4.30635 4.6444 5.00192 5.37091 5.75307 6.13409 6.50995 6.87549 7.22958 7.56362 7.87874 8.16981 8.44253 8.69693 8.93528
-9999.0 4.5596 4.09264 3.67266 3.3518 3.11976 2.92495 2.76911 2.63618 2.61784 2.59263 2.53477 2.45627 2.36116 2.24714 2.1039 1.95952 1.79278 1.65012 1.52636 1.41463 1.30634 1.26853 1.25535 1.34359 1.53667 1.77445 2.01681 2.26204 2.51528 2.75134 2.97422 3.18679 3.37587 3.54604 3.69042 3.81647 3.9219 4.0044 4.09665 4.15165 4.18316 4.18316 4.15566 4.09665 4.02044 3.92992 3.84226 3.76892 3.72136 3.75631 3.90929 4.16368 4.49485 4.83347 5.18641 5.5468 5.91407 6.27446 6.6274 6.96659 7.28917 7.59284 7.87702 8.1423 8.39097 8.61958
-9999.0 4.42954 3.97575 3.58271 3.30769 3.10371 2.94099 2.81609 2.73358 2.73358 2.70952 2.66712 2.59894 2.51528 2.39554 2.27636 2.14286 2.00077 1.86498 1.76528 1.65012 1.52636 1.42609 1.40317 1.40317 1.53667 1.74695 1.98415 2.22537 2.46945 2.70952 2.93584 3.15069 3.34665 3.51796 3.66808 3.79928 3.90929 3.99638 4.06055 4.10467 4.12873 4.12873 4.11269 4.07659 4.02847 3.96315 3.88465 3.79928 3.73912 3.72996 3.82908 4.03649 4.32927 4.65872 4.99562 5.33767 5.68202 6.02522 6.36384 6.69043 6.99868 7.29318 7.57221 7.83176 8.07126 8.28382
-9999.0 4.29489 3.85085 3.50421 3.26815 3.08767 2.95761 2.84531 2.82239 2.83385 2.82239 2.78687 2.72728 2.64248 2.54107 2.43564 2.31188 2.19557 2.07239 1.99275 1.88217 1.74695 1.61001 1.55787 1.52636 1.56876 1.72804 1.95092 2.18068 2.42247 2.66139 2.89687 3.10887 3.3031 3.48129 3.63656 3.77293 3.88866 3.97575 4.04451 4.09665 4.12071 4.12873 4.1167 4.08863 4.04451 3.98378 3.9133 3.82908 3.76089 3.71678 3.75631 3.90929 4.15165 4.46563 4.78935 5.12052 5.44883 5.77828 6.09742 6.40681 6.70704 6.9918 7.25823 7.50632 7.73149 7.93375
-9999.0 4.17171 3.74313 3.44806 3.22747 3.08767 2.97995 2.86823 2.89687 2.91349 2.91349 2.89115 2.84531 2.76911 2.68545 2.58003 2.48263 2.38179 2.29756 2.21792 2.09645 1.95952 1.81112 1.69882 1.64038 1.64038 1.72804 1.92571 2.15031 2.38866 2.61784 2.84531 3.06131 3.26299 3.44348 3.60104 3.73912 3.85486 3.95112 4.02446 4.07258 4.10467 4.1167 4.10868 4.08462 4.04451 3.99237 3.92591 3.85085 3.76491 3.70818 3.69902 3.7947 3.98779 4.26051 4.57392 4.89019 5.20532 5.51988 5.82583 6.1232 6.40681 6.6784 6.93394 7.16656 7.37626 7.56591
-9999.0 4.0405 3.63656 3.38102 3.1971 3.07736 2.97995 2.9026 2.95245 2.98511 2.99657 2.97995 2.93584 2.87396 2.7989 2.71525 2.64248 2.56055 2.51528 2.42247 2.31188 2.16578 2.00879 1.87357 1.78362 1.73721 1.75612 1.90852 2.11192 2.34741 2.57315 2.7989 3.01834 3.212 3.39535 3.5552 3.695 3.81189 3.9133 3.98378 4.0405 4.07258 4.09264 4.08863 4.06456 4.02847 3.97976 3.9219 3.85085 3.76892 3.69902 3.66808 3.695 3.83366 4.06055 4.3476 4.65127 4.95265 5.25173 5.54394 5.82583 6.09971 6.3541 6.5936 6.81247 7.01243 7.18718
-9999.0 3.90471 3.54145 3.31284 3.16101 3.06647 2.97422 2.93068 2.99657 3.03438 3.05616 3.05043 3.01834 2.96907 2.90776 2.84531 2.79317 2.77541 2.71525 2.62988 2.50898 2.36803 2.19557 2.03343 1.92571 1.85581 1.82029 1.90852 2.09645 2.29756 2.52846 2.74561 2.96334 3.16101 3.33691 3.50421 3.64115 3.76089 3.85887 3.93851 3.99638 4.02847 4.04852 4.04852 4.02847 4.00039 3.95914 3.9007 3.83366 3.76089 3.68125 3.63198 3.61937 3.69902 3.87205 4.11269 4.39974 4.69023 4.97557 5.25173 5.51988 5.77828 6.01949 6.24639 6.45208 6.63714 6.80044
-9999.0 3.77293 3.4578 3.2481 3.12491 3.03954 2.95245 2.94672 3.0235 3.0722 3.10371 3.10371 3.08251 3.05043 3.00173 2.97422 2.98511 2.96334 2.9026 2.81609 2.69176 2.55425 2.38179 2.19557 2.06494 1.96754 1.90852 1.92571 2.07239 2.26891 2.47575 2.69176 2.9026 3.10371 3.27789 3.43832 3.58271 3.69902 3.79928 3.88007 3.93851 3.97575 3.99638 3.99638 3.98378 3.95513 3.9133 3.86345 3.79928 3.72996 3.65891 3.59646 3.55979 3.58729 3.70818 3.89669 4.14821 4.42209 4.69023 4.95608 5.20876 5.45513 5.68202 5.89516 6.08653 6.25899 6.40968
-9999.0 3.63656 3.36613 3.17648 3.08251 2.99657 2.90776 2.94672 3.02923 3.08767 3.13007 3.14038 3.13523 3.13523 3.13007 3.15585 3.16616 3.14497 3.08767 2.99657 2.87396 2.72155 2.55425 2.36803 2.20302 2.08843 2.00077 1.96754 2.05692 2.23282 2.42934 2.64248 2.83958 3.03954 3.21716 3.37587 3.51338 3.63198 3.72996 3.80788 3.86747 3.90471 3.92591 3.92992 3.91731 3.89669 3.85486 3.80788 3.74772 3.68584 3.62339 3.55062 3.50421 3.48989 3.55062 3.69902 3.9007 4.15165 4.40375 4.65471 4.8965 5.12683 5.33767 5.53764 5.71926 5.87855 6.01663
-9999.0 3.50879 3.26815 3.10887 3.02923 2.94672 2.85677 2.92495 3.01834 3.1146 3.18163 3.23263 3.26299 3.27273 3.2882 3.32201 3.33691 3.30769 3.2481 3.15585 3.03954 2.88542 2.71525 2.52216 2.33308 2.21047 2.1039 2.03343 2.0489 2.21047 2.38866 2.58633 2.77541 2.96907 3.14038 3.29795 3.43832 3.5552 3.65031 3.72594 3.78209 3.82048 3.84627 3.84627 3.83767 3.81189 3.78209 3.73454 3.68125 3.62339 3.55979 3.49963 3.43832 3.40967 3.41941 3.51796 3.68584 3.88866 4.12071 4.35505 4.58481 4.79566 4.99848 5.18641 5.35314 5.50211 5.62759
-9999.0 3.42915 3.22231 3.10371 3.03954 2.97422 2.90776 3.0235 3.14038 3.23778 3.30769 3.35639 3.38561 3.39993 3.43374 3.48129 3.48989 3.46238 3.39993 3.3031 3.18163 3.03438 2.85677 2.66712 2.46257 2.31933 2.19557 2.1039 2.06494 2.18068 2.34053 2.52846 2.71525 2.89687 3.06647 3.21716 3.3518 3.46697 3.55979 3.63656 3.69042 3.72996 3.74772 3.75631 3.74313 3.72594 3.68584 3.64573 3.59646 3.54145 3.48129 3.42915 3.37128 3.32717 3.318 3.36154 3.48129 3.65031 3.85486 4.06456 4.27197 4.47308 4.6656 4.83691 4.99562 5.13026 5.24887
-9999.0 3.48129 3.28305 3.18679 3.13523 3.07736 3.01261 3.14038 3.25268 3.34665 3.41483 3.46697 3.49447 3.51796 3.57354 3.61937 3.62797 3.59646 3.53228 3.43832 3.31284 3.16101 2.98511 2.79317 2.58633 2.41559 2.29069 2.18068 2.11192 2.15776 2.30501 2.46945 2.64878 2.81609 2.98511 3.13523 3.26299 3.37128 3.46238 3.53228 3.58729 3.62339 3.64115 3.64573 3.63656 3.61479 3.58271 3.54145 3.49447 3.44348 3.39076 3.33691 3.28305 3.23778 3.21716 3.22747 3.29795 3.43832 3.60562 3.79928 3.99237 4.17572 4.3476 4.50975 4.65872 4.78935 4.90681
-9999.0 3.52713 3.33691 3.27273 3.21716 3.16616 3.1146 3.24294 3.35639 3.44806 3.51338 3.55979 3.59646 3.62339 3.69902 3.73912 3.74772 3.71219 3.65031 3.5552 3.42915 3.27789 3.10371 2.90776 2.69806 2.50211 2.36803 2.25459 2.15776 2.14286 2.26891 2.41559 2.58633 2.74561 2.89687 3.03954 3.16616 3.26815 3.35639 3.424 3.46697 3.50421 3.51796 3.52254 3.51338 3.48989 3.4578 3.41941 3.37587 3.32717 3.27789 3.22747 3.18679 3.14497 3.1146 3.1146 3.14497 3.24294 3.38561 3.55062 3.72594 3.89669 4.06055 4.21468 4.35104 4.48053 4.59168
-9999.0 3.57354 3.39993 3.34665 3.29795 3.25268 3.20742 3.33691 3.44348 3.53228 3.59646 3.64115 3.67724 3.72594 3.80329 3.84627 3.85085 3.81647 3.75173 3.65432 3.52713 3.37587 3.1971 3.00173 2.79317 2.59263 2.44252 2.31188 2.20302 2.13484 2.23282 2.36803 2.50898 2.66712 2.81036 2.94099 3.06131 3.16101 3.23778 3.29795 3.3518 3.37587 3.39076 3.39076 3.38102 3.35639 3.32201 3.2882 3.23778 3.19195 3.15069 3.10371 3.06647 3.03438 3.00746 3.00173 3.01834 3.07736 3.18679 3.33175 3.4853 3.64573 3.79928 3.94252 4.08061 4.21869 4.35505
-9999.0 3.61937 3.46697 3.41941 3.37587 3.33175 3.2882 3.41483 3.52254 3.60562 3.66349 3.71219 3.75173 3.82507 3.89669 3.93393 3.93393 3.9007 3.83366 3.73454 3.61021 3.45264 3.27789 3.08251 2.86823 2.66139 2.50211 2.36803 2.24714 2.16578 2.19557 2.31933 2.44252 2.58003 2.72155 2.84531 2.95245 3.04527 3.1146 3.17132 3.21716 3.23778 3.2481 3.2481 3.23263 3.20742 3.17648 3.13523 3.0934 3.05043 3.00746 2.96334 2.93068 2.9026 2.88542 2.88542 2.89687 2.93584 3.01834 3.13523 3.26815 3.41941 3.56437 3.71219 3.86345 4.02044 4.17973
-9999.0 3.65891 3.51796 3.47671 3.43832 3.39993 3.36154 3.48129 3.57812 3.65891 3.72136 3.77293 3.81647 3.9007 3.96716 4.0044 4.00039 3.96315 3.89669 3.7947 3.66808 3.51796 3.34206 3.14497 2.93068 2.71525 2.54794 2.40929 2.28324 2.18813 2.15776 2.26204 2.37491 2.50211 2.62415 2.73931 2.83958 2.92495 2.98511 3.04527 3.0722 3.0934 3.10371 3.0934 3.07736 3.04527 3.01261 2.97422 2.93584 2.89115 2.85104 2.81036 2.78114 2.76338 2.75134 2.75134 2.77541 2.81036 2.87969 2.97422 3.09856 3.23778 3.38102 3.53687 3.695 3.86345 4.03248
-9999.0 3.695 3.56895 3.53228 3.49963 3.46238 3.41941 3.53228 3.62797 3.7036 3.76089 3.81189 3.86345 3.95914 4.02446 4.05253 4.04852 4.01242 3.94252 3.84226 3.71219 3.5552 3.38102 3.18679 2.97422 2.75765 2.58633 2.44252 2.30501 2.19557 2.12739 2.21047 2.30501 2.41559 2.52846 2.62988 2.72155 2.7989 2.85677 2.9026 2.93068 2.94099 2.94099 2.93584 2.91349 2.87969 2.84531 2.80463 2.76338 2.72155 2.68545 2.64878 2.62988 2.61154 2.61154 2.61784 2.64248 2.68545 2.75134 2.83958 2.94672 3.08251 3.22747 3.39076 3.55062 3.72594 3.9007
-9999.0 3.72594 3.61021 3.57354 3.54145 3.51338 3.46697 3.57354 3.66349 3.73454 3.78611 3.83767 3.90471 4.00039 4.06055 4.08863 4.07659 4.03649 3.96315 3.86345 3.73454 3.57812 3.40509 3.20742 3.00173 2.78687 2.60524 2.46257 2.32621 2.20302 2.11192 2.15776 2.24714 2.33308 2.42934 2.52846 2.60524 2.66712 2.72155 2.75765 2.78114 2.78687 2.78114 2.76338 2.73931 2.70321 2.67342 2.62988 2.58633 2.54794 2.50898 2.47575 2.45627 2.45627 2.45627 2.47575 2.50898 2.56055 2.62988 2.71525 2.82812 2.95761 3.09856 3.26299 3.424 3.60562 3.78611
-9999.0 3.75631 3.64115 3.61021 3.58271 3.5552 3.50879 3.59646 3.68125 3.74772 3.80329 3.85486 3.92992 4.02446 4.07659 4.09665 4.08863 4.0405 3.96716 3.86747 3.73454 3.58271 3.40509 3.21716 3.00746 2.79317 2.61154 2.46257 2.33308 2.21047 2.1039 2.1039 2.18068 2.25459 2.33308 2.41559 2.48263 2.54107 2.58003 2.61154 2.62415 2.62415 2.61154 2.59263 2.56685 2.52216 2.48263 2.44939 2.40929 2.36116 2.33308 2.31188 2.29069 2.28324 2.29756 2.32621 2.36803 2.42934 2.50898 2.60524 2.72155 2.85104 2.99657 3.15585 3.32201 3.50879 3.695
-9999.0 3.77293 3.66349 3.63198 3.61021 3.58271 3.54145 3.61479 3.69042 3.75173 3.80329 3.85887 3.94252 4.02847 4.07659 4.09264 4.07659 4.03248 3.95513 3.85085 3.72136 3.56437 3.39076 3.1971 2.99084 2.78114 2.60524 2.46257 2.32621 2.19557 2.08843 2.0489 2.11192 2.17323 2.24026 2.30501 2.36116 2.40929 2.43564 2.46257 2.46257 2.45627 2.44252 2.41559 2.38179 2.34053 2.29756 2.26204 2.21792 2.18068 2.15031 2.12739 2.12739 2.11937 2.15031 2.18068 2.23282 2.30501 2.38866 2.4958 2.61154 2.74561 2.89687 3.06131 3.23263 3.41483 3.60104
