data/slope_horn_min.txt
ncols	401
nrows	401
xllcorner	0.0
yllcorner	0.0
cellsize	10.0
NODATA_value	-9999.0
[rows 165 to 197 of 401, columns 0 to 73 of 401]
-9999.0 2.29069 2.39554 2.48263 2.55425 2.60524 2.64248 2.64878 2.63618 2.59263 2.52216 2.44939 2.35428 2.25459 2.15031 2.03343 1.91712 1.79278 1.6696 1.53667 1.40317 1.25535 1.11669 0.97575 0.83022 0.70187 0.57296 0.44404 0.31398 0.18105 0.0 0.0 0.0 0.0 0.0 0.0 0.0 0.0 0.0 0.31398 0.47957 0.60103 0.67781 0.70187 0.70187 0.70187 0.67781 0.67781 0.67781 0.67781 0.67781 0.67781 0.70187 0.72479 0.74714 0.78954 0.83022 0.90585 0.99236 1.10237 1.22899 1.37968 1.53667 1.7183 1.89993 2.09645 2.27636 2.44252 2.60524 2.76911 2.93068 3.07736 3.20742 3.33175
-9999.0 2.25459 2.34053 2.41559 2.47575 2.52216 2.54794 2.55425 2.52846 2.47575 2.40929 2.33308 2.24714 2.15031 2.0489 1.93373 1.82029 1.69882 1.56876 1.43755 1.30634 1.16024 1.02502 0.88751 0.74714 0.62739 0.47957 0.36211 0.25611 0.0 0.0 0.0 0.0 0.0 0.0 0.0 0.0 0.0 0.0 0.31398 0.51222 0.62739 0.67781 0.67781 0.67781 0.67781 0.65317 0.65317 0.65317 0.65317 0.62739 0.65317 0.65317 0.67781 0.70187 0.72479 0.76891 0.83022 0.90585 1.00898 1.11669 1.25535 1.41463 1.57907 1.75612 1.94233 2.11937 2.28324 2.44252 2.59894 2.75134 2.90776 3.04527 3.16616
-9999.0 2.21047 2.28324 2.34741 2.40241 2.43564 2.44939 2.44939 2.40929 2.35428 2.29069 2.21047 2.12739 2.03343 1.92571 1.82029 1.69882 1.57907 1.44901 1.31895 1.18831 1.05653 0.92361 0.78954 0.65317 0.54374 0.40508 0.25611 0.18105 0.0 0.0 0.0 0.0 0.0 0.0 0.0 0.0 0.0 0.0 0.31398 0.51222 0.65317 0.67781 0.67781 0.65317 0.65317 0.62739 0.62739 0.60103 0.60103 0.60103 0.60103 0.60103 0.62739 0.62739 0.67781 0.72479 0.76891 0.83022 0.90585 1.00898 1.14592 1.26853 1.43755 1.61001 1.78362 1.95952 2.12739 2.26891 2.41559 2.56055 2.70952 2.85104 2.97995
-9999.0 2.15776 2.22537 2.27636 2.31933 2.34053 2.34741 2.33308 2.28324 2.22537 2.15776 2.08041 2.00077 1.89993 1.80195 1.68965 1.57907 1.46047 1.33155 1.21524 1.0869 0.95856 0.83022 0.70187 0.57296 0.44404 0.31398 0.18105 0.0 0.0 0.0 0.0 0.0 0.0 0.0 0.0 0.0 0.0 0.0 0.31398 0.51222 0.62739 0.67781 0.65317 0.65317 0.62739 0.60103 0.57296 0.57296 0.54374 0.54374 0.54374 0.54374 0.54374 0.57296 0.60103 0.65317 0.70187 0.74714 0.83022 0.90585 1.02502 1.14592 1.29374 1.44901 1.61975 1.78362 1.95092 2.08843 2.22537 2.36803 2.50211 2.64248 2.76911
-9999.0 2.1039 2.15776 2.20302 2.23282 2.24714 2.24026 2.21047 2.15776 2.09645 2.02541 1.95092 1.86498 1.76528 1.6696 1.55787 1.44901 1.33155 1.21524 1.0869 0.95856 0.8497 0.72479 0.57296 0.44404 0.31398 0.18105 0.0 0.0 0.0 0.0 0.0 0.0 0.0 0.0 0.0 0.0 0.0 0.0 0.31398 0.54374 0.62739 0.65317 0.62739 0.62739 0.60103 0.57296 0.54374 0.51222 0.51222 0.47957 0.47957 0.47957 0.47957 0.51222 0.51222 0.57296 0.60103 0.65317 0.72479 0.81016 0.90585 1.02502 1.14592 1.30634 1.46047 1.61001 1.76528 1.89993 2.03343 2.16578 2.29756 2.42934 2.54794
-9999.0 2.0489 2.08843 2.11937 2.14286 2.14286 2.11937 2.07239 2.02541 1.95952 1.89133 1.81112 1.72804 1.63006 1.53667 1.42609 1.31895 1.20207 1.0869 0.97575 0.8497 0.72479 0.57296 0.44404 0.31398 0.18105 0.0 0.0 0.0 0.0 0.0 0.0 0.0 0.0 0.0 0.0 0.0 0.0 0.0 0.36211 0.57296 0.62739 0.62739 0.62739 0.60103 0.57296 0.54374 0.51222 0.47957 0.44404 0.44404 0.40508 0.40508 0.40508 0.40508 0.44404 0.47957 0.51222 0.57296 0.62739 0.70187 0.78954 0.88751 1.00898 1.14592 1.28113 1.43755 1.57907 1.70856 1.83805 1.95952 2.08041 2.20302 2.31188
-9999.0 1.98415 2.01681 2.04088 2.04088 2.02541 1.99275 1.94233 1.89133 1.82945 1.75612 1.6696 1.58938 1.4937 1.39171 1.29374 1.18831 1.072 0.95856 0.83022 0.70187 0.57296 0.44404 0.31398 0.18105 0.0 0.0 0.0 0.0 0.0 0.0 0.0 0.0 0.0 0.0 0.0 0.0 0.0 0.18105 0.44404 0.57296 0.65317 0.62739 0.60103 0.57296 0.51222 0.47957 0.44404 0.40508 0.40508 0.36211 0.36211 0.31398 0.31398 0.31398 0.36211 0.36211 0.40508 0.44404 0.51222 0.60103 0.67781 0.76891 0.86918 0.99236 1.11669 1.26853 1.37968 1.50459 1.61975 1.74695 1.85581 1.97613 2.08041
-9999.0 1.92571 1.94233 1.94233 1.92571 1.89993 1.85581 1.81112 1.74695 1.68965 1.61001 1.53667 1.44901 1.35562 1.25535 1.16024 1.04106 0.94137 0.81016 0.67781 0.54374 0.40508 0.31398 0.18105 0.0 0.0 0.0 0.0 0.0 0.0 0.0 0.0 0.0 0.0 0.0 0.0 0.0 0.18105 0.31398 0.47957 0.62739 0.65317 0.60103 0.57296 0.54374 0.47957 0.44404 0.40508 0.36211 0.31398 0.31398 0.25611 0.25611 0.25611 0.25611 0.25611 0.25611 0.31398 0.36211 0.40508 0.47957 0.54374 0.62739 0.72479 0.83022 0.95856 1.0869 1.20207 1.30634 1.42609 1.52636 1.64038 1.74695 1.83805
-9999.0 1.84722 1.83805 1.82945 1.80195 1.76528 1.72804 1.6696 1.61001 1.54756 1.47136 1.39171 1.30634 1.21524 1.11669 1.00898 0.90585 0.78954 0.65317 0.51222 0.40508 0.25611 0.18105 0.0 0.0 0.0 0.0 0.0 0.0 0.0 0.0 0.0 0.0 0.0 0.0 0.0 0.18105 0.31398 0.40508 0.54374 0.65317 0.67781 0.60103 0.54374 0.47957 0.44404 0.40508 0.36211 0.31398 0.25611 0.18105 0.18105 0.18105 0.18105 0.18105 0.18105 0.18105 0.18105 0.25611 0.25611 0.31398 0.40508 0.47957 0.57296 0.67781 0.78954 0.88751 1.00898 1.10237 1.21524 1.30634 1.41463 1.51547 1.61001
-9999.0 1.73721 1.72804 1.70856 1.6696 1.64038 1.58938 1.53667 1.47136 1.40317 1.33155 1.25535 1.16024 1.072 0.97575 0.86918 0.74714 0.62739 0.47957 0.36211 0.25611 0.0 0.0 0.0 0.0 0.0 0.0 0.0 0.0 0.0 0.0 0.0 0.0 0.0 0.0 0.18105 0.25611 0.36211 0.47957 0.60103 0.72479 0.70187 0.62739 0.51222 0.44404 0.40508 0.36211 0.31398 0.25611 0.18105 0.18105 0.0 0.0 0.0 0.0 0.0 0.0 0.0 0.0 0.18105 0.18105 0.25611 0.36211 0.44404 0.51222 0.62739 0.72479 0.81016 0.90585 1.00898 1.0869 1.18831 1.29374 1.36765
-9999.0 1.63006 1.61001 1.57907 1.54756 1.50459 1.46047 1.40317 1.34359 1.26853 1.18831 1.11669 1.02502 0.92361 0.83022 0.72479 0.60103 0.47957 0.31398 0.18105 0.0 0.0 0.0 0.0 0.0 0.0 0.0 0.0 0.0 0.0 0.0 0.0 0.0 0.0 0.18105 0.25611 0.36211 0.44404 0.54374 0.67781 0.76891 0.70187 0.62739 0.51222 0.40508 0.36211 0.31398 0.25611 0.18105 0.0 0.0 0.0 0.0 0.0 0.0 0.0 0.0 0.0 0.0 0.0 0.0 0.0 0.18105 0.25611 0.36211 0.44404 0.54374 0.62739 0.70187 0.81016 0.88751 0.97575 1.05653 1.13159
-9999.0 1.51547 1.4937 1.47136 1.42609 1.37968 1.33155 1.26853 1.20207 1.13159 1.05653 0.97575 0.88751 0.78954 0.67781 0.57296 0.44404 0.31398 0.18105 0.0 0.0 0.0 0.0 0.0 0.0 0.0 0.0 0.0 0.0 0.0 0.0 0.0 0.0 0.0 0.18105 0.31398 0.40508 0.51222 0.62739 0.72479 0.83022 0.74714 0.65317 0.51222 0.36211 0.31398 0.25611 0.18105 0.0 0.0 0.0 0.0 0.0 0.0 0.0 0.0 0.0 0.0 0.0 0.0 0.0 0.0 0.0 0.0 0.18105 0.25611 0.36211 0.44404 0.51222 0.57296 0.65317 0.74714 0.83022 0.90585
-9999.0 1.41463 1.39171 1.35562 1.30634 1.26853 1.20207 1.14592 1.072 1.00898 0.92361 0.83022 0.74714 0.65317 0.54374 0.40508 0.31398 0.18105 0.0 0.0 0.0 0.0 0.0 0.0 0.0 0.0 0.0 0.0 0.0 0.0 0.0 0.0 0.0 0.18105 0.31398 0.40508 0.47957 0.60103 0.70187 0.78954 0.86918 0.76891 0.65317 0.51222 0.36211 0.25611 0.18105 0.0 0.0 0.0 0.0 0.0 0.0 0.0 0.0 0.0 0.0 0.0 0.0 0.0 0.0 0.0 0.0 0.0 0.0 0.0 0.18105 0.25611 0.31398 0.40508 0.44404 0.51222 0.62739 0.67781
-9999.0 1.31895 1.28113 1.24217 1.20207 1.14592 1.0869 1.02502 0.95856 0.86918 0.78954 0.70187 0.62739 0.51222 0.40508 0.25611 0.18105 0.0 0.0 0.0 0.0 0.0 0.0 0.0 0.0 0.0 0.0 0.0 0.0 0.0 0.0 0.0 0.18105 0.25611 0.36211 0.44404 0.57296 0.65317 0.76891 0.8497 0.90585 0.81016 0.67781 0.51222 0.31398 0.18105 0.18105 0.0 0.0 0.0 0.0 0.0 0.0 0.0 0.0 0.0 0.0 0.0 0.0 0.0 0.0 0.0 0.0 0.0 0.0 0.0 0.0 0.0 0.18105 0.18105 0.25611 0.31398 0.40508 0.44404
-9999.0 1.21524 1.18831 1.14592 1.0869 1.04106 0.97575 0.90585 0.83022 0.74714 0.67781 0.60103 0.47957 0.40508 0.25611 0.18105 0.0 0.0 0.0 0.0 0.0 0.0 0.0 0.0 0.0 0.0 0.0 0.0 0.0 0.0 0.0 0.0 0.18105 0.31398 0.40508 0.51222 0.62739 0.72479 0.83022 0.90585 0.95856 0.8497 0.70187 0.51222 0.31398 0.18105 0.0 0.0 0.0 0.0 0.0 0.0 0.0 0.0 0.0 0.0 0.0 0.0 0.0 0.0 0.0 0.0 0.0 0.0 0.0 0.0 0.0 0.0 0.0 0.0 0.0 0.0 0.18105 0.25611
-9999.0 1.13159 1.0869 1.04106 0.99236 0.92361 0.86918 0.78954 0.72479 0.65317 0.54374 0.47957 0.36211 0.25611 0.18105 0.0 0.0 0.0 0.0 0.0 0.0 0.0 0.0 0.0 0.0 0.0 0.0 0.0 0.0 0.0 0.0 0.18105 0.25611 0.40508 0.47957 0.60103 0.70187 0.78954 0.88751 0.95856 0.99236 0.88751 0.72479 0.54374 0.31398 0.0 0.0 0.0 0.0 0.0 0.0 0.0 0.0 0.0 0.0 0.0 0.0 0.0 0.0 0.0 0.0 0.0 0.0 0.0 0.0 0.0 0.0 0.0 0.0 0.0 0.0 0.0 0.0 0.0
-9999.0 1.05653 1.00898 0.95856 0.88751 0.83022 0.76891 0.70187 0.62739 0.54374 0.44404 0.36211 0.25611 0.18105 0.0 0.0 0.0 0.0 0.0 0.0 0.0 0.0 0.0 0.0 0.0 0.0 0.0 0.0 0.0 0.0 0.18105 0.25611 0.36211 0.44404 0.54374 0.65317 0.74714 0.8497 0.94137 1.00898 1.02502 0.90585 0.74714 0.54374 0.31398 0.0 0.0 0.0 0.0 0.0 0.0 0.0 0.0 0.0 0.0 0.0 0.0 0.0 0.0 0.0 0.0 0.0 0.0 0.0 0.0 0.0 0.0 0.0 0.0 0.0 0.0 0.0 0.0 0.0
-9999.0 0.97575 0.92361 0.86918 0.81016 0.74714 0.67781 0.60103 0.51222 0.44404 0.36211 0.25611 0.18105 0.0 0.0 0.0 0.0 0.0 0.0 0.0 0.0 0.0 0.0 0.0 0.0 0.0 0.0 0.0 0.0 0.18105 0.25611 0.31398 0.40508 0.51222 0.62739 0.72479 0.81016 0.92361 1.00898 1.04106 1.05653 0.94137 0.76891 0.57296 0.36211 0.0 0.0 0.0 0.0 0.0 0.0 0.0 0.0 0.0 0.0 0.0 0.0 0.0 0.0 0.0 0.0 0.0 0.0 0.0 0.0 0.0 0.0 0.0 0.0 0.0 0.0 0.18105 0.18105 0.18105
-9999.0 0.90585 0.8497 0.78954 0.72479 0.67781 0.60103 0.51222 0.44404 0.36211 0.25611 0.18105 0.0 0.0 0.0 0.0 0.0 0.0 0.0 0.0 0.0 0.0 0.0 0.0 0.0 0.0 0.0 0.0 0.18105 0.25611 0.31398 0.40508 0.47957 0.60103 0.67781 0.78954 0.88751 0.97575 1.05653 1.0869 1.0869 0.97575 0.78954 0.57296 0.36211 0.18105 0.0 0.0 0.0 0.0 0.0 0.0 0.0 0.0 0.0 0.0 0.0 0.0 0.0 0.0 0.0 0.0 0.0 0.0 0.0 0.0 0.0 0.0 0.0 0.0 0.18105 0.18105 0.18105 0.18105
-9999.0 0.8497 0.78954 0.74714 0.67781 0.60103 0.51222 0.44404 0.36211 0.25611 0.18105 0.0 0.0 0.0 0.0 0.0 0.0 0.0 0.0 0.0 0.0 0.0 0.0 0.0 0.0 0.0 0.0 0.18105 0.25611 0.31398 0.40508 0.47957 0.57296 0.65317 0.74714 0.8497 0.94137 1.02502 1.0869 1.11669 1.10237 0.97575 0.81016 0.60103 0.40508 0.18105 0.0 0.0 0.0 0.0 0.0 0.0 0.0 0.0 0.0 0.0 0.0 0.0 0.0 0.0 0.0 0.0 0.0 0.0 0.0 0.0 0.0 0.0 0.18105 0.18105 0.25611 0.25611 0.31398 0.31398
-9999.0 0.81016 0.74714 0.67781 0.60103 0.54374 0.44404 0.36211 0.31398 0.18105 0.0 0.0 0.0 0.0 0.0 0.0 0.0 0.0 0.0 0.0 0.0 0.0 0.0 0.0 0.0 0.0 0.18105 0.25611 0.31398 0.40508 0.47957 0.54374 0.65317 0.72479 0.81016 0.90585 0.99236 1.072 1.13159 1.14592 1.13159 1.00898 0.81016 0.60103 0.40508 0.18105 0.0 0.0 0.0 0.0 0.0 0.0 0.0 0.0 0.0 0.0 0.0 0.0 0.0 0.0 0.0 0.0 0.0 0.0 0.0 0.0 0.0 0.18105 0.25611 0.31398 0.31398 0.36211 0.40508 0.40508
-9999.0 0.76891 0.70187 0.65317 0.57296 0.47957 0.40508 0.31398 0.25611 0.18105 0.0 0.0 0.0 0.0 0.0 0.0 0.0 0.0 0.0 0.0 0.0 0.0 0.0 0.0 0.18105 0.18105 0.25611 0.31398 0.40508 0.47957 0.54374 0.62739 0.72479 0.81016 0.88751 0.97575 1.05653 1.13159 1.16024 1.16024 1.14592 1.02502 0.81016 0.62739 0.40508 0.18105 0.0 0.0 0.0 0.0 0.0 0.0 0.0 0.0 0.0 0.0 0.0 0.0 0.0 0.0 0.0 0.0 0.0 0.0 0.0 0.0 0.18105 0.25611 0.31398 0.40508 0.44404 0.47957 0.51222 0.51222
-9999.0 0.74714 0.67781 0.60103 0.54374 0.44404 0.36211 0.25611 0.18105 0.0 0.0 0.18105 0.18105 0.18105 0.18105 0.0 0.0 0.0 0.0 0.18105 0.18105 0.18105 0.18105 0.25611 0.25611 0.31398 0.36211 0.44404 0.51222 0.57296 0.65317 0.72479 0.78954 0.86918 0.95856 1.02502 1.10237 1.16024 1.18831 1.17399 1.14592 1.02502 0.83022 0.62739 0.40508 0.18105 0.0 0.0 0.0 0.0 0.0 0.0 0.0 0.0 0.0 0.0 0.0 0.0 0.0 0.0 0.0 0.0 0.0 0.0 0.0 0.18105 0.31398 0.40508 0.44404 0.51222 0.57296 0.60103 0.62739 0.62739
-9999.0 0.72479 0.67781 0.60103 0.51222 0.44404 0.36211 0.25611 0.25611 0.18105 0.25611 0.31398 0.31398 0.31398 0.31398 0.25611 0.25611 0.25611 0.25611 0.25611 0.31398 0.31398 0.31398 0.36211 0.40508 0.44404 0.47957 0.54374 0.60103 0.67781 0.74714 0.81016 0.88751 0.95856 1.02502 1.0869 1.16024 1.20207 1.20207 1.18831 1.16024 1.02502 0.83022 0.62739 0.40508 0.18105 0.0 0.0 0.0 0.0 0.0 0.0 0.0 0.0 0.0 0.0 0.0 0.0 0.0 0.0 0.0 0.0 0.0 0.0 0.25611 0.36211 0.44404 0.51222 0.60103 0.65317 0.70187 0.74714 0.76891 0.78954
-9999.0 0.67781 0.62739 0.57296 0.54374 0.44404 0.40508 0.36211 0.36211 0.36211 0.40508 0.44404 0.51222 0.47957 0.44404 0.44404 0.44404 0.40508 0.40508 0.44404 0.44404 0.44404 0.47957 0.51222 0.54374 0.57296 0.62739 0.67781 0.72479 0.76891 0.83022 0.90585 0.95856 1.02502 1.0869 1.16024 1.20207 1.22899 1.21524 1.18831 1.14592 1.02502 0.83022 0.60103 0.40508 0.18105 0.0 0.0 0.0 0.0 0.0 0.0 0.0 0.0 0.0 0.0 0.0 0.0 0.0 0.0 0.0 0.0 0.0 0.25611 0.36211 0.47957 0.57296 0.67781 0.74714 0.81016 0.88751 0.94137 0.97575 1.02502
-9999.0 0.60103 0.62739 0.60103 0.60103 0.54374 0.51222 0.51222 0.51222 0.54374 0.57296 0.62739 0.67781 0.65317 0.62739 0.62739 0.60103 0.60103 0.60103 0.60103 0.60103 0.60103 0.62739 0.65317 0.67781 0.70187 0.74714 0.78954 0.83022 0.88751 0.94137 0.99236 1.04106 1.10237 1.16024 1.21524 1.25535 1.25535 1.22899 1.18831 1.14592 1.02502 0.81016 0.60103 0.40508 0.18105 0.0 0.0 0.0 0.0 0.0 0.0 0.0 0.0 0.0 0.0 0.0 0.0 0.0 0.0 0.0 0.0 0.25611 0.36211 0.51222 0.65317 0.74714 0.83022 0.92361 1.00898 1.11669 1.18831 1.24217 1.26853
-9999.0 0.47957 0.54374 0.60103 0.65317 0.65317 0.65317 0.67781 0.70187 0.72479 0.76891 0.81016 0.86918 0.8497 0.83022 0.81016 0.78954 0.76891 0.76891 0.76891 0.76891 0.76891 0.78954 0.78954 0.81016 0.8497 0.86918 0.90585 0.95856 0.99236 1.04106 1.0869 1.13159 1.17399 1.22899 1.26853 1.28113 1.26853 1.22899 1.18831 1.13159 1.00898 0.78954 0.57296 0.36211 0.0 0.0 0.0 0.0 0.0 0.0 0.0 0.0 0.0 0.0 0.0 0.0 0.0 0.0 0.0 0.0 0.25611 0.40508 0.54374 0.67781 0.81016 0.90585 1.04106 1.16024 1.28113 1.37968 1.46047 1.50459 1.47136
-9999.0 0.25611 0.44404 0.57296 0.70187 0.76891 0.83022 0.8497 0.88751 0.90585 0.95856 1.00898 1.05653 1.05653 1.02502 1.00898 0.99236 0.97575 0.95856 0.94137 0.94137 0.94137 0.94137 0.95856 0.97575 0.99236 1.00898 1.04106 1.072 1.10237 1.14592 1.18831 1.21524 1.25535 1.29374 1.31895 1.30634 1.26853 1.22899 1.17399 1.11669 0.99236 0.76891 0.57296 0.36211 0.0 0.0 0.0 0.0 0.0 0.0 0.0 0.0 0.0 0.0 0.0 0.0 0.0 0.0 0.0 0.25611 0.40508 0.54374 0.70187 0.8497 0.99236 1.13159 1.28113 1.42609 1.55787 1.65012 1.69882 1.64038 1.51547
-9999.0 0.0 0.25611 0.47957 0.67781 0.83022 0.95856 1.02502 1.072 1.11669 1.16024 1.21524 1.26853 1.28113 1.24217 1.21524 1.18831 1.17399 1.14592 1.13159 1.13159 1.11669 1.11669 1.13159 1.13159 1.14592 1.16024 1.17399 1.20207 1.22899 1.25535 1.28113 1.30634 1.33155 1.35562 1.35562 1.31895 1.28113 1.21524 1.16024 1.10237 0.95856 0.74714 0.54374 0.31398 0.0 0.0 0.0 0.0 0.0 0.0 0.0 0.0 0.0 0.0 0.0 0.0 0.0 0.0 0.25611 0.40508 0.54374 0.72479 0.86918 1.02502 1.21524 1.37968 1.53667 1.69882 1.82029 1.85581 1.78362 1.64038 1.44901
-9999.0 0.0 0.18105 0.36211 0.62739 0.83022 1.02502 1.17399 1.28113 1.33155 1.37968 1.43755 1.48224 1.50459 1.47136 1.43755 1.40317 1.37968 1.35562 1.34359 1.31895 1.30634 1.30634 1.29374 1.29374 1.30634 1.30634 1.31895 1.33155 1.34359 1.36765 1.37968 1.40317 1.41463 1.41463 1.37968 1.33155 1.26853 1.21524 1.14592 1.0869 0.94137 0.72479 0.51222 0.31398 0.0 0.0 0.0 0.0 0.0 0.0 0.0 0.0 0.0 0.0 0.0 0.0 0.0 0.25611 0.40508 0.57296 0.72479 0.88751 1.05653 1.25535 1.46047 1.64038 1.82029 1.94233 1.97613 1.89993 1.73721 1.54756 1.36765
-9999.0 0.0 0.0 0.31398 0.54374 0.78954 1.02502 1.25535 1.41463 1.53667 1.5997 1.65012 1.70856 1.73721 1.69882 1.6696 1.63006 1.5997 1.56876 1.54756 1.52636 1.50459 1.4937 1.48224 1.47136 1.46047 1.46047 1.46047 1.47136 1.47136 1.47136 1.48224 1.48224 1.48224 1.44901 1.39171 1.33155 1.26853 1.20207 1.13159 1.05653 0.90585 0.67781 0.47957 0.25611 0.0 0.0 0.0 0.0 0.0 0.0 0.0 0.0 0.0 0.0 0.0 0.0 0.25611 0.40508 0.57296 0.74714 0.90585 1.0869 1.28113 1.4937 1.70856 1.89993 2.03343 2.06494 2.00879 1.84722 1.65986 1.46047 1.25535
-9999.0 0.0 0.0 0.25611 0.51222 0.74714 1.00898 1.25535 1.47136 1.6696 1.80195 1.88217 1.93373 1.98415 1.94233 1.90852 1.86498 1.82945 1.79278 1.76528 1.73721 1.70856 1.68965 1.6696 1.65012 1.63006 1.61975 1.61001 1.5997 1.5997 1.58938 1.57907 1.55787 1.52636 1.46047 1.40317 1.33155 1.25535 1.18831 1.10237 1.02502 0.86918 0.65317 0.44404 0.18105 0.0 0.0 0.0 0.0 0.0 0.0 0.0 0.0 0.0 0.0 0.0 0.25611 0.40508 0.57296 0.74714 0.92361 1.10237 1.29374 1.50459 1.72804 1.95092 2.09645 2.13484 2.08843 1.94233 1.75612 1.54756 1.35562 1.14592
-9999.0 0.0 0.0 0.18105 0.47957 0.72479 0.97575 1.22899 1.48224 1.7183 1.93373 2.07239 2.16578 2.22537 2.19557 2.15031 2.1039 2.06494 2.02541 1.98415 1.95092 1.91712 1.89133 1.85581 1.82945 1.81112 1.78362 1.76528 1.74695 1.72804 1.69882 1.6696 1.61001 1.54756 1.48224 1.40317 1.33155 1.25535 1.17399 1.0869 0.99236 0.83022 0.62739 0.40508 0.18105 0.0 0.0 0.0 0.0 0.0 0.0 0.0 0.0 0.0 0.0 0.18105 0.40508 0.57296 0.74714 0.94137 1.11669 1.30634 1.52636 1.74695 1.96754 2.13484 2.18068 2.15031 2.03343 1.84722 1.65986 1.43755 1.22899 1.02502
