data/slope_4cell_max.txt
ncols	401
nrows	401
xllcorner	0.0
yllcorner	0.0
cellsize	10.0
NODATA_value	-9999.0
[rows 0 to 29 of 401, columns 268 to 334 of 401]
-9999.0 -9999.0 -9999.0 -9999.0 -9999.0 -9999.0 -9999.0 -9999.0 -9999.0 -9999.0 -9999.0 -9999.0 -9999.0 -9999.0 -9999.0 -9999.0 -9999.0 -9999.0 -9999.0 -9999.0 -9999.0 -9999.0 -9999.0 -9999.0 -9999.0 -9999.0 -9999.0 -9999.0 -9999.0 -9999.0 -9999.0 -9999.0 -9999.0 -9999.0 -9999.0 -9999.0 -9999.0 -9999.0 -9999.0 -9999.0 -9999.0 -9999.0 -9999.0 -9999.0 -9999.0 -9999.0 -9999.0 -9999.0 -9999.0 -9999.0 -9999.0 -9999.0 -9999.0 -9999.0 -9999.0 -9999.0 -9999.0 -9999.0 -9999.0 -9999.0 -9999.0 -9999.0 -9999.0 -9999.0 -9999.0 -9999.0 -9999.0
3.55062 3.50879 3.46238 3.41483 3.41483 3.424 3.43832 3.4578 3.48129 3.50421 3.52254 3.54604 3.56437 3.57354 3.58271 3.58271 3.57812 3.57812 3.66808 3.77751 3.89268 4.1952 4.53095 4.91999 5.35028 5.78917 6.23321 6.68584 7.13504 7.58252 8.02198 8.45399 8.87282 9.27504 9.65835 10.0216 10.35793 10.66561 10.94349 11.18815 11.39728 11.56974 11.70324 11.79434 11.84304 11.84819 11.80981 11.72845 11.60068 11.42592 11.21164 10.95094 10.64842 10.30636 9.9242 9.50594 9.05331 8.56858 8.05579 7.51835 6.95972 6.38218 5.78917 5.18641 4.58825 4.05253 3.72594
3.22747 3.17132 3.1146 3.10887 3.1146 3.12491 3.14038 3.16101 3.19195 3.22231 3.25784 3.2882 3.318 3.34665 3.37128 3.39076 3.40509 3.41483 3.46697 3.58271 3.77751 4.07258 4.39229 4.77274 5.18011 5.60467 6.03325 6.46755 6.90357 7.3373 7.76243 8.18126 8.58692 8.97939 9.35182 9.70361 10.02963 10.32928 10.60087 10.83922 11.04204 11.20763 11.33597 11.42249 11.4666 11.47806 11.45228 11.37894 11.25862 11.09132 10.87359 10.6129 10.30522 9.95571 9.56209 9.13237 8.66942 8.18929 7.67878 7.14192 6.58844 6.01663 5.43164 4.83347 4.26051 3.79928 3.54604
2.95245 2.8625 2.83385 2.82239 2.82239 2.83385 2.85104 2.87969 2.91349 2.95761 3.00173 3.05043 3.09856 3.14497 3.18679 3.22747 3.26299 3.29279 3.318 3.424 3.66808 3.95112 4.2565 4.61288 4.99848 5.40414 5.81724 6.23321 6.65204 7.07202 7.48455 7.88676 8.28039 8.66083 9.02237 9.36328 9.68069 9.97118 10.2336 10.46393 10.6616 10.82489 10.97386 11.08158 11.15033 11.18242 11.16466 11.09705 10.97787 10.80713 10.58769 10.32069 10.00442 9.64116 9.23952 8.80063 8.33253 7.83176 7.30006 6.75746 6.20742 5.64192 5.06323 4.47308 3.92591 3.56895 3.35639
2.74561 2.66712 2.59894 2.54107 2.54107 2.55425 2.57315 2.61154 2.65509 2.70952 2.76911 2.83385 2.9026 2.96907 3.02923 3.08767 3.15069 3.20226 3.2481 3.36154 3.56895 3.81647 4.10868 4.44386 4.80597 5.18985 5.58462 5.98454 6.38733 6.7884 7.18489 7.57565 7.95323 8.32049 8.66942 9.00231 9.30942 9.59074 9.84571 10.08635 10.31095 10.52065 10.6891 10.81057 10.88677 10.9137 10.88964 10.81859 10.69368 10.52065 10.29892 10.02791 9.7082 9.34666 8.94043 8.49295 8.00938 7.49314 6.95456 6.40223 5.8287 5.25803 4.69023 4.11269 3.62797 3.36154 3.17132
2.56685 2.48893 2.40929 2.34053 2.27636 2.28324 2.31188 2.35428 2.41559 2.48263 2.55425 2.64248 2.72728 2.81036 2.9026 2.98511 3.06131 3.13523 3.22747 3.36613 3.50879 3.69902 3.95914 4.26452 4.59913 4.96239 5.33767 5.71926 6.10257 6.48932 6.87091 7.24677 7.60945 7.96354 8.30159 8.61958 8.91752 9.208 9.50594 9.78784 10.03135 10.23475 10.39632 10.5132 10.5831 10.60545 10.57852 10.50289 10.37627 10.20037 9.97634 9.70361 9.38562 9.02065 8.61442 8.16809 7.68336 7.16885 6.62225 6.05445 5.4792 4.89363 4.31036 3.76491 3.37128 3.16101 3.00746
2.39554 2.29756 2.21792 2.14286 2.08041 2.03343 2.05692 2.11192 2.18813 2.27636 2.36803 2.47575 2.58633 2.69176 2.7989 2.90776 3.00173 3.11976 3.26299 3.39535 3.52254 3.66808 3.81647 4.08061 4.39229 4.72404 5.07927 5.4431 5.80865 6.17591 6.54146 6.89898 7.24906 7.58883 7.91369 8.22424 8.56629 8.89975 9.20629 9.47901 9.71507 9.91102 10.06572 10.17802 10.24391 10.26225 10.2336 10.15625 10.02619 9.85086 9.6234 9.35182 9.03268 8.66942 8.26262 7.81973 7.3373 6.82393 6.28535 5.71926 5.13313 4.53783 3.95112 3.41483 3.15585 2.95761 2.95761
2.26204 2.14286 2.03343 1.95092 1.89133 1.84722 1.83805 1.90852 2.00077 2.1039 2.22537 2.34741 2.47575 2.60524 2.72728 2.85104 2.99657 3.16101 3.30769 3.44806 3.57354 3.67724 3.82048 3.95914 4.17572 4.48798 4.80941 5.15261 5.49925 5.85047 6.19711 6.54146 6.87549 7.19979 7.52924 7.8988 8.24945 8.57317 8.87111 9.13409 9.36156 9.55464 9.70361 9.81248 9.87264 9.88925 9.85831 9.77638 9.64804 9.47099 9.24582 8.97424 8.65682 8.29356 7.89077 7.45017 6.97347 6.46755 5.92782 5.37091 4.79279 4.19921 3.61021 3.17648 2.93584 2.85677 2.90776
2.16578 2.02541 1.89133 1.78362 1.72804 1.68965 1.67991 1.73721 1.86498 2.00077 2.13484 2.27636 2.42247 2.56685 2.70321 2.87396 3.04527 3.212 3.37128 3.50879 3.63656 3.75173 3.85085 3.95914 4.08863 4.24504 4.54184 4.85353 5.18355 5.51128 5.84245 6.17076 6.48932 6.83309 7.20437 7.56362 7.90338 8.2145 8.50269 8.75938 8.97939 9.16503 9.30942 9.41427 9.47099 9.48589 9.45266 9.37244 9.24296 9.06591 8.84188 8.57145 8.25689 7.8988 7.50174 7.06514 6.59589 6.09169 5.56113 5.0088 4.43985 3.85486 3.32717 2.98511 2.75765 2.81036 2.83958
2.15776 2.00077 1.85581 1.7183 1.61001 1.61975 1.64038 1.70856 1.82945 1.95952 2.12739 2.29756 2.45627 2.61784 2.80463 2.99657 3.16616 3.33175 3.4853 3.61937 3.73912 3.84627 3.93851 4.02044 4.08863 4.20265 4.33672 4.55616 4.85696 5.16751 5.4792 5.78917 6.12606 6.49448 6.85487 7.1975 7.52523 7.82947 8.10506 8.35544 8.56858 8.74792 8.88887 8.98856 9.04528 9.05732 9.02351 8.94043 8.81381 8.63848 8.4179 8.14975 7.84035 7.48684 7.09436 6.66636 6.19998 5.70781 5.18355 4.64096 4.08462 3.56437 3.13523 2.79317 2.70952 2.75134 2.76338
2.18813 2.03343 1.88217 1.76528 1.65986 1.61001 1.68965 1.76528 1.90852 2.0489 2.19557 2.35428 2.54107 2.76338 2.98511 3.19195 3.37587 3.54604 3.69902 3.82507 3.92992 4.01586 4.08863 4.15165 4.20265 4.24103 4.30234 4.4112 4.54527 4.81285 5.10792 5.41961 5.77828 6.13122 6.47729 6.80731 7.12416 7.41522 7.68336 7.92343 8.13256 8.30732 8.44253 8.54051 8.59379 8.60525 8.57145 8.49181 8.36461 8.1933 7.97557 7.7143 7.4072 7.05999 6.67324 6.25154 5.79776 5.31017 4.79909 4.27197 3.77751 3.36154 2.95761 2.66712 2.66712 2.67342 2.67972
2.21792 2.07239 1.93373 1.83805 1.75612 1.69882 1.75612 1.85581 2.00077 2.15776 2.33308 2.48893 2.70321 2.94099 3.18679 3.41483 3.62339 3.80788 3.96716 4.10467 4.21067 4.29088 4.35505 4.38886 4.40719 4.41865 4.41464 4.40719 4.47652 4.5808 4.74524 5.06667 5.41044 5.74447 6.07851 6.39707 6.6973 6.98206 7.23989 7.47423 7.67706 7.84437 7.97729 8.07126 8.12454 8.13428 8.10105 8.0237 7.90109 7.73149 7.51835 7.26052 6.9643 6.62225 6.24409 5.83156 5.38638 4.91369 4.42209 3.96716 3.56437 3.15585 2.77541 2.62988 2.60524 2.58633 2.57315
2.25459 2.11937 2.00879 1.92571 1.85581 1.79278 1.82029 1.94233 2.08041 2.26891 2.44939 2.66712 2.90776 3.15069 3.39076 3.64115 3.86747 4.06857 4.25249 4.40375 4.52407 4.61976 4.68278 4.71716 4.72404 4.70685 4.67247 4.61976 4.57048 4.55215 4.67935 4.84035 5.05979 5.34398 5.65968 5.96277 6.25383 6.52656 6.77866 7.00326 7.19979 7.36595 7.49543 7.58424 7.63925 7.64956 7.61805 7.54184 7.4221 7.25823 7.05082 6.80273 6.50995 6.17878 5.80865 5.40414 4.9727 4.53095 4.12071 3.73912 3.3518 2.94672 2.64878 2.58633 2.52846 2.48263 2.44939
2.29069 2.17323 2.08041 2.00077 1.94233 1.89133 1.89993 2.01681 2.16578 2.36116 2.59894 2.85677 3.1146 3.36154 3.61021 3.85887 4.10467 4.32927 4.52407 4.69023 4.83003 4.9366 5.01166 5.05979 5.07641 5.06323 5.02083 4.95608 4.86384 4.79909 4.77274 4.81285 4.92686 5.07297 5.31361 5.55253 5.7949 6.0596 6.30024 6.51969 6.7122 6.87091 6.99868 7.08978 7.13963 7.15109 7.12416 7.05082 6.93394 6.77694 6.57584 6.33405 6.04929 5.72786 5.36804 4.98588 4.60601 4.24906 3.88866 3.51338 3.13007 2.74561 2.60524 2.52846 2.44252 2.37491 2.31933
2.34053 2.21047 2.14286 2.07239 2.02541 1.98415 1.98415 2.08041 2.24714 2.48263 2.76338 3.03954 3.31284 3.56895 3.82908 4.07659 4.33958 4.57736 4.78935 4.96926 5.12052 5.24256 5.32851 5.38638 5.41331 5.40758 5.37091 5.31017 5.22423 5.13657 5.05979 5.00536 4.95952 5.03401 5.10792 5.25173 5.46716 5.67114 5.85907 6.03038 6.21258 6.369 6.49448 6.58329 6.63714 6.64975 6.61995 6.55177 6.44463 6.2928 6.09742 5.86136 5.59035 5.28611 4.97557 4.65872 4.33958 4.0044 3.65031 3.27789 2.89687 2.61784 2.54107 2.44939 2.34741 2.25459 2.17323
2.37491 2.26891 2.19557 2.14286 2.09645 2.05692 2.05692 2.15031 2.34741 2.62415 2.91922 3.212 3.49963 3.77751 4.03649 4.2989 4.56304 4.81628 5.04031 5.23626 5.40127 5.53191 5.63332 5.69635 5.73072 5.73302 5.70494 5.64765 5.56399 5.47003 5.37091 5.28324 5.20532 5.12396 5.10448 5.16521 5.22423 5.36804 5.51128 5.66827 5.81151 5.93298 6.02752 6.09169 6.13122 6.14497 6.12091 6.05674 5.95475 5.81151 5.63619 5.42878 5.19615 4.94921 4.68278 4.39974 4.08863 3.75631 3.40967 3.03954 2.68545 2.56055 2.46945 2.36116 2.24026 2.12739 2.01681
2.42247 2.31933 2.25459 2.20302 2.16578 2.13484 2.15031 2.25459 2.46945 2.75765 3.06647 3.37587 3.67724 3.96315 4.23416 4.50574 4.77618 5.04375 5.27981 5.49065 5.66254 5.80635 5.91407 5.98741 6.02752 6.0384 6.01147 5.95991 5.87855 5.77541 5.67114 5.56686 5.4643 5.35028 5.25517 5.16178 5.16751 5.20246 5.26777 5.38924 5.49925 5.58748 5.65681 5.70208 5.73302 5.73588 5.70781 5.64765 5.55253 5.43164 5.27981 5.10448 4.89994 4.66903 4.4112 4.13217 3.82507 3.49963 3.15585 2.7989 2.58633 2.48893 2.37491 2.25459 2.11937 1.98415 1.95952
2.46945 2.36116 2.29756 2.26204 2.21792 2.23282 2.29069 2.36803 2.58633 2.87969 3.20742 3.52254 3.83767 4.13217 4.41865 4.69367 4.979 5.25803 5.50842 5.72499 5.90834 6.0596 6.17591 6.2567 6.30254 6.31285 6.29795 6.24925 6.16789 6.0596 5.94444 5.82011 5.70781 5.58748 5.46086 5.33195 5.21793 5.13657 5.13943 5.16178 5.22136 5.30731 5.37091 5.41331 5.43393 5.42534 5.39554 5.33481 5.246 5.13313 4.98874 4.81628 4.61689 4.38886 4.13618 3.85887 3.55979 3.24294 2.9026 2.62415 2.50898 2.39554 2.27636 2.14286 1.99275 1.89993 1.94233
2.51528 2.40241 2.34053 2.31188 2.30501 2.36803 2.42247 2.48263 2.69176 2.99657 3.33691 3.66349 3.98378 4.29088 4.5808 4.86728 5.16751 5.458 5.7164 5.94157 6.13409 6.2928 6.41197 6.49963 6.55177 6.56896 6.55177 6.50479 6.42515 6.31801 6.18909 6.05674 5.91121 5.78917 5.65681 5.51701 5.36804 5.22767 5.11078 5.04031 5.02427 5.0277 5.06953 5.11078 5.13026 5.12052 5.08901 5.03057 4.94577 4.83003 4.69023 4.52064 4.32125 4.10066 3.85486 3.58271 3.29279 2.97422 2.67972 2.54794 2.42247 2.29756 2.15776 2.00879 1.89993 1.89993 1.94233
2.56685 2.44252 2.38866 2.36803 2.44252 2.50898 2.55425 2.59263 2.79317 3.10887 3.45264 3.79069 4.1167 4.42954 4.72404 5.02427 5.34398 5.63905 5.90548 6.13924 6.33921 6.50193 6.6274 6.71908 6.77179 6.79299 6.77866 6.73168 6.65204 6.54432 6.41197 6.2567 6.10716 5.94959 5.81438 5.66827 5.51415 5.35314 5.19272 5.04375 4.92686 4.8604 4.83003 4.79909 4.81628 4.80941 4.77961 4.7206 4.63408 4.52407 4.38485 4.21869 4.02446 3.81189 3.56895 3.3031 3.01834 2.72728 2.57315 2.44939 2.32621 2.18068 2.03343 1.89993 1.89993 1.91712 1.95952
2.61784 2.48893 2.42247 2.50211 2.57315 2.62988 2.66712 2.69176 2.88542 3.20226 3.5552 3.9007 4.23416 4.54871 4.85353 5.16751 5.50211 5.80635 6.07851 6.31801 6.51969 6.68814 6.81705 6.91044 6.96889 6.98722 6.97347 6.92706 6.84513 6.73626 6.60105 6.43947 6.26415 6.09971 5.93298 5.77828 5.62186 5.45513 5.28611 5.11422 4.94577 4.80253 4.67591 4.60945 4.54871 4.49142 4.45818 4.40375 4.32125 4.21067 4.07659 3.9133 3.72996 3.51796 3.28305 3.0235 2.77541 2.61784 2.48263 2.34741 2.20302 2.05692 1.93373 1.90852 1.91712 1.94233 2.13484
2.67342 2.54107 2.54794 2.63618 2.69806 2.74561 2.76911 2.78687 2.96907 3.2882 3.65031 3.99638 4.33271 4.65471 4.96926 5.30731 5.64478 5.95475 6.23092 6.4727 6.6784 6.84742 6.97977 7.07431 7.13046 7.15109 7.13504 7.08577 7.00326 6.89211 6.75288 6.59073 6.40452 6.21258 6.02752 5.85047 5.68775 5.51415 5.34111 5.16178 4.98588 4.81285 4.6444 4.5023 4.36995 4.28744 4.1952 4.08863 4.0044 3.9007 3.77293 3.61937 3.43832 3.23263 3.00173 2.82239 2.66139 2.50898 2.37491 2.22537 2.08041 1.96754 1.94233 1.93373 1.95092 2.04088 2.30501
2.72728 2.62415 2.67972 2.75765 2.81609 2.85104 2.86823 2.87396 3.04527 3.37128 3.72996 4.08061 4.42209 4.74524 5.06667 5.42878 5.76969 6.08137 6.36155 6.60563 6.81247 6.98206 7.1127 7.20666 7.26281 7.28229 7.2651 7.21125 7.12817 7.01415 6.87091 6.70246 6.51224 6.30254 6.09742 5.89516 5.71354 5.53764 5.35601 5.17381 4.98874 4.80941 4.63007 4.45475 4.2989 4.15165 4.00841 3.89669 3.77751 3.64573 3.50879 3.3518 3.18679 3.01261 2.85677 2.69176 2.54107 2.40241 2.25459 2.09645 2.00879 1.98415 1.96754 1.96754 1.98415 2.20302 2.44939
2.78114 2.76911 2.81609 2.87396 2.91922 2.94672 2.95761 2.94672 3.10887 3.43374 3.79928 4.15165 4.49142 4.81972 5.16521 5.53477 5.88084 6.19195 6.46984 6.71449 6.92248 7.08978 7.22041 7.31094 7.36595 7.38313 7.35907 7.30407 7.21583 7.09895 6.94998 6.77694 6.58099 6.36671 6.13695 5.91923 5.70781 5.51988 5.33481 5.14917 4.95608 4.77274 4.58481 4.40375 4.23015 4.06055 3.90929 3.76491 3.61937 3.47671 3.33691 3.18679 3.03954 2.87969 2.72155 2.57315 2.42934 2.27636 2.12739 2.06494 2.03343 2.00879 2.00077 2.01681 2.11937 2.36116 2.58633
2.91922 2.91922 2.93584 2.97995 3.01834 3.03954 3.03438 3.01261 3.16616 3.49447 3.85887 4.21067 4.55215 4.88332 5.25517 5.62759 5.97079 6.28248 6.55922 6.80044 7.00556 7.17343 7.30006 7.38714 7.43757 7.45017 7.4221 7.36136 7.26854 7.14421 6.9918 6.81247 6.61251 6.39192 6.15471 5.90548 5.68202 5.46716 5.27694 5.08557 4.89019 4.69711 4.51319 4.32526 4.14821 3.97174 3.80329 3.64573 3.49447 3.34665 3.20226 3.05043 2.89687 2.74561 2.59263 2.44939 2.29756 2.18068 2.12739 2.08041 2.05692 2.0489 2.0489 2.06494 2.28324 2.50211 2.70952
3.0722 3.06131 3.05616 3.07736 3.10887 3.1146 3.09856 3.06647 3.212 3.54604 3.90929 4.26051 4.59913 4.94004 5.33195 5.70208 6.04413 6.3541 6.6274 6.86346 7.06514 7.22729 7.35048 7.43298 7.47538 7.48226 7.45017 7.38485 7.28459 7.15338 6.9941 6.81018 6.60334 6.37702 6.13409 5.88084 5.62473 5.39554 5.18355 4.98874 4.79279 4.59512 4.40375 4.21468 4.03248 3.85887 3.68584 3.51796 3.35639 3.20226 3.05616 2.90776 2.75765 2.61154 2.46257 2.31933 2.24714 2.18813 2.15031 2.11192 2.09645 2.08843 2.09645 2.21792 2.42247 2.62415 2.81609
3.23263 3.20226 3.17132 3.17648 3.19195 3.18163 3.16101 3.1146 3.25268 3.59187 3.94653 4.2989 4.62663 5.00536 5.39554 5.76166 6.09971 6.40223 6.67095 6.90586 7.09895 7.25594 7.36996 7.44788 7.48226 7.48226 7.44329 7.36996 7.2651 7.12588 6.95972 6.7695 6.55636 6.32374 6.07335 5.81438 5.5468 5.29241 5.05979 4.85696 4.65872 4.4622 4.26796 4.07659 3.89669 3.71678 3.54604 3.38102 3.21716 3.06647 2.91349 2.76338 2.61784 2.46945 2.37491 2.30501 2.25459 2.21047 2.18068 2.15776 2.14286 2.14286 2.16578 2.36116 2.55425 2.73931 2.91922
3.37587 3.33175 3.28305 3.26815 3.26299 3.2481 3.20226 3.14497 3.2882 3.62339 3.97976 4.32125 4.6656 5.05693 5.44883 5.80635 6.13924 6.43718 6.6973 6.92477 7.11041 7.25823 7.36365 7.43069 7.45876 7.45246 7.40491 7.32412 7.20666 7.06285 6.88982 6.69043 6.4727 6.23321 5.97939 5.71354 5.44023 5.16178 4.91999 4.69711 4.49485 4.2989 4.10467 3.9133 3.73454 3.5552 3.38561 3.22231 3.06647 2.91349 2.76338 2.61784 2.50211 2.43564 2.37491 2.31933 2.26891 2.24026 2.21792 2.20302 2.20302 2.20302 2.30501 2.48893 2.66712 2.84531 3.00173
3.51338 3.4578 3.39076 3.34665 3.32201 3.29795 3.2481 3.17132 3.318 3.65432 4.0044 4.33958 4.70055 5.10448 5.48779 5.83729 6.16044 6.44979 6.70246 6.91789 7.09436 7.23187 7.331 7.38714 7.4072 7.38944 7.33329 7.23989 7.11728 6.9643 6.78325 6.57584 6.35124 6.10257 5.84474 5.57259 5.29528 5.0151 4.74867 4.51319 4.30234 4.10467 3.9133 3.72594 3.54604 3.37128 3.20742 3.04527 2.89115 2.74561 2.62988 2.55425 2.48893 2.42934 2.37491 2.33308 2.29756 2.27636 2.26891 2.26204 2.26204 2.26891 2.42934 2.60524 2.76911 2.93068 3.07736
3.64115 3.57354 3.4853 3.41483 3.37587 3.33691 3.27273 3.19195 3.34206 3.68125 4.02446 4.35505 4.74524 5.14287 5.51128 5.8562 6.1656 6.44463 6.68814 6.89211 7.05769 7.18489 7.26854 7.31495 7.32641 7.29318 7.22958 7.12588 6.9941 6.8308 6.6423 6.42744 6.19195 5.94157 5.67629 5.40127 5.12052 4.83691 4.55215 4.31036 4.08863 3.89268 3.70818 3.52254 3.34206 3.17648 3.01834 2.8625 2.73931 2.66712 2.59894 2.53477 2.48263 2.42934 2.39554 2.36116 2.34053 2.31933 2.31188 2.31188 2.31933 2.38866 2.54794 2.71525 2.86823 3.01261 3.14497
