data/slope_sharpnack_modal.txt
ncols	401
nrows	401
xllcorner	0.0
yllcorner	0.0
cellsize	10.0
NODATA_value	-9999.0
[rows 150 to 179 of 401, columns 268 to 334 of 401]
1.72804 1.77445 1.82029 1.88217 1.93373 1.99275 2.04088 2.08041 2.11192 2.13484 2.14286 2.14286 2.12739 2.1039 2.06494 2.01681 1.95092 1.87357 1.79278 1.69882 1.5997 1.4937 1.39171 1.28113 1.17399 1.0869 0.99236 0.94137 0.90585 0.90585 0.92361 0.97575 1.04106 1.11669 1.20207 1.28113 1.36765 1.44901 1.50459 1.56876 1.61975 1.65012 1.6696 1.6696 1.65012 1.63006 1.57907 1.51547 1.44901 1.37968 1.29374 1.20207 1.14592 1.0869 1.072 1.0869 1.16024 1.26853 1.43755 1.64038 1.85581 2.09645 2.35428 2.61784 2.89687 3.17132 3.44348
1.78362 1.82029 1.86498 1.90852 1.95952 2.00077 2.04088 2.08041 2.11192 2.12739 2.14286 2.14286 2.12739 2.11192 2.07239 2.02541 1.97613 1.89993 1.82029 1.73721 1.65012 1.54756 1.43755 1.35562 1.25535 1.17399 1.10237 1.04106 1.00898 1.00898 1.02502 1.072 1.13159 1.21524 1.29374 1.37968 1.44901 1.53667 1.61001 1.6696 1.70856 1.75612 1.77445 1.79278 1.77445 1.75612 1.72804 1.6696 1.61001 1.53667 1.46047 1.37968 1.30634 1.24217 1.20207 1.18831 1.22899 1.30634 1.42609 1.58938 1.79278 2.00879 2.25459 2.50898 2.76338 3.03438 3.30769
1.86498 1.88217 1.90852 1.93373 1.97613 2.00879 2.0489 2.08041 2.1039 2.12739 2.14286 2.14286 2.13484 2.11192 2.08843 2.04088 1.99275 1.93373 1.85581 1.77445 1.68965 1.5997 1.50459 1.41463 1.33155 1.25535 1.18831 1.14592 1.10237 1.11669 1.13159 1.17399 1.21524 1.30634 1.37968 1.46047 1.54756 1.61975 1.69882 1.75612 1.82029 1.86498 1.89133 1.89993 1.89993 1.89133 1.86498 1.82029 1.76528 1.69882 1.61975 1.54756 1.47136 1.40317 1.34359 1.30634 1.30634 1.34359 1.43755 1.56876 1.72804 1.92571 2.15031 2.38866 2.63618 2.89687 3.16101
1.94233 1.94233 1.95952 1.97613 2.00879 2.03343 2.06494 2.08843 2.11192 2.12739 2.14286 2.14286 2.14286 2.12739 2.09645 2.05692 2.00879 1.95952 1.89133 1.82029 1.73721 1.65986 1.56876 1.4937 1.40317 1.34359 1.28113 1.22899 1.20207 1.21524 1.22899 1.26853 1.31895 1.39171 1.47136 1.54756 1.63006 1.70856 1.79278 1.85581 1.91712 1.95952 2.00077 2.01681 2.02541 2.01681 2.00077 1.96754 1.90852 1.84722 1.79278 1.70856 1.63006 1.54756 1.47136 1.42609 1.40317 1.40317 1.46047 1.54756 1.68965 1.84722 2.0489 2.26891 2.50898 2.75765 3.01261
2.02541 2.01681 2.01681 2.02541 2.04088 2.06494 2.08041 2.1039 2.11937 2.14286 2.15031 2.15031 2.15031 2.13484 2.11192 2.08041 2.04088 1.98415 1.92571 1.86498 1.79278 1.7183 1.64038 1.55787 1.48224 1.42609 1.37968 1.33155 1.31895 1.31895 1.33155 1.36765 1.42609 1.4937 1.55787 1.64038 1.7183 1.81112 1.88217 1.95092 2.00879 2.06494 2.1039 2.12739 2.14286 2.14286 2.12739 2.1039 2.05692 2.00077 1.93373 1.85581 1.77445 1.69882 1.61975 1.55787 1.4937 1.48224 1.4937 1.55787 1.65012 1.78362 1.95092 2.15776 2.37491 2.61154 2.85677
2.11937 2.09645 2.08041 2.08041 2.08041 2.08843 2.1039 2.12739 2.14286 2.15031 2.15776 2.15776 2.15776 2.15031 2.12739 2.09645 2.06494 2.01681 1.96754 1.90852 1.84722 1.77445 1.70856 1.64038 1.57907 1.51547 1.47136 1.43755 1.41463 1.41463 1.42609 1.47136 1.51547 1.57907 1.65012 1.72804 1.81112 1.89133 1.96754 2.04088 2.1039 2.16578 2.20302 2.24026 2.25459 2.26204 2.24714 2.22537 2.18813 2.14286 2.07239 2.00879 1.92571 1.83805 1.74695 1.6696 1.5997 1.54756 1.53667 1.55787 1.61975 1.7183 1.86498 2.04088 2.24026 2.46257 2.69806
2.21047 2.18068 2.15031 2.13484 2.13484 2.13484 2.13484 2.15031 2.15776 2.16578 2.17323 2.18068 2.17323 2.16578 2.15031 2.12739 2.09645 2.05692 2.00879 1.95952 1.89993 1.84722 1.77445 1.7183 1.65986 1.5997 1.56876 1.53667 1.51547 1.51547 1.52636 1.56876 1.61001 1.67991 1.74695 1.82029 1.89993 1.97613 2.05692 2.12739 2.19557 2.25459 2.29756 2.34053 2.36116 2.37491 2.36803 2.34741 2.31188 2.26891 2.21047 2.13484 2.05692 1.96754 1.87357 1.78362 1.69882 1.63006 1.58938 1.57907 1.5997 1.65986 1.77445 1.92571 2.1039 2.31188 2.53477
2.31188 2.26891 2.22537 2.20302 2.18813 2.17323 2.17323 2.17323 2.18068 2.18068 2.19557 2.19557 2.18813 2.18813 2.17323 2.15776 2.12739 2.09645 2.05692 2.00879 1.96754 1.90852 1.84722 1.79278 1.74695 1.69882 1.65986 1.64038 1.61001 1.61975 1.63006 1.6696 1.70856 1.76528 1.82945 1.90852 1.98415 2.05692 2.13484 2.21047 2.27636 2.34053 2.39554 2.43564 2.46257 2.46945 2.47575 2.45627 2.42934 2.38866 2.33308 2.26204 2.18068 2.09645 1.99275 1.89133 1.79278 1.70856 1.64038 1.5997 1.57907 1.63006 1.68965 1.81112 1.97613 2.15776 2.36803
2.41559 2.36116 2.31188 2.27636 2.24714 2.22537 2.21047 2.21792 2.20302 2.21047 2.21792 2.21047 2.21792 2.21047 2.19557 2.18813 2.16578 2.13484 2.09645 2.05692 2.01681 1.97613 1.91712 1.87357 1.82945 1.78362 1.74695 1.72804 1.7183 1.70856 1.73721 1.75612 1.80195 1.85581 1.91712 1.99275 2.06494 2.14286 2.21792 2.29756 2.36116 2.41559 2.47575 2.51528 2.54794 2.56685 2.57315 2.56055 2.52846 2.4958 2.43564 2.37491 2.29756 2.20302 2.1039 2.00077 1.89133 1.78362 1.69882 1.63006 1.57907 1.57907 1.61975 1.69882 1.83805 2.00077 2.19557
2.52216 2.45627 2.39554 2.34741 2.31188 2.28324 2.26204 2.24714 2.24714 2.24026 2.24026 2.23282 2.24026 2.23282 2.22537 2.21792 2.19557 2.17323 2.14286 2.11192 2.07239 2.03343 2.00077 1.95092 1.91712 1.87357 1.84722 1.82029 1.81112 1.81112 1.82945 1.85581 1.89133 1.94233 2.00077 2.06494 2.13484 2.21792 2.29069 2.36116 2.42934 2.4958 2.54794 2.59263 2.62415 2.64248 2.65509 2.64878 2.62415 2.59263 2.54107 2.47575 2.39554 2.29756 2.19557 2.08843 1.97613 1.85581 1.75612 1.65986 1.58938 1.54756 1.54756 1.5997 1.69882 1.83805 2.02541
2.62415 2.54794 2.47575 2.42934 2.38179 2.34053 2.31188 2.29069 2.28324 2.26891 2.26891 2.26891 2.26204 2.26204 2.25459 2.24026 2.23282 2.21047 2.18813 2.15776 2.13484 2.1039 2.06494 2.02541 1.99275 1.95952 1.93373 1.91712 1.90852 1.90852 1.90852 1.94233 1.96754 2.02541 2.07239 2.14286 2.20302 2.28324 2.35428 2.42247 2.4958 2.55425 2.61154 2.66139 2.69176 2.71525 2.72728 2.72155 2.70952 2.67342 2.62415 2.56055 2.48263 2.39554 2.29069 2.17323 2.0489 1.92571 1.80195 1.67991 1.58938 1.51547 1.48224 1.50459 1.56876 1.67991 1.84722
2.72155 2.64248 2.56685 2.50211 2.44252 2.40241 2.36803 2.34053 2.32621 2.30501 2.29756 2.29756 2.29069 2.29069 2.28324 2.27636 2.26891 2.24714 2.23282 2.21047 2.18813 2.15776 2.12739 2.09645 2.06494 2.04088 2.01681 2.00077 1.99275 1.99275 2.00077 2.01681 2.0489 2.09645 2.15031 2.20302 2.26891 2.34053 2.41559 2.48263 2.54794 2.61154 2.66712 2.71525 2.75134 2.77541 2.78687 2.79317 2.77541 2.74561 2.69806 2.63618 2.56055 2.46945 2.36116 2.24714 2.11937 1.98415 1.84722 1.7183 1.58938 1.4937 1.42609 1.40317 1.43755 1.51547 1.65986
2.82239 2.73358 2.65509 2.58003 2.51528 2.46257 2.41559 2.38179 2.36116 2.34053 2.32621 2.31933 2.32621 2.31933 2.31933 2.30501 2.29756 2.29756 2.27636 2.26204 2.24026 2.21792 2.19557 2.17323 2.14286 2.11192 2.09645 2.08041 2.07239 2.07239 2.08041 2.09645 2.12739 2.15776 2.21047 2.26204 2.32621 2.38866 2.46257 2.52846 2.59263 2.65509 2.70952 2.75134 2.79317 2.82239 2.83958 2.83958 2.82812 2.7989 2.75765 2.69806 2.62415 2.53477 2.42934 2.31188 2.18068 2.04088 1.89993 1.74695 1.61001 1.48224 1.37968 1.31895 1.30634 1.35562 1.48224
2.91922 2.82239 2.73358 2.65509 2.58633 2.52846 2.47575 2.42934 2.40241 2.37491 2.36803 2.35428 2.34741 2.34741 2.34053 2.34053 2.34053 2.32621 2.31933 2.30501 2.29069 2.27636 2.25459 2.23282 2.21047 2.18813 2.17323 2.15776 2.15031 2.14286 2.15031 2.16578 2.18813 2.22537 2.26891 2.31933 2.37491 2.43564 2.4958 2.56685 2.62415 2.68545 2.73931 2.78687 2.82812 2.85104 2.87396 2.87396 2.8625 2.83958 2.7989 2.74561 2.67342 2.58633 2.47575 2.36116 2.22537 2.08843 1.93373 1.77445 1.61001 1.46047 1.33155 1.22899 1.20207 1.21524 1.29374
3.00746 2.90776 2.81609 2.73358 2.65509 2.58633 2.53477 2.47575 2.44252 2.41559 2.39554 2.38179 2.37491 2.36803 2.37491 2.37491 2.36803 2.36803 2.36116 2.34741 2.34053 2.32621 2.30501 2.29069 2.27636 2.25459 2.24026 2.22537 2.21792 2.21047 2.21792 2.23282 2.24714 2.27636 2.31933 2.36116 2.40929 2.46945 2.52216 2.58633 2.64878 2.70952 2.75765 2.80463 2.84531 2.87396 2.89115 2.9026 2.89115 2.86823 2.83385 2.77541 2.70321 2.62415 2.52216 2.40241 2.26891 2.11937 1.96754 1.80195 1.63006 1.46047 1.29374 1.16024 1.0869 1.05653 1.11669
3.0934 2.99084 2.89115 2.7989 2.72155 2.64248 2.58633 2.52846 2.48263 2.45627 2.42934 2.41559 2.40241 2.40241 2.40241 2.39554 2.39554 2.40241 2.39554 2.39554 2.38179 2.37491 2.36116 2.34741 2.33308 2.31188 2.29756 2.28324 2.28324 2.27636 2.27636 2.28324 2.29756 2.31933 2.35428 2.39554 2.43564 2.48893 2.54107 2.59894 2.66139 2.71525 2.76338 2.81036 2.85104 2.87969 2.89687 2.9026 2.9026 2.88542 2.85104 2.7989 2.73358 2.65509 2.54794 2.42934 2.29756 2.15031 1.99275 1.82029 1.64038 1.46047 1.28113 1.11669 0.97575 0.92361 0.94137
3.17132 3.06647 2.96334 2.86823 2.78114 2.70321 2.62988 2.57315 2.52846 2.48893 2.46257 2.44252 2.42934 2.42247 2.42247 2.42247 2.42247 2.42934 2.42934 2.42247 2.42247 2.41559 2.40929 2.39554 2.38179 2.36803 2.35428 2.34741 2.33308 2.32621 2.32621 2.33308 2.34053 2.35428 2.38866 2.41559 2.45627 2.50211 2.55425 2.60524 2.65509 2.70952 2.75765 2.80463 2.84531 2.87396 2.89687 2.9026 2.89687 2.88542 2.85677 2.80463 2.74561 2.66712 2.56685 2.45627 2.32621 2.18068 2.01681 1.84722 1.65986 1.46047 1.26853 1.072 0.90585 0.78954 0.74714
3.24294 3.13523 3.02923 2.93068 2.83958 2.75765 2.67972 2.61784 2.56055 2.52216 2.48263 2.46257 2.44939 2.44252 2.44252 2.44252 2.44939 2.44939 2.45627 2.45627 2.45627 2.44939 2.44939 2.43564 2.42934 2.41559 2.40241 2.38866 2.37491 2.36803 2.36116 2.36803 2.36803 2.38866 2.40929 2.43564 2.46945 2.50211 2.54794 2.59263 2.64248 2.69176 2.73931 2.78114 2.81609 2.85104 2.87396 2.87969 2.87969 2.86823 2.84531 2.7989 2.74561 2.66712 2.58003 2.46945 2.34053 2.20302 2.04088 1.86498 1.67991 1.47136 1.28113 1.05653 0.8497 0.70187 0.60103
3.3031 3.19195 3.08767 2.97995 2.88542 2.7989 2.72155 2.64878 2.59894 2.54794 2.50898 2.48893 2.46945 2.46257 2.45627 2.45627 2.46257 2.46945 2.47575 2.48263 2.48263 2.48263 2.48263 2.47575 2.46257 2.44939 2.44252 2.42934 2.41559 2.40929 2.40241 2.39554 2.39554 2.40241 2.41559 2.43564 2.46257 2.48893 2.52846 2.57315 2.61784 2.66139 2.70321 2.74561 2.78687 2.81609 2.83958 2.85104 2.85104 2.84531 2.82239 2.78687 2.72728 2.66139 2.57315 2.46945 2.35428 2.21792 2.06494 1.88217 1.70856 1.50459 1.28113 1.072 0.83022 0.62739 0.47957
3.3518 3.24294 3.13523 3.02923 2.93068 2.83385 2.75765 2.68545 2.62415 2.56685 2.52846 2.50211 2.47575 2.47575 2.46945 2.46945 2.47575 2.48263 2.48893 2.4958 2.50211 2.50898 2.50211 2.50211 2.4958 2.48263 2.47575 2.45627 2.44939 2.43564 2.42247 2.41559 2.40929 2.40929 2.41559 2.42934 2.44939 2.47575 2.50211 2.54107 2.58003 2.61784 2.66139 2.70321 2.73931 2.76911 2.78687 2.81036 2.81036 2.80463 2.78687 2.75765 2.70952 2.64878 2.56685 2.46945 2.35428 2.23282 2.08041 1.90852 1.72804 1.53667 1.31895 1.0869 0.8497 0.60103 0.36211
3.39535 3.28305 3.17132 3.06647 2.96907 2.86823 2.78687 2.70952 2.64248 2.58633 2.54107 2.50898 2.48893 2.47575 2.47575 2.47575 2.47575 2.48893 2.50211 2.50898 2.51528 2.51528 2.52216 2.51528 2.50898 2.50211 2.4958 2.48263 2.46945 2.44939 2.43564 2.42247 2.40929 2.40929 2.40929 2.40929 2.42247 2.44252 2.46945 2.4958 2.52846 2.56055 2.59894 2.63618 2.67342 2.70321 2.73358 2.74561 2.75765 2.75765 2.74561 2.72155 2.67972 2.62415 2.55425 2.46257 2.36116 2.23282 2.09645 1.94233 1.75612 1.56876 1.35562 1.14592 0.90585 0.65317 0.36211
3.42915 3.31284 3.20742 3.0934 2.99084 2.89115 2.80463 2.72155 2.65509 2.59894 2.54794 2.50898 2.4958 2.46945 2.47575 2.47575 2.48263 2.48263 2.4958 2.50898 2.52216 2.52846 2.52846 2.52846 2.52216 2.52216 2.50898 2.48893 2.47575 2.44939 2.43564 2.41559 2.40241 2.39554 2.38179 2.38179 2.38866 2.39554 2.41559 2.43564 2.46257 2.4958 2.52846 2.56685 2.59894 2.62988 2.66139 2.68545 2.69806 2.69806 2.69806 2.67342 2.64248 2.59263 2.53477 2.44939 2.36116 2.24714 2.11937 1.96754 1.80195 1.61975 1.41463 1.20207 0.97575 0.72479 0.47957
3.44348 3.33175 3.22231 3.10887 3.00746 2.90776 2.81036 2.72728 2.65509 2.59263 2.54794 2.50898 2.48263 2.46945 2.46257 2.46257 2.46945 2.47575 2.4958 2.50211 2.51528 2.52216 2.52846 2.53477 2.52846 2.52216 2.50898 2.4958 2.46945 2.45627 2.42934 2.40929 2.38179 2.36803 2.35428 2.34053 2.34053 2.34053 2.34741 2.36803 2.38866 2.41559 2.44939 2.48263 2.52216 2.54794 2.58003 2.60524 2.62415 2.63618 2.63618 2.62415 2.59894 2.56055 2.50898 2.44252 2.36116 2.25459 2.13484 2.00077 1.84722 1.67991 1.4937 1.28113 1.0869 0.86918 0.62739
3.44806 3.33691 3.22747 3.11976 3.01261 2.90776 2.81036 2.72728 2.64878 2.59263 2.53477 2.4958 2.46945 2.44939 2.44252 2.44939 2.44939 2.46257 2.48263 2.4958 2.50211 2.51528 2.52216 2.52846 2.52216 2.51528 2.50211 2.48893 2.46257 2.44252 2.41559 2.38866 2.35428 2.33308 2.31188 2.29069 2.28324 2.27636 2.27636 2.28324 2.30501 2.32621 2.36116 2.38866 2.42247 2.45627 2.48893 2.52216 2.54107 2.56055 2.56685 2.56685 2.55425 2.52216 2.48263 2.42247 2.35428 2.26204 2.15776 2.04088 1.89993 1.73721 1.57907 1.39171 1.18831 0.99236 0.78954
3.44348 3.33175 3.22231 3.1146 3.00173 2.9026 2.80463 2.71525 2.63618 2.57315 2.51528 2.46945 2.44252 2.42247 2.41559 2.41559 2.42934 2.43564 2.45627 2.46945 2.48263 2.4958 2.50898 2.50898 2.50898 2.4958 2.48893 2.46945 2.44939 2.42247 2.38866 2.34741 2.31933 2.28324 2.25459 2.23282 2.21047 2.19557 2.19557 2.19557 2.20302 2.23282 2.25459 2.28324 2.31188 2.35428 2.39554 2.42934 2.45627 2.48263 2.50211 2.50898 2.50898 2.48893 2.46257 2.41559 2.36116 2.28324 2.18813 2.08843 1.95952 1.81112 1.65986 1.4937 1.31895 1.14592 0.94137
3.41941 3.31284 3.20742 3.0934 2.98511 2.87969 2.78114 2.69176 2.61154 2.54107 2.48893 2.44252 2.40929 2.38866 2.38866 2.38179 2.38866 2.40929 2.42247 2.44252 2.45627 2.46945 2.47575 2.48263 2.48263 2.46945 2.45627 2.44252 2.41559 2.38179 2.34741 2.31188 2.26891 2.24026 2.19557 2.16578 2.13484 2.11192 2.09645 2.08843 2.09645 2.11192 2.14286 2.16578 2.20302 2.24714 2.29069 2.32621 2.36803 2.40241 2.43564 2.44939 2.45627 2.45627 2.43564 2.40929 2.36803 2.30501 2.22537 2.13484 2.02541 1.89993 1.76528 1.61001 1.44901 1.28113 1.11669
3.38102 3.27789 3.17132 3.06647 2.95761 2.85104 2.75134 2.66139 2.58003 2.50211 2.44939 2.40241 2.36803 2.34741 2.34053 2.34053 2.34741 2.36803 2.38179 2.40241 2.41559 2.42934 2.44252 2.44252 2.44939 2.43564 2.42247 2.40241 2.38179 2.34741 2.30501 2.26204 2.21047 2.17323 2.12739 2.08041 2.0489 2.01681 2.00077 1.98415 1.98415 2.00077 2.01681 2.0489 2.08843 2.13484 2.17323 2.22537 2.27636 2.32621 2.36116 2.38866 2.40929 2.42247 2.42247 2.40929 2.38179 2.33308 2.26891 2.18813 2.09645 1.98415 1.87357 1.72804 1.57907 1.42609 1.26853
3.33175 3.23778 3.13007 3.0235 2.91349 2.80463 2.70952 2.61154 2.52846 2.45627 2.39554 2.35428 2.31933 2.29756 2.28324 2.29069 2.29756 2.31188 2.32621 2.34741 2.37491 2.38866 2.39554 2.40241 2.40929 2.40241 2.38179 2.36116 2.33308 2.29069 2.24714 2.20302 2.15031 2.09645 2.0489 2.00077 1.94233 1.90852 1.88217 1.86498 1.85581 1.87357 1.89133 1.91712 1.95952 2.00879 2.06494 2.12739 2.18813 2.24714 2.29756 2.34053 2.37491 2.40241 2.41559 2.40929 2.40241 2.36803 2.31933 2.25459 2.18068 2.08041 1.97613 1.85581 1.7183 1.57907 1.43755
3.27273 3.17132 3.06647 2.96907 2.85677 2.75134 2.65509 2.56055 2.47575 2.40241 2.34053 2.29069 2.25459 2.23282 2.22537 2.22537 2.23282 2.25459 2.26891 2.29756 2.31188 2.33308 2.34053 2.35428 2.34741 2.34741 2.33308 2.30501 2.27636 2.24026 2.18813 2.13484 2.08041 2.01681 1.95952 1.89993 1.84722 1.79278 1.76528 1.73721 1.72804 1.73721 1.74695 1.79278 1.83805 1.89993 1.95952 2.03343 2.1039 2.17323 2.23282 2.29756 2.34053 2.38866 2.40929 2.42247 2.42247 2.40929 2.37491 2.32621 2.26204 2.18068 2.08041 1.97613 1.85581 1.7183 1.58938
3.1971 3.10371 3.00173 2.89115 2.79317 2.68545 2.58633 2.48893 2.40929 2.32621 2.26891 2.21792 2.18813 2.16578 2.15031 2.15776 2.16578 2.18068 2.20302 2.22537 2.25459 2.26891 2.28324 2.29756 2.29756 2.28324 2.27636 2.24714 2.21047 2.16578 2.11937 2.05692 2.00077 1.93373 1.85581 1.79278 1.73721 1.6696 1.64038 1.5997 1.58938 1.58938 1.61975 1.65986 1.70856 1.78362 1.85581 1.93373 2.01681 2.1039 2.18813 2.25459 2.32621 2.37491 2.41559 2.44252 2.45627 2.45627 2.43564 2.40241 2.35428 2.27636 2.19557 2.09645 1.98415 1.86498 1.73721
