data/slope_4cell_max.txt
ncols	401
nrows	401
xllcorner	0.0
yllcorner	0.0
cellsize	10.0
NODATA_value	-9999.0
[rows 180 to 209 of 401, columns 134 to 200 of 401]
5.71926 5.80865 5.91923 6.06476 6.21487 6.34608 6.45208 6.53917 6.60334 6.64688 6.67324 6.68069 6.66866 6.63943 6.61251 6.57354 6.52198 6.45494 6.37931 6.29566 6.20456 6.11002 6.01147 5.91121 5.81151 5.71354 5.619 5.52904 5.44596 5.36518 5.29528 5.23397 5.17381 5.13026 5.09245 5.05693 5.03057 5.01166 4.99562 4.98874 4.97557 4.9727 4.96239 4.94921 4.9366 4.91655 4.89019 4.85009 4.80253 4.7418 4.6656 4.5808 4.47308 4.35505 4.21869 4.06456 3.9007 3.71678 3.53228 3.35639 3.27273 3.22747 3.39535 3.62797 3.88007 4.1442 4.4261
5.68202 5.78114 5.86422 5.96277 6.08653 6.21774 6.33118 6.42744 6.50193 6.55406 6.59073 6.60792 6.60563 6.58844 6.55922 6.51453 6.4601 6.40452 6.33634 6.26415 6.18393 6.09971 6.01147 5.91923 5.83156 5.74161 5.65681 5.57259 5.49925 5.42534 5.36231 5.30387 5.25173 5.21162 5.17381 5.14631 5.12052 5.10448 5.08901 5.07641 5.06323 5.05349 5.04375 5.0277 5.0088 4.98244 4.94577 4.89994 4.84321 4.77274 4.68679 4.58481 4.46563 4.33271 4.18316 4.01586 3.83366 3.63656 3.43832 3.26299 3.17648 3.16616 3.34206 3.59187 3.85486 4.12472 4.41464
5.61613 5.72499 5.81724 5.8923 5.97366 6.06762 6.17591 6.27446 6.35639 6.42228 6.46468 6.49218 6.50193 6.49448 6.4727 6.43947 6.39421 6.33921 6.27446 6.20227 6.12893 6.04929 5.9685 5.8837 5.80349 5.72499 5.64765 5.57545 5.50498 5.4431 5.38638 5.33481 5.29241 5.25173 5.22136 5.19615 5.17381 5.15891 5.14287 5.13313 5.12052 5.11078 5.09474 5.07927 5.05349 5.02083 4.98244 4.9303 4.86384 4.78305 4.69023 4.57736 4.4473 4.30234 4.13618 3.95513 3.76089 3.55062 3.33691 3.17132 3.08767 3.08767 3.28305 3.53687 3.80788 4.09264 4.38886
5.52618 5.63905 5.73875 5.82011 5.8837 5.94673 6.01147 6.09455 6.17362 6.24639 6.29566 6.33118 6.34895 6.35124 6.3415 6.31571 6.28019 6.23607 6.18164 6.1232 6.0596 5.99027 5.91636 5.84474 5.77255 5.70208 5.63332 5.56972 5.50842 5.45227 5.39841 5.35314 5.31017 5.2735 5.2397 5.21162 5.18985 5.17381 5.16521 5.15261 5.14287 5.13313 5.12052 5.09818 5.07641 5.03744 4.99218 4.9366 4.86384 4.77618 4.67591 4.55215 4.41464 4.2565 4.08462 3.88866 3.68125 3.46238 3.23778 3.08251 2.97995 3.00173 3.20742 3.46697 3.74772 4.0405 4.33958
5.40414 5.52618 5.62759 5.71926 5.78917 5.84474 5.88657 5.93011 5.97652 6.03038 6.08653 6.12606 6.15299 6.16273 6.16044 6.14726 6.1232 6.08653 6.04413 5.99314 5.93871 5.87855 5.82011 5.75593 5.69348 5.63332 5.57259 5.51701 5.4643 5.41674 5.37091 5.32851 5.29528 5.26434 5.23397 5.20876 5.18985 5.16751 5.14917 5.14287 5.13657 5.12683 5.11422 5.09474 5.06667 5.0277 4.98244 4.91999 4.84321 4.75211 4.64783 4.51663 4.36995 4.20265 4.02044 3.81647 3.59646 3.36613 3.13523 2.98511 2.87969 2.9026 3.1146 3.38102 3.67266 3.97174 4.27942
5.25803 5.38294 5.49065 5.58462 5.66254 5.72213 5.76969 5.79776 5.81724 5.84245 5.86136 5.88943 5.91121 5.93298 5.93584 5.93011 5.91407 5.88943 5.8562 5.81724 5.77255 5.72213 5.67114 5.62186 5.56686 5.51415 5.46716 5.42247 5.37721 5.33767 5.30158 5.27064 5.2397 5.21506 5.19272 5.17094 5.15261 5.13657 5.12052 5.09818 5.09245 5.08557 5.07641 5.05693 5.03057 4.99562 4.94577 4.88332 4.80597 4.71029 4.59913 4.46563 4.3138 4.1442 3.94653 3.73454 3.50421 3.26299 3.03954 2.88542 2.76911 2.79317 3.00746 3.28305 3.57354 3.88465 4.20265
5.08557 5.21162 5.32564 5.41961 5.50211 5.56972 5.62186 5.65681 5.67629 5.68489 5.68202 5.674 5.66827 5.66827 5.66827 5.66827 5.66254 5.64765 5.62186 5.59035 5.55769 5.51701 5.4792 5.4368 5.39554 5.35314 5.31361 5.27694 5.24256 5.21162 5.18985 5.16521 5.14287 5.12683 5.11078 5.09818 5.08557 5.07297 5.05979 5.04375 5.0277 5.0151 5.0088 4.99562 4.9727 4.9366 4.89019 4.8266 4.74867 4.65127 4.53783 4.40375 4.24504 4.06857 3.86747 3.65031 3.40967 3.16101 2.93584 2.78114 2.65509 2.67342 2.88542 3.16101 3.46238 3.78209 4.10868
4.88332 5.01166 5.12683 5.22767 5.31361 5.38294 5.44023 5.48206 5.50498 5.51701 5.51415 5.50211 5.4792 5.44596 5.41961 5.38924 5.37091 5.35601 5.34111 5.31934 5.29241 5.26777 5.23626 5.20532 5.17725 5.14631 5.11709 5.09245 5.06953 5.05005 5.03057 5.01854 5.00536 4.99848 4.99218 4.98874 4.98244 4.97557 4.96926 4.95952 4.94921 4.92686 4.91369 4.90337 4.88332 4.85009 4.80941 4.74867 4.66903 4.57736 4.45818 4.32125 4.1677 3.98378 3.78209 3.5552 3.318 3.05616 2.82812 2.67342 2.53477 2.54794 2.75134 3.02923 3.33175 3.65891 3.99237
4.65872 4.78649 4.90337 5.00536 5.09245 5.16521 5.22767 5.27064 5.30158 5.31934 5.32278 5.31361 5.29241 5.26147 5.21793 5.17094 5.11709 5.07297 5.03057 5.00536 4.98874 4.96926 4.94921 4.9303 4.91025 4.89019 4.87644 4.8604 4.84665 4.84035 4.83347 4.83347 4.83003 4.83347 4.83691 4.84035 4.84321 4.84665 4.85009 4.84665 4.84035 4.82316 4.80253 4.78649 4.77274 4.74524 4.70685 4.64783 4.57736 4.48397 4.36995 4.23416 4.07659 3.89268 3.69042 3.46238 3.212 2.95761 2.72728 2.56055 2.42247 2.41559 2.59894 2.87969 3.19195 3.52254 3.86345
4.40719 4.53439 4.65127 4.75555 4.84321 4.91999 4.979 5.0277 5.06323 5.08271 5.09245 5.08901 5.07297 5.04719 5.01166 4.96926 4.91655 4.85696 4.79279 4.73091 4.67591 4.63752 4.61976 4.60945 4.60257 4.59512 4.58825 4.58481 4.58825 4.58825 4.59913 4.60601 4.61689 4.63007 4.6444 4.65872 4.67247 4.68679 4.69711 4.70055 4.70398 4.69711 4.68679 4.66216 4.63408 4.61689 4.5808 4.53439 4.46563 4.3774 4.26796 4.13217 3.97575 3.7947 3.59187 3.36154 3.1146 2.85104 2.61784 2.44939 2.29756 2.26891 2.44252 2.70952 3.03438 3.36613 3.71678
4.12873 4.2565 4.37396 4.47652 4.56647 4.64096 4.70685 4.75555 4.78935 4.81628 4.8266 4.8266 4.81972 4.79909 4.7693 4.73091 4.68278 4.63408 4.57392 4.51319 4.44386 4.37396 4.3138 4.26452 4.24906 4.2565 4.26051 4.27197 4.28343 4.2989 4.31781 4.33958 4.36594 4.39229 4.41865 4.44386 4.46964 4.49485 4.51319 4.53095 4.54184 4.54527 4.54184 4.52751 4.49485 4.46563 4.43985 4.39974 4.33672 4.2565 4.15165 4.02044 3.86747 3.69042 3.4853 3.25784 3.00746 2.74561 2.50898 2.34053 2.17323 2.11937 2.29069 2.53477 2.85677 3.20226 3.55062
3.94252 3.97174 4.07258 4.17572 4.26051 4.33672 4.39974 4.45475 4.48798 4.51663 4.53095 4.53783 4.53095 4.51663 4.49142 4.45818 4.41865 4.37396 4.32526 4.26796 4.20666 4.1442 4.08061 4.01586 3.95513 3.9007 3.89268 3.9133 3.93851 3.97174 4.00039 4.03649 4.07659 4.11269 4.15566 4.1952 4.23416 4.27598 4.30635 4.33672 4.35849 4.37396 4.3774 4.37396 4.35104 4.32125 4.27598 4.24906 4.1952 4.12071 4.02446 3.9007 3.75173 3.58271 3.38102 3.15069 2.90776 2.64248 2.40929 2.22537 2.06494 1.97613 2.11937 2.36116 2.67342 3.01834 3.37587
3.81189 3.82908 3.84226 3.86747 3.94252 4.0044 4.06857 4.1167 4.15967 4.18718 4.20666 4.21067 4.21067 4.19921 4.17973 4.15165 4.1167 4.08061 4.03248 3.98378 3.92992 3.87606 3.82507 3.76491 3.70818 3.65031 3.59646 3.55979 3.56437 3.60104 3.65031 3.7036 3.75173 3.80788 3.86345 3.91731 3.97174 4.02446 4.07258 4.1167 4.14821 4.17572 4.19119 4.19921 4.18718 4.1677 4.13217 4.08061 4.03649 3.97575 3.88465 3.77293 3.63198 3.46238 3.27273 3.05043 2.80463 2.54107 2.30501 2.1039 1.95952 1.85581 1.95092 2.17323 2.47575 2.82239 3.18679
3.68125 3.69902 3.71219 3.72136 3.72594 3.73912 3.76089 3.7947 3.82908 3.85085 3.86345 3.87205 3.86345 3.85486 3.83767 3.81189 3.78209 3.74772 3.71219 3.66808 3.62339 3.57812 3.52713 3.47671 3.43374 3.38561 3.34206 3.29795 3.25784 3.23263 3.26815 3.33691 3.39993 3.47155 3.54145 3.61479 3.68584 3.75173 3.81189 3.87205 3.91731 3.95914 3.99237 4.0044 4.01242 4.00039 3.97575 3.93393 3.87205 3.81647 3.73912 3.63656 3.50879 3.34665 3.16616 2.94672 2.70321 2.44939 2.21047 2.00879 1.86498 1.73721 1.77445 1.99275 2.26891 2.61784 2.98511
3.60104 3.61021 3.61937 3.61479 3.61479 3.61479 3.61937 3.64115 3.65432 3.66349 3.66349 3.65432 3.64115 3.62339 3.59646 3.56437 3.53687 3.49963 3.45264 3.40509 3.35639 3.29795 3.23778 3.19195 3.14038 3.0934 3.05043 3.01834 2.98511 2.95761 2.93584 2.94099 3.01834 3.10887 3.19195 3.28305 3.36613 3.45264 3.53228 3.60562 3.67266 3.72594 3.77293 3.80329 3.82507 3.82507 3.81189 3.78209 3.73454 3.66349 3.58729 3.49963 3.38102 3.22747 3.05043 2.85104 2.61154 2.38866 2.14286 1.94233 1.77445 1.65986 1.61001 1.82029 2.06494 2.40241 2.77541
3.53228 3.54604 3.55979 3.56895 3.57354 3.57812 3.57812 3.58729 3.61479 3.63656 3.64573 3.65031 3.64573 3.63198 3.61021 3.57812 3.54145 3.48989 3.424 3.3518 3.26815 3.18163 3.0934 2.98511 2.91922 2.85104 2.78687 2.73931 2.69806 2.67342 2.66139 2.64878 2.64878 2.71525 2.82239 2.93584 3.03438 3.14038 3.23263 3.32201 3.40509 3.48129 3.54604 3.59187 3.62339 3.64115 3.64115 3.62797 3.58729 3.52713 3.45264 3.35639 3.2481 3.10887 2.94672 2.75134 2.55425 2.33308 2.09645 1.88217 1.70856 1.58938 1.4937 1.64038 1.89133 2.18813 2.55425
3.46697 3.48989 3.50879 3.52713 3.54145 3.5552 3.5552 3.55979 3.57812 3.61021 3.63656 3.65432 3.66349 3.65891 3.65432 3.62797 3.60104 3.55062 3.49963 3.42915 3.34665 3.25784 3.15585 3.03954 2.90776 2.77541 2.64878 2.52846 2.45627 2.40241 2.37491 2.36116 2.36803 2.37491 2.43564 2.56055 2.68545 2.80463 2.91922 3.02923 3.13523 3.22231 3.3031 3.37128 3.41941 3.44806 3.46697 3.46238 3.43832 3.39535 3.33175 3.2481 3.14038 3.00746 2.85677 2.69176 2.4958 2.29069 2.06494 1.84722 1.6696 1.53667 1.41463 1.46047 1.7183 1.98415 2.32621
3.39535 3.424 3.45264 3.47671 3.49447 3.51796 3.52713 3.53687 3.53687 3.56895 3.61021 3.64115 3.66349 3.67266 3.67724 3.66808 3.64115 3.60562 3.5552 3.49963 3.41941 3.33175 3.22747 3.1146 2.97995 2.83958 2.68545 2.52216 2.36803 2.22537 2.12739 2.09645 2.08041 2.1039 2.12739 2.18068 2.32621 2.46945 2.60524 2.72728 2.85104 2.95761 3.05616 3.14038 3.20226 3.25268 3.2882 3.29795 3.29279 3.26815 3.212 3.14038 3.04527 2.93584 2.79317 2.63618 2.45627 2.26891 2.0489 1.83805 1.64038 1.50459 1.39171 1.33155 1.54756 1.80195 2.1039
3.32717 3.36154 3.39535 3.424 3.44806 3.47155 3.49447 3.50421 3.51338 3.51796 3.56895 3.61479 3.64573 3.67266 3.68584 3.68125 3.66808 3.64115 3.60104 3.54604 3.48129 3.39535 3.29795 3.18163 3.05043 2.91349 2.75765 2.58633 2.40929 2.21047 2.05692 1.89993 1.82945 1.81112 1.85581 1.89133 1.96754 2.11937 2.27636 2.42247 2.56685 2.69176 2.80463 2.90776 2.99657 3.06131 3.10887 3.14038 3.14497 3.14038 3.09856 3.04527 2.96334 2.8625 2.73931 2.59263 2.42934 2.25459 2.05692 1.84722 1.64038 1.48224 1.39171 1.30634 1.37968 1.65012 1.92571
3.25784 3.29279 3.33175 3.36613 3.39993 3.42915 3.44806 3.46697 3.47671 3.48129 3.50879 3.56437 3.61937 3.65031 3.67724 3.68584 3.68584 3.66808 3.63198 3.58729 3.52254 3.44348 3.3518 3.23778 3.1146 2.96907 2.81609 2.64248 2.46257 2.26204 2.05692 1.88217 1.7183 1.5997 1.58938 1.65012 1.69882 1.78362 1.95952 2.12739 2.29069 2.42934 2.56685 2.67972 2.78687 2.87396 2.94099 2.98511 3.01261 3.01261 2.99084 2.95245 2.89115 2.80463 2.69176 2.58003 2.45627 2.30501 2.13484 1.95952 1.80195 1.65986 1.56876 1.48224 1.42609 1.56876 1.79278
3.19195 3.22747 3.26815 3.30769 3.34206 3.37128 3.39535 3.41941 3.42915 3.43832 3.43832 3.50421 3.56895 3.61479 3.65031 3.67266 3.67724 3.66808 3.64573 3.61021 3.55062 3.48129 3.39076 3.28305 3.16101 3.0235 2.86823 2.69806 2.52216 2.32621 2.11192 1.89133 1.70856 1.53667 1.40317 1.41463 1.48224 1.53667 1.6696 1.84722 2.02541 2.18068 2.33308 2.46945 2.59263 2.69176 2.81036 2.90776 2.98511 3.03954 3.06647 3.06647 3.04527 3.00173 2.93068 2.83385 2.72155 2.58003 2.41559 2.24026 2.06494 1.91712 1.80195 1.69882 1.63006 1.63006 1.76528
3.42915 3.40509 3.38102 3.35639 3.32717 3.31284 3.34206 3.36154 3.37587 3.38561 3.38561 3.42915 3.49963 3.55979 3.61021 3.64115 3.65891 3.66349 3.65031 3.61479 3.56895 3.50421 3.41941 3.32717 3.20742 3.0722 2.91922 2.75134 2.56685 2.37491 2.16578 1.95092 1.72804 1.54756 1.37968 1.28113 1.30634 1.37968 1.48224 1.6696 1.89133 2.1039 2.31188 2.4958 2.67342 2.82812 2.95761 3.0722 3.16101 3.23263 3.27273 3.2882 3.27789 3.23778 3.18163 3.0934 2.97995 2.85104 2.70321 2.52846 2.34741 2.17323 2.04088 1.93373 1.83805 1.75612 1.81112
3.73454 3.72136 3.71219 3.7036 3.695 3.67724 3.65432 3.63656 3.61021 3.57354 3.54145 3.51338 3.56437 3.61021 3.64573 3.66808 3.68125 3.68584 3.67724 3.65031 3.61021 3.55979 3.4853 3.40509 3.30769 3.19195 3.06131 2.91349 2.74561 2.57315 2.38179 2.18068 1.97613 1.76528 1.57907 1.41463 1.36765 1.40317 1.54756 1.72804 1.95952 2.19557 2.40929 2.61784 2.81036 2.97995 3.12491 3.25268 3.35639 3.43374 3.4853 3.51338 3.51338 3.4853 3.43374 3.35639 3.25784 3.13007 2.98511 2.81609 2.63618 2.45627 2.29756 2.16578 2.0489 1.95952 1.88217
4.02446 4.03649 4.04451 4.05253 4.05253 4.04852 4.04451 4.0405 4.02446 4.00841 3.97976 3.94653 3.98779 4.0405 4.08061 4.11269 4.12873 4.13217 4.12472 4.10066 4.07659 4.03248 3.97174 3.89669 3.79928 3.67724 3.53228 3.37128 3.19195 2.99657 2.78687 2.56055 2.34053 2.1039 1.88217 1.67991 1.54756 1.53667 1.65012 1.82945 2.05692 2.30501 2.53477 2.76338 2.96334 3.14038 3.30769 3.44348 3.5552 3.64573 3.7036 3.74313 3.75173 3.73454 3.69042 3.62339 3.52713 3.40967 3.27273 3.1146 2.93584 2.75134 2.56055 2.40241 2.27636 2.16578 2.07239
4.30635 4.33271 4.35849 4.38141 4.39974 4.41464 4.4261 4.42954 4.42954 4.4261 4.4112 4.38886 4.41464 4.46964 4.51663 4.55215 4.57048 4.59168 4.60601 4.61288 4.59512 4.5596 4.5023 4.42209 4.31781 4.19119 4.0405 3.86747 3.66808 3.45264 3.21716 2.97995 2.72728 2.47575 2.22537 2.00077 1.80195 1.74695 1.79278 1.96754 2.18813 2.44252 2.68545 2.91922 3.13007 3.32717 3.49447 3.64573 3.76491 3.86345 3.93393 3.97976 3.99237 3.98378 3.94653 3.88465 3.79928 3.68584 3.5552 3.39993 3.23263 3.03954 2.85104 2.66712 2.50898 2.38179 2.26891
4.57736 4.61976 4.66216 4.70055 4.73091 4.76243 4.78649 4.80597 4.81972 4.8266 4.82316 4.81628 4.83003 4.89019 4.94348 4.99562 5.05979 5.10792 5.13313 5.13943 5.12683 5.08901 5.02427 4.94004 4.83003 4.69711 4.53783 4.35849 4.15165 3.92591 3.67724 3.40967 3.14038 2.8625 2.58633 2.33308 2.11192 1.98415 1.95952 2.12739 2.34741 2.59894 2.85677 3.0934 3.32201 3.51796 3.695 3.85085 3.97976 4.08863 4.16368 4.21869 4.24103 4.23702 4.20666 4.15165 4.06456 3.96315 3.83366 3.68125 3.51338 3.33175 3.13007 2.93584 2.75134 2.59894 2.46257
4.82316 4.88676 4.94348 4.99848 5.04719 5.09245 5.13026 5.16521 5.19272 5.21162 5.22423 5.23397 5.24256 5.30731 5.40414 5.49409 5.56399 5.61384 5.64192 5.65051 5.63332 5.59608 5.53477 5.4431 5.33195 5.19272 5.0277 4.83691 4.62663 4.38886 4.12873 3.85085 3.55062 3.25268 2.95761 2.66712 2.42247 2.24026 2.19557 2.31933 2.52846 2.78114 3.04527 3.29279 3.51796 3.72594 3.90929 4.07258 4.20666 4.31781 4.40375 4.45818 4.48798 4.48798 4.4622 4.4112 4.33271 4.23015 4.10467 3.96315 3.7947 3.61479 3.41483 3.20742 3.01261 2.82239 2.66712
5.05693 5.13313 5.20532 5.27694 5.33767 5.40127 5.45227 5.50211 5.54394 5.57545 5.61384 5.64478 5.67916 5.76453 5.87568 5.96564 6.04127 6.09742 6.12893 6.13924 6.1232 6.08367 6.01949 5.93011 5.81151 5.66827 5.49638 5.29871 5.07641 4.83347 4.56647 4.27598 3.97174 3.64573 3.32201 3.01834 2.74561 2.52216 2.45627 2.53477 2.73358 2.99084 3.25784 3.49963 3.72996 3.94252 4.13217 4.2989 4.43641 4.55215 4.63752 4.69711 4.72747 4.73492 4.71372 4.6656 4.58825 4.49142 4.36995 4.22614 4.06456 3.88465 3.69042 3.4853 3.27273 3.06647 2.87396
5.26777 5.35601 5.44596 5.53191 5.6104 5.68489 5.75307 5.81724 5.86995 5.93011 5.98454 6.05215 6.11518 6.20227 6.31801 6.41484 6.49448 6.55177 6.58844 6.59818 6.58615 6.54662 6.48015 6.38733 6.26415 6.11804 5.94157 5.73875 5.51128 5.25803 4.979 4.68278 4.3625 4.03248 3.68584 3.35639 3.05616 2.81609 2.71525 2.76911 2.96334 3.212 3.47671 3.72594 3.95914 4.17171 4.3625 4.53095 4.67247 4.78649 4.87644 4.94004 4.9727 4.979 4.96239 4.91655 4.84321 4.74524 4.6232 4.48397 4.32125 4.14019 3.95112 3.74772 3.53687 3.31284 3.10887
5.45227 5.56113 5.66541 5.76166 5.85907 5.94444 6.02522 6.10257 6.18164 6.25899 6.3541 6.44234 6.51969 6.60563 6.72882 6.83309 6.91789 6.97748 7.01701 7.03077 7.01931 6.97748 6.91044 6.81705 6.69043 6.53917 6.35926 6.15013 5.91407 5.65681 5.37091 5.06323 4.73836 4.39631 4.0405 3.67724 3.36154 3.09856 2.96907 3.01261 3.20226 3.4578 3.72136 3.96716 4.1952 4.4112 4.60257 4.76586 4.90681 5.0277 5.11422 5.17725 5.21162 5.22423 5.22423 5.18641 5.11422 5.00536 4.86728 4.72747 4.56647 4.38485 4.1952 3.99237 3.77293 3.55979 3.33691
