data/slope_horn_min.txt
ncols	401
nrows	401
xllcorner	0.0
yllcorner	0.0
cellsize	10.0
NODATA_value	-9999.0
[rows 132 to 164 of 401, columns 148 to 221 of 401]
0.78954 0.31398 0.0 0.0 0.0 0.0 0.0 0.0 0.0 0.0 0.0 0.0 0.0 0.0 0.0 0.0 0.0 0.0 0.0 0.0 0.0 0.0 0.36211 0.67781 1.02502 1.33155 1.64038 1.92571 2.18813 2.45627 2.71525 2.96907 3.20226 3.41483 3.61479 3.78611 3.92992 4.04852 4.13217 4.14019 3.99638 3.75631 3.49963 3.22747 2.93068 2.64878 2.37491 2.14286 1.93373 1.75612 1.64038 1.55787 1.50459 1.46047 1.40317 1.35562 1.30634 1.24217 1.21524 1.21524 1.28113 1.36765 1.4937 1.64038 1.79278 1.94233 2.11192 2.26891 2.43564 2.59263 2.73931 2.89115 3.0235 3.15069
0.76891 0.25611 0.0 0.0 0.0 0.0 0.0 0.0 0.0 0.0 0.0 0.0 0.0 0.0 0.0 0.0 0.0 0.0 0.0 0.0 0.0 0.0 0.18105 0.51222 0.8497 1.17399 1.48224 1.76528 2.04088 2.29069 2.53477 2.78114 3.01834 3.23263 3.42915 3.60562 3.75631 3.88866 3.98378 4.04451 4.0044 3.80329 3.54604 3.28305 3.00173 2.70952 2.44939 2.19557 1.97613 1.79278 1.65986 1.57907 1.52636 1.48224 1.42609 1.37968 1.33155 1.28113 1.25535 1.26853 1.33155 1.42609 1.54756 1.67991 1.82945 1.98415 2.15031 2.31188 2.47575 2.62988 2.78114 2.92495 3.06131 3.19195
0.76891 0.25611 0.0 0.0 0.0 0.0 0.0 0.0 0.0 0.0 0.0 0.0 0.0 0.0 0.0 0.0 0.0 0.0 0.0 0.0 0.0 0.0 0.0 0.36211 0.70187 1.02502 1.33155 1.61975 1.89133 2.14286 2.37491 2.61154 2.84531 3.06131 3.25268 3.43832 3.59646 3.72996 3.84226 3.9219 3.94252 3.81647 3.57354 3.32201 3.05043 2.76338 2.4958 2.24026 2.01681 1.82945 1.68965 1.58938 1.53667 1.4937 1.43755 1.39171 1.34359 1.29374 1.29374 1.31895 1.36765 1.47136 1.58938 1.72804 1.88217 2.04088 2.19557 2.35428 2.51528 2.67342 2.82239 2.96907 3.10371 3.22747
0.74714 0.25611 0.0 0.0 0.0 0.0 0.0 0.0 0.0 0.0 0.0 0.0 0.0 0.0 0.0 0.0 0.0 0.0 0.0 0.0 0.0 0.0 0.0 0.25611 0.57296 0.88751 1.18831 1.47136 1.74695 2.00077 2.23282 2.45627 2.68545 2.89115 3.0934 3.27789 3.44348 3.58271 3.7036 3.79928 3.85486 3.79928 3.59187 3.33691 3.07736 2.80463 2.53477 2.27636 2.0489 1.85581 1.69882 1.58938 1.53667 1.48224 1.43755 1.39171 1.34359 1.30634 1.28113 1.30634 1.37968 1.48224 1.5997 1.74695 1.89993 2.06494 2.22537 2.38179 2.54794 2.70321 2.85677 3.00173 3.14038 3.27273
0.74714 0.25611 0.0 0.0 0.0 0.0 0.0 0.0 0.0 0.0 0.0 0.0 0.0 0.0 0.0 0.0 0.0 0.0 0.0 0.0 0.0 0.0 0.0 0.0 0.44404 0.74714 1.05653 1.34359 1.61001 1.86498 2.1039 2.31933 2.52846 2.74561 2.94672 3.13523 3.3031 3.45264 3.57812 3.68125 3.75173 3.74772 3.58729 3.33691 3.08767 2.82239 2.55425 2.29756 2.06494 1.86498 1.70856 1.5997 1.52636 1.47136 1.42609 1.36765 1.31895 1.28113 1.25535 1.26853 1.34359 1.43755 1.56876 1.7183 1.88217 2.04088 2.20302 2.36803 2.53477 2.69806 2.85104 3.00173 3.14497 3.27789
0.76891 0.25611 0.0 0.0 0.0 0.0 0.0 0.0 0.0 0.0 0.0 0.0 0.0 0.0 0.0 0.0 0.0 0.0 0.0 0.0 0.0 0.0 0.0 0.0 0.31398 0.62739 0.92361 1.21524 1.48224 1.74695 1.98415 2.19557 2.40241 2.61154 2.80463 2.99657 3.17132 3.32201 3.46238 3.57354 3.65432 3.68584 3.56895 3.32201 3.0722 2.82812 2.56685 2.31188 2.07239 1.86498 1.69882 1.58938 1.51547 1.46047 1.40317 1.35562 1.29374 1.25535 1.20207 1.20207 1.24217 1.33155 1.46047 1.61001 1.76528 1.93373 2.1039 2.26891 2.44252 2.60524 2.76338 2.91349 3.05616 3.18679
0.76891 0.31398 0.0 0.0 0.0 0.0 0.0 0.0 0.0 0.0 0.0 0.0 0.0 0.0 0.0 0.0 0.0 0.0 0.0 0.0 0.0 0.0 0.0 0.0 0.18105 0.51222 0.81016 1.10237 1.36765 1.63006 1.86498 2.08041 2.28324 2.48893 2.68545 2.87396 3.05043 3.20742 3.3518 3.47671 3.56895 3.61021 3.53228 3.29279 3.03954 2.7989 2.56055 2.30501 2.06494 1.87357 1.68965 1.57907 1.50459 1.43755 1.37968 1.33155 1.26853 1.21524 1.16024 1.13159 1.14592 1.22899 1.33155 1.46047 1.61975 1.77445 1.94233 2.11192 2.27636 2.43564 2.58633 2.73931 2.87969 3.01261
0.78954 0.31398 0.0 0.0 0.0 0.0 0.0 0.0 0.0 0.0 0.0 0.0 0.0 0.0 0.0 0.0 0.0 0.0 0.0 0.0 0.0 0.0 0.0 0.0 0.0 0.40508 0.70187 0.99236 1.25535 1.51547 1.75612 1.98415 2.18068 2.36803 2.56685 2.76338 2.94099 3.10887 3.25784 3.39076 3.4853 3.54145 3.48129 3.25268 3.00173 2.75765 2.52846 2.29069 2.05692 1.85581 1.68965 1.56876 1.48224 1.42609 1.36765 1.30634 1.24217 1.18831 1.13159 1.072 1.072 1.11669 1.20207 1.31895 1.44901 1.61001 1.76528 1.92571 2.08041 2.24026 2.39554 2.54107 2.68545 2.81609
0.83022 0.36211 0.0 0.0 0.0 0.0 0.0 0.0 0.0 0.0 0.0 0.0 0.0 0.0 0.0 0.0 0.0 0.0 0.0 0.0 0.0 0.0 0.0 0.0 0.0 0.31398 0.60103 0.88751 1.16024 1.41463 1.65986 1.88217 2.08041 2.26891 2.46945 2.66139 2.84531 3.01261 3.17132 3.30769 3.41483 3.47155 3.424 3.1971 2.94672 2.70952 2.47575 2.26204 2.0489 1.83805 1.6696 1.54756 1.47136 1.40317 1.34359 1.28113 1.21524 1.16024 1.10237 1.04106 0.99236 1.02502 1.072 1.16024 1.28113 1.43755 1.57907 1.73721 1.89133 2.0489 2.19557 2.34741 2.48893 2.62415
0.86918 0.40508 0.0 0.0 0.0 0.0 0.0 0.0 0.0 0.0 0.0 0.0 0.0 0.0 0.0 0.0 0.0 0.0 0.0 0.0 0.0 0.0 0.0 0.0 0.0 0.18105 0.51222 0.78954 1.072 1.33155 1.56876 1.79278 2.00077 2.18068 2.37491 2.56685 2.75765 2.93068 3.09856 3.23778 3.3518 3.40967 3.35639 3.13523 2.89115 2.64878 2.41559 2.20302 2.00879 1.81112 1.65986 1.53667 1.46047 1.39171 1.31895 1.25535 1.20207 1.13159 1.072 1.00898 0.94137 0.92361 0.95856 1.02502 1.13159 1.25535 1.40317 1.54756 1.69882 1.85581 2.00077 2.15031 2.29069 2.41559
0.90585 0.44404 0.0 0.0 0.0 0.0 0.0 0.0 0.0 0.0 0.0 0.0 0.0 0.0 0.0 0.0 0.0 0.0 0.0 0.0 0.0 0.0 0.0 0.0 0.0 0.18105 0.44404 0.70187 0.99236 1.24217 1.48224 1.70856 1.91712 2.1039 2.29756 2.48893 2.67342 2.8625 3.02923 3.18163 3.2882 3.34665 3.28305 3.06131 2.82239 2.58003 2.35428 2.13484 1.95092 1.77445 1.63006 1.52636 1.43755 1.37968 1.30634 1.24217 1.17399 1.11669 1.04106 0.97575 0.90585 0.86918 0.8497 0.88751 0.97575 1.0869 1.22899 1.36765 1.50459 1.65986 1.80195 1.94233 2.06494 2.18813
0.94137 0.51222 0.0 0.0 0.0 0.0 0.0 0.0 0.0 0.0 0.0 0.0 0.0 0.0 0.0 0.0 0.0 0.0 0.0 0.0 0.0 0.0 0.0 0.0 0.0 0.0 0.36211 0.65317 0.90585 1.17399 1.41463 1.64038 1.84722 2.03343 2.21792 2.40929 2.61154 2.79317 2.97422 3.13523 3.24294 3.29279 3.20742 2.98511 2.74561 2.50898 2.27636 2.06494 1.88217 1.7183 1.57907 1.4937 1.42609 1.36765 1.29374 1.22899 1.16024 1.10237 1.02502 0.95856 0.88751 0.81016 0.76891 0.78954 0.8497 0.92361 1.05653 1.18831 1.31895 1.44901 1.57907 1.70856 1.82945 1.94233
1.00898 0.57296 0.18105 0.0 0.0 0.0 0.0 0.0 0.0 0.0 0.0 0.0 0.0 0.0 0.0 0.0 0.0 0.0 0.0 0.0 0.0 0.0 0.0 0.0 0.0 0.0 0.31398 0.57296 0.8497 1.10237 1.34359 1.56876 1.77445 1.96754 2.15776 2.35428 2.54794 2.74561 2.92495 3.08767 3.1971 3.24294 3.12491 2.90776 2.66712 2.43564 2.21047 2.00879 1.82029 1.65986 1.53667 1.44901 1.39171 1.34359 1.28113 1.22899 1.16024 1.0869 1.00898 0.94137 0.86918 0.78954 0.72479 0.67781 0.70187 0.74714 0.8497 0.97575 1.10237 1.21524 1.35562 1.47136 1.58938 1.69882
1.05653 0.65317 0.25611 0.0 0.0 0.0 0.0 0.0 0.0 0.0 0.0 0.0 0.0 0.0 0.0 0.0 0.0 0.0 0.0 0.0 0.0 0.0 0.0 0.0 0.0 0.0 0.25611 0.54374 0.78954 1.04106 1.28113 1.51547 1.7183 1.90852 2.08843 2.29756 2.4958 2.69806 2.88542 3.04527 3.15069 3.1971 3.03954 2.82239 2.58633 2.35428 2.13484 1.93373 1.75612 1.61001 1.4937 1.41463 1.36765 1.30634 1.25535 1.18831 1.13159 1.05653 0.99236 0.92361 0.83022 0.74714 0.67781 0.57296 0.54374 0.57296 0.62739 0.74714 0.86918 0.99236 1.11669 1.24217 1.35562 1.46047
1.13159 0.72479 0.31398 0.0 0.0 0.0 0.0 0.0 0.0 0.0 0.0 0.0 0.0 0.0 0.0 0.0 0.0 0.0 0.0 0.0 0.0 0.0 0.0 0.0 0.0 0.0 0.18105 0.47957 0.74714 0.99236 1.24217 1.46047 1.65986 1.85581 2.0489 2.24714 2.45627 2.66139 2.8625 3.01261 3.10887 3.13007 2.94672 2.72728 2.4958 2.27636 2.06494 1.86498 1.69882 1.55787 1.44901 1.39171 1.33155 1.28113 1.21524 1.16024 1.10237 1.02502 0.95856 0.88751 0.78954 0.70187 0.62739 0.51222 0.44404 0.40508 0.40508 0.51222 0.65317 0.76891 0.90585 1.00898 1.13159 1.22899
1.20207 0.81016 0.40508 0.0 0.0 0.0 0.0 0.0 0.0 0.0 0.0 0.0 0.0 0.0 0.0 0.0 0.0 0.0 0.0 0.0 0.0 0.0 0.0 0.0 0.0 0.0 0.18105 0.44404 0.72479 0.95856 1.18831 1.41463 1.61975 1.80195 2.00077 2.21047 2.42934 2.63618 2.83958 2.98511 3.06647 3.04527 2.85104 2.63618 2.40929 2.19557 1.99275 1.81112 1.65012 1.51547 1.43755 1.36765 1.31895 1.25535 1.20207 1.14592 1.072 1.00898 0.94137 0.8497 0.76891 0.67781 0.60103 0.47957 0.40508 0.25611 0.25611 0.31398 0.44404 0.57296 0.67781 0.78954 0.90585 1.00898
1.26853 0.88751 0.51222 0.0 0.0 0.0 0.0 0.0 0.0 0.0 0.0 0.0 0.0 0.0 0.0 0.0 0.0 0.0 0.0 0.0 0.0 0.0 0.0 0.0 0.0 0.0 0.18105 0.44404 0.67781 0.92361 1.16024 1.37968 1.57907 1.76528 1.96754 2.18068 2.40241 2.62415 2.82239 2.95761 3.03438 2.94672 2.75765 2.54107 2.31933 2.11937 1.92571 1.75612 1.61001 1.4937 1.41463 1.35562 1.30634 1.25535 1.20207 1.13159 1.072 0.99236 0.92361 0.8497 0.76891 0.67781 0.57296 0.47957 0.36211 0.25611 0.18105 0.0 0.25611 0.36211 0.47957 0.57296 0.67781 0.78954
1.34359 0.97575 0.60103 0.25611 0.0 0.0 0.0 0.0 0.0 0.0 0.0 0.0 0.0 0.0 0.0 0.0 0.0 0.0 0.0 0.0 0.0 0.0 0.0 0.0 0.0 0.0 0.18105 0.40508 0.67781 0.90585 1.13159 1.34359 1.54756 1.73721 1.94233 2.15776 2.38866 2.61154 2.80463 2.93068 2.98511 2.84531 2.65509 2.44939 2.24026 2.0489 1.86498 1.70856 1.57907 1.48224 1.41463 1.35562 1.30634 1.25535 1.20207 1.14592 1.072 1.00898 0.92361 0.8497 0.76891 0.67781 0.57296 0.47957 0.36211 0.25611 0.18105 0.0 0.0 0.18105 0.25611 0.36211 0.47957 0.57296
1.42609 1.072 0.72479 0.36211 0.0 0.0 0.0 0.0 0.0 0.0 0.0 0.0 0.0 0.0 0.0 0.0 0.0 0.0 0.0 0.0 0.0 0.0 0.0 0.0 0.0 0.0 0.18105 0.40508 0.65317 0.88751 1.11669 1.31895 1.51547 1.70856 1.92571 2.15776 2.38866 2.61784 2.79317 2.9026 2.90776 2.74561 2.55425 2.35428 2.16578 1.98415 1.82029 1.6696 1.55787 1.47136 1.41463 1.36765 1.31895 1.26853 1.21524 1.16024 1.10237 1.02502 0.95856 0.86918 0.78954 0.70187 0.60103 0.47957 0.36211 0.25611 0.18105 0.0 0.0 0.0 0.0 0.18105 0.31398 0.36211
1.51547 1.17399 0.83022 0.47957 0.18105 0.0 0.0 0.0 0.0 0.0 0.0 0.0 0.0 0.0 0.0 0.0 0.0 0.0 0.0 0.0 0.0 0.0 0.0 0.0 0.0 0.0 0.18105 0.40508 0.65317 0.88751 1.10237 1.30634 1.4937 1.69882 1.92571 2.15776 2.39554 2.62415 2.78687 2.87969 2.80463 2.64248 2.45627 2.26204 2.08843 1.92571 1.78362 1.65012 1.54756 1.47136 1.43755 1.39171 1.34359 1.30634 1.25535 1.18831 1.13159 1.072 0.99236 0.90585 0.83022 0.74714 0.62739 0.54374 0.40508 0.31398 0.18105 0.0 0.0 0.0 0.0 0.0 0.0 0.18105
1.5997 1.28113 0.95856 0.62739 0.25611 0.0 0.0 0.0 0.0 0.0 0.0 0.0 0.0 0.0 0.0 0.0 0.0 0.0 0.0 0.0 0.0 0.0 0.0 0.0 0.0 0.0 0.18105 0.40508 0.65317 0.86918 1.0869 1.28113 1.48224 1.68965 1.93373 2.17323 2.41559 2.62415 2.76911 2.82239 2.69806 2.53477 2.35428 2.18068 2.01681 1.87357 1.74695 1.64038 1.55787 1.50459 1.46047 1.42609 1.39171 1.34359 1.29374 1.24217 1.18831 1.11669 1.04106 0.97575 0.88751 0.78954 0.70187 0.60103 0.47957 0.36211 0.18105 0.0 0.0 0.0 0.0 0.0 0.0 0.0
1.68965 1.37968 1.072 0.74714 0.44404 0.0 0.0 0.0 0.0 0.0 0.0 0.0 0.0 0.0 0.0 0.0 0.0 0.0 0.0 0.0 0.0 0.0 0.0 0.0 0.0 0.0 0.18105 0.40508 0.65317 0.86918 1.0869 1.28113 1.48224 1.7183 1.95092 2.19557 2.44252 2.63618 2.75134 2.72728 2.59263 2.42934 2.26204 2.1039 1.96754 1.83805 1.72804 1.64038 1.56876 1.53667 1.50459 1.47136 1.43755 1.39171 1.35562 1.30634 1.25535 1.18831 1.11669 1.04106 0.95856 0.86918 0.76891 0.65317 0.54374 0.40508 0.31398 0.18105 0.0 0.0 0.0 0.0 0.0 0.0
1.77445 1.48224 1.18831 0.88751 0.57296 0.25611 0.0 0.0 0.0 0.0 0.0 0.0 0.0 0.0 0.0 0.0 0.0 0.0 0.0 0.0 0.0 0.0 0.0 0.0 0.0 0.0 0.18105 0.40508 0.62739 0.8497 1.072 1.26853 1.50459 1.74695 1.99275 2.24026 2.47575 2.64248 2.70321 2.61784 2.48263 2.32621 2.18068 2.04088 1.91712 1.81112 1.7183 1.65012 1.61001 1.57907 1.55787 1.52636 1.4937 1.46047 1.42609 1.37968 1.33155 1.26853 1.20207 1.13159 1.05653 0.95856 0.86918 0.76891 0.65317 0.51222 0.36211 0.25611 0.0 0.0 0.0 0.0 0.0 0.0
1.84722 1.58938 1.30634 1.02502 0.72479 0.44404 0.18105 0.0 0.0 0.0 0.0 0.0 0.0 0.0 0.0 0.0 0.0 0.0 0.0 0.0 0.0 0.0 0.0 0.0 0.0 0.0 0.18105 0.40508 0.62739 0.8497 1.05653 1.28113 1.53667 1.79278 2.04088 2.29069 2.50898 2.62415 2.61784 2.50898 2.36803 2.22537 2.09645 1.98415 1.88217 1.79278 1.73721 1.67991 1.65012 1.63006 1.61001 1.58938 1.56876 1.54756 1.50459 1.47136 1.42609 1.36765 1.30634 1.24217 1.16024 1.072 0.97575 0.86918 0.74714 0.62739 0.47957 0.36211 0.18105 0.0 0.0 0.0 0.0 0.0
1.89133 1.6696 1.42609 1.16024 0.88751 0.60103 0.31398 0.0 0.0 0.0 0.0 0.0 0.0 0.0 0.0 0.0 0.0 0.0 0.0 0.0 0.0 0.0 0.0 0.0 0.0 0.0 0.18105 0.40508 0.62739 0.8497 1.04106 1.30634 1.57907 1.85581 2.1039 2.34053 2.50898 2.57315 2.50898 2.38866 2.26204 2.14286 2.03343 1.94233 1.86498 1.79278 1.75612 1.7183 1.69882 1.69882 1.68965 1.6696 1.65986 1.64038 1.61001 1.57907 1.53667 1.4937 1.43755 1.36765 1.29374 1.20207 1.11669 1.00898 0.88751 0.76891 0.62739 0.47957 0.31398 0.18105 0.0 0.0 0.0 0.0
1.85581 1.72804 1.52636 1.28113 1.04106 0.76891 0.51222 0.25611 0.0 0.0 0.0 0.0 0.0 0.0 0.0 0.0 0.0 0.0 0.0 0.0 0.0 0.0 0.0 0.0 0.0 0.0 0.18105 0.44404 0.62739 0.8497 1.0869 1.35562 1.63006 1.91712 2.18813 2.38866 2.48893 2.48263 2.38179 2.26891 2.15776 2.07239 1.97613 1.90852 1.84722 1.81112 1.78362 1.76528 1.76528 1.76528 1.76528 1.76528 1.75612 1.73721 1.7183 1.68965 1.65986 1.61975 1.56876 1.50459 1.43755 1.35562 1.25535 1.16024 1.04106 0.92361 0.76891 0.62739 0.47957 0.31398 0.18105 0.0 0.0 0.0
1.67991 1.67991 1.56876 1.39171 1.17399 0.94137 0.67781 0.44404 0.18105 0.0 0.0 0.0 0.0 0.0 0.0 0.0 0.0 0.0 0.0 0.0 0.0 0.0 0.0 0.0 0.0 0.0 0.25611 0.44404 0.65317 0.86918 1.13159 1.41463 1.70856 1.99275 2.22537 2.36116 2.41559 2.34741 2.24714 2.15776 2.07239 2.00077 1.94233 1.89133 1.85581 1.83805 1.82029 1.82945 1.83805 1.84722 1.85581 1.85581 1.85581 1.85581 1.84722 1.82029 1.80195 1.76528 1.7183 1.65986 1.5997 1.51547 1.42609 1.33155 1.21524 1.0869 0.94137 0.78954 0.62739 0.47957 0.31398 0.0 0.0 0.0
1.40317 1.48224 1.50459 1.42609 1.28113 1.0869 0.86918 0.62739 0.36211 0.0 0.0 0.0 0.0 0.0 0.0 0.0 0.0 0.0 0.0 0.0 0.0 0.0 0.0 0.0 0.0 0.0 0.31398 0.47957 0.70187 0.95856 1.22899 1.51547 1.79278 2.03343 2.19557 2.28324 2.28324 2.21047 2.12739 2.05692 1.99275 1.95092 1.90852 1.88217 1.87357 1.87357 1.88217 1.89993 1.91712 1.94233 1.95092 1.96754 1.97613 1.98415 1.97613 1.96754 1.95092 1.91712 1.88217 1.82945 1.76528 1.68965 1.61001 1.50459 1.39171 1.26853 1.13159 0.99236 0.83022 0.65317 0.47957 0.25611 0.0 0.0
1.11669 1.20207 1.28113 1.30634 1.28113 1.17399 1.00898 0.81016 0.57296 0.31398 0.0 0.0 0.0 0.0 0.0 0.0 0.0 0.0 0.0 0.0 0.0 0.0 0.0 0.0 0.0 0.18105 0.36211 0.57296 0.81016 1.072 1.34359 1.58938 1.82029 2.00879 2.1039 2.14286 2.12739 2.08041 2.01681 1.97613 1.93373 1.90852 1.89133 1.89133 1.90852 1.91712 1.94233 1.97613 2.00879 2.03343 2.06494 2.08041 2.1039 2.11192 2.11937 2.11937 2.1039 2.08843 2.05692 2.00879 1.95092 1.88217 1.80195 1.70856 1.5997 1.47136 1.33155 1.18831 1.02502 0.8497 0.65317 0.44404 0.25611 0.0
0.83022 0.90585 0.99236 1.072 1.11669 1.11669 1.05653 0.92361 0.74714 0.51222 0.25611 0.0 0.0 0.0 0.0 0.0 0.0 0.0 0.0 0.0 0.0 0.0 0.0 0.0 0.0 0.25611 0.44404 0.67781 0.92361 1.16024 1.40317 1.61975 1.79278 1.91712 1.97613 1.98415 1.98415 1.95952 1.92571 1.89993 1.89133 1.89133 1.89133 1.91712 1.93373 1.96754 2.00879 2.05692 2.09645 2.13484 2.17323 2.21047 2.23282 2.25459 2.26891 2.27636 2.27636 2.26204 2.24026 2.20302 2.15031 2.08843 2.00879 1.91712 1.81112 1.68965 1.54756 1.40317 1.22899 1.05653 0.86918 0.65317 0.44404 0.25611
0.54374 0.62739 0.70187 0.76891 0.8497 0.90585 0.94137 0.88751 0.81016 0.67781 0.47957 0.25611 0.0 0.0 0.0 0.0 0.0 0.0 0.0 0.0 0.0 0.0 0.0 0.0 0.18105 0.36211 0.57296 0.78954 1.00898 1.21524 1.41463 1.57907 1.70856 1.78362 1.81112 1.83805 1.84722 1.85581 1.84722 1.84722 1.85581 1.87357 1.89993 1.94233 1.98415 2.03343 2.08843 2.14286 2.19557 2.24714 2.29069 2.33308 2.37491 2.40929 2.42934 2.44939 2.45627 2.44939 2.42934 2.40241 2.36116 2.29756 2.22537 2.14286 2.03343 1.91712 1.78362 1.63006 1.46047 1.28113 1.0869 0.88751 0.65317 0.44404
0.25611 0.31398 0.40508 0.47957 0.57296 0.62739 0.70187 0.70187 0.67781 0.62739 0.54374 0.40508 0.25611 0.0 0.0 0.0 0.0 0.0 0.0 0.0 0.0 0.0 0.0 0.0 0.31398 0.47957 0.65317 0.86918 1.04106 1.24217 1.37968 1.51547 1.58938 1.63006 1.65986 1.69882 1.73721 1.76528 1.78362 1.80195 1.83805 1.88217 1.92571 1.97613 2.04088 2.1039 2.16578 2.23282 2.29069 2.35428 2.41559 2.46945 2.51528 2.56055 2.59263 2.62415 2.63618 2.64248 2.62988 2.61154 2.57315 2.52216 2.45627 2.36803 2.26891 2.15031 2.01681 1.86498 1.69882 1.51547 1.31895 1.10237 0.88751 0.65317
0.0 0.0 0.0 0.18105 0.25611 0.36211 0.40508 0.44404 0.44404 0.44404 0.40508 0.36211 0.25611 0.18105 0.0 0.0 0.0 0.0 0.0 0.0 0.0 0.0 0.0 0.25611 0.36211 0.57296 0.72479 0.90585 1.05653 1.21524 1.33155 1.40317 1.44901 1.4937 1.54756 1.5997 1.65986 1.69882 1.73721 1.78362 1.82945 1.89133 1.95092 2.02541 2.09645 2.16578 2.24714 2.31933 2.39554 2.46945 2.54107 2.60524 2.66712 2.71525 2.76338 2.7989 2.82239 2.83958 2.83958 2.82239 2.79317 2.74561 2.68545 2.60524 2.50898 2.39554 2.26204 2.11192 1.94233 1.76528 1.55787 1.34359 1.11669 0.86918
