data/slope_4cell_modal.txt
ncols	401
nrows	401
xllcorner	0.0
yllcorner	0.0
cellsize	10.0
NODATA_value	-9999.0
[rows 210 to 239 of 401, columns 134 to 200 of 401]
3.40967 3.38561 3.36154 3.33691 3.31284 3.29279 3.26815 3.24294 3.22747 3.20742 3.19195 3.17132 3.16101 3.15069 3.14038 3.14038 3.13523 3.13007 3.13523 3.13523 3.14038 3.14497 3.15585 3.16101 3.17132 3.17132 3.18163 3.18163 3.17648 3.17132 3.16616 3.15585 3.14038 3.12491 3.09856 3.06647 3.03438 3.00173 2.95761 2.91349 2.86823 2.82239 2.76338 2.71525 2.66139 2.61154 2.56055 2.50211 2.44939 2.40241 2.34741 2.29756 2.24714 2.20302 2.15031 2.09645 2.04088 1.99275 1.93373 1.87357 1.82029 1.75612 1.69882 1.64038 1.58938 1.53667 1.4937
3.69902 3.69042 3.67724 3.66808 3.65432 3.64573 3.63198 3.61937 3.61021 3.59646 3.58729 3.57812 3.57354 3.56437 3.55979 3.55979 3.5552 3.55062 3.55062 3.5552 3.55979 3.55979 3.55979 3.56437 3.56437 3.55979 3.56437 3.5552 3.55062 3.53687 3.51796 3.49963 3.47671 3.45264 3.41941 3.38102 3.34206 3.29795 3.25268 3.20226 3.14038 3.08767 3.0235 2.96907 2.90776 2.84531 2.78114 2.72155 2.66139 2.59894 2.54107 2.48263 2.42247 2.36116 2.30501 2.24714 2.18813 2.11937 2.05692 1.99275 1.92571 1.84722 1.77445 1.70856 1.63006 1.56876 1.51547
3.97976 3.98378 3.98378 3.98378 3.98378 3.98378 3.98378 3.98378 3.98378 3.97976 3.97575 3.97575 3.97174 3.97174 3.96716 3.97174 3.97174 3.96716 3.96716 3.96716 3.96716 3.96716 3.96716 3.96315 3.95914 3.95112 3.94252 3.92992 3.9133 3.89669 3.87606 3.84627 3.81647 3.78209 3.74313 3.695 3.65031 3.59646 3.53687 3.47671 3.41483 3.3518 3.28305 3.212 3.14038 3.0722 3.00173 2.93068 2.8625 2.79317 2.72728 2.66139 2.59263 2.52846 2.45627 2.38179 2.31933 2.24026 2.16578 2.08843 2.00879 1.92571 1.83805 1.75612 1.67991 1.5997 1.53667
4.24504 4.26452 4.27942 4.29489 4.30234 4.3138 4.32526 4.33271 4.33958 4.35104 4.35104 4.35849 4.3625 4.36594 4.36995 4.36995 4.36995 4.37396 4.37396 4.37396 4.37396 4.36995 4.3625 4.35505 4.3476 4.33672 4.32125 4.2989 4.28343 4.25249 4.22213 4.19119 4.15165 4.10467 4.05654 4.0044 3.94653 3.88465 3.82048 3.75173 3.68125 3.61021 3.53228 3.45264 3.38102 3.29795 3.22231 3.14038 3.06131 2.98511 2.90776 2.82812 2.75134 2.67342 2.59894 2.52216 2.43564 2.35428 2.26891 2.18068 2.09645 2.00077 1.89993 1.81112 1.7183 1.61975 1.54756
4.5023 4.53095 4.5596 4.58481 4.60945 4.63408 4.65127 4.67247 4.69023 4.70398 4.71716 4.73091 4.7418 4.74867 4.75555 4.76243 4.76243 4.7693 4.7693 4.76586 4.76243 4.75899 4.74867 4.73836 4.72404 4.71029 4.68679 4.66216 4.63408 4.60257 4.56647 4.52407 4.47652 4.4261 4.36995 4.30635 4.24103 4.17171 4.09665 4.02044 3.94252 3.85887 3.77293 3.69042 3.60104 3.51338 3.424 3.33691 3.2481 3.16101 3.0722 2.99084 2.9026 2.81609 2.73358 2.63618 2.55425 2.45627 2.36803 2.26891 2.17323 2.06494 1.95952 1.85581 1.74695 1.64038 1.53667
4.73836 4.78305 4.8266 4.86384 4.89994 4.9366 4.96583 4.99562 5.02427 5.04375 5.06953 5.08557 5.10104 5.11709 5.12683 5.13657 5.14287 5.14631 5.14917 5.14917 5.14287 5.13313 5.12396 5.11078 5.09245 5.06953 5.04375 5.0151 4.979 4.94004 4.8965 4.84665 4.79279 4.73492 4.66903 4.59913 4.52407 4.4473 4.36594 4.27942 4.19119 4.09665 4.00841 3.9133 3.81647 3.71678 3.62339 3.52713 3.42915 3.33175 3.23778 3.14038 3.05043 2.95245 2.85677 2.75765 2.66139 2.55425 2.44939 2.34741 2.23282 2.11937 2.00879 1.89133 1.77445 1.65012 1.53667
4.96239 5.02083 5.07641 5.12683 5.17381 5.22136 5.26147 5.30158 5.33767 5.37091 5.39841 5.42534 5.44596 5.46716 5.48206 5.49638 5.50211 5.51128 5.51128 5.50842 5.50211 5.49638 5.48206 5.46716 5.44596 5.41961 5.38924 5.35314 5.31017 5.26434 5.21506 5.16178 5.09474 5.03057 4.95952 4.87988 4.79566 4.71029 4.61976 4.52751 4.42954 4.33271 4.23015 4.12873 4.02044 3.9133 3.81189 3.7036 3.60104 3.49447 3.39076 3.2882 3.18163 3.08251 2.97422 2.87396 2.76338 2.64878 2.53477 2.42247 2.30501 2.18068 2.05692 1.92571 1.79278 1.65986 1.52636
5.17094 5.2397 5.30731 5.37091 5.43164 5.48779 5.54107 5.58748 5.63619 5.674 5.71354 5.74447 5.77255 5.79776 5.81724 5.83443 5.84761 5.85334 5.8562 5.8562 5.85047 5.83959 5.82583 5.80349 5.78401 5.75307 5.7164 5.67629 5.63046 5.57545 5.51701 5.45513 5.38638 5.31361 5.23397 5.14917 5.05979 4.96239 4.86728 4.76243 4.65872 4.54871 4.43641 4.32927 4.21468 4.10066 3.98779 3.87606 3.76089 3.65031 3.54145 3.42915 3.31284 3.20226 3.08767 2.97995 2.8625 2.74561 2.62415 2.4958 2.36803 2.23282 2.09645 1.95952 1.81112 1.6696 1.52636
5.36231 5.4431 5.51988 5.59894 5.67114 5.73588 5.80062 5.8562 5.90834 5.95762 6.00345 6.04127 6.07851 6.10716 6.13122 6.15299 6.16789 6.17878 6.18164 6.18164 6.17591 6.16273 6.14726 6.12606 6.09971 6.06762 6.02752 5.98225 5.93011 5.87282 5.80865 5.73875 5.66541 5.58462 5.49409 5.40127 5.30387 5.20246 5.09818 4.98874 4.87301 4.75555 4.64096 4.52064 4.39974 4.27598 4.15566 4.03649 3.91731 3.7947 3.67266 3.5552 3.43832 3.318 3.1971 3.07736 2.94672 2.82239 2.69806 2.56685 2.42934 2.29069 2.14286 1.99275 1.83805 1.67991 1.51547
5.53477 5.62759 5.71926 5.80635 5.88657 5.96277 6.03611 6.10257 6.16273 6.2206 6.27446 6.31801 6.35926 6.39421 6.42228 6.44692 6.46755 6.48015 6.48474 6.48703 6.48015 6.46984 6.44979 6.42744 6.39707 6.36155 6.31801 6.26701 6.20972 6.14726 6.07851 6.00345 5.91923 5.83443 5.73875 5.63905 5.53477 5.42878 5.31361 5.19615 5.07641 4.95265 4.8266 4.70055 4.57392 4.44386 4.3138 4.18718 4.05654 3.92992 3.80329 3.67724 3.55062 3.42915 3.29795 3.17132 3.04527 2.90776 2.77541 2.62988 2.48893 2.34053 2.18813 2.03343 1.86498 1.68965 1.51547
5.68489 5.7949 5.89516 5.99314 6.08137 6.16789 6.25154 6.32603 6.39707 6.46239 6.51969 6.57125 6.61766 6.65892 6.69329 6.71908 6.74028 6.75517 6.76491 6.7672 6.75976 6.74772 6.73168 6.70475 6.67095 6.63256 6.58615 6.53172 6.46984 6.40452 6.33118 6.24925 6.16044 6.06476 5.96564 5.85907 5.74734 5.63332 5.51128 5.38638 5.26147 5.13026 4.99848 4.86728 4.72747 4.59512 4.4622 4.32526 4.1952 4.05654 3.92591 3.7947 3.66349 3.53228 3.39535 3.26299 3.13007 2.99084 2.84531 2.69806 2.54794 2.39554 2.23282 2.07239 1.89993 1.7183 1.53667
5.82297 5.93871 6.05215 6.15471 6.2567 6.35124 6.44463 6.52656 6.60563 6.6761 6.74028 6.80044 6.85258 6.89669 6.9368 6.96889 6.98951 7.00785 7.01701 7.01931 7.01701 7.00556 6.98493 6.95685 6.92477 6.88008 6.83309 6.77465 6.70934 6.63714 6.55922 6.475 6.37931 6.28019 6.17362 6.06247 5.94673 5.82297 5.69635 5.56399 5.43164 5.29528 5.15547 5.01854 4.87644 4.73492 4.59512 4.45475 4.31781 4.17973 4.0405 3.90471 3.76491 3.62797 3.49447 3.3518 3.212 3.06647 2.91922 2.76911 2.61154 2.45627 2.29069 2.11937 1.93373 1.75612 1.55787
5.93871 6.06476 6.1868 6.30024 6.40968 6.51453 6.61251 6.70246 6.7884 6.86633 6.93852 7.00097 7.05769 7.11041 7.15109 7.18718 7.21354 7.23359 7.24448 7.24906 7.24448 7.23359 7.21354 7.18718 7.14879 7.10353 7.05311 6.9918 6.92477 6.84971 6.7672 6.6761 6.5787 6.4727 6.36155 6.24639 6.1232 5.99314 5.86422 5.72786 5.58748 5.44596 5.30387 5.15891 5.01166 4.86728 4.72404 4.57736 4.43297 4.29088 4.14821 4.00841 3.86345 3.72594 3.58729 3.43832 3.29795 3.15069 2.99657 2.84531 2.69176 2.52216 2.35428 2.17323 1.98415 1.80195 1.61001
6.0384 6.17076 6.30024 6.42515 6.53917 6.65204 6.75746 6.85716 6.94539 7.03077 7.10811 7.18031 7.23989 7.29318 7.34131 7.38084 7.40892 7.43069 7.44559 7.45017 7.44788 7.43757 7.41522 7.38485 7.35048 7.30407 7.24906 7.18718 7.11728 7.03764 6.94998 6.85487 6.75288 6.64459 6.52943 6.40968 6.28019 6.15013 6.01147 5.86995 5.72786 5.58118 5.43393 5.28611 5.13657 4.98588 4.84035 4.69023 4.54184 4.39631 4.24906 4.10467 3.96315 3.81647 3.67266 3.52713 3.38102 3.23778 3.08251 2.92495 2.76338 2.59894 2.42247 2.24026 2.05692 1.86498 1.65986
6.11518 6.2567 6.39421 6.52484 6.64688 6.7672 6.87779 6.98206 7.07889 7.17114 7.25135 7.32641 7.39402 7.45017 7.50174 7.54184 7.57565 7.59971 7.61633 7.62263 7.62034 7.60945 7.58883 7.55903 7.52064 7.47423 7.4198 7.35219 7.28229 7.19979 7.11041 7.01243 6.90586 6.79528 6.6761 6.54891 6.41999 6.28535 6.14211 5.9983 5.85334 5.70208 5.54967 5.40127 5.246 5.09474 4.94348 4.79279 4.6444 4.49485 4.35104 4.20265 4.06055 3.90929 3.76892 3.61937 3.47155 3.32201 3.16616 3.00746 2.84531 2.67342 2.50211 2.31933 2.13484 1.94233 1.73721
6.17591 6.32374 6.46468 6.60105 6.73397 6.85716 6.97347 7.08348 7.18718 7.28 7.36824 7.44559 7.51835 7.58023 7.63294 7.67706 7.71258 7.74123 7.75842 7.76415 7.76587 7.75613 7.73493 7.70571 7.66675 7.61805 7.56132 7.49543 7.4198 7.3373 7.24448 7.14421 7.03535 6.92248 6.80044 6.67095 6.53688 6.39937 6.2567 6.10716 5.95991 5.80865 5.65681 5.50211 5.34684 5.19615 5.04031 4.88676 4.73836 4.58825 4.44386 4.2989 4.15165 4.0044 3.86345 3.71219 3.56895 3.41483 3.26299 3.10371 2.94099 2.76911 2.59263 2.41559 2.23282 2.03343 1.82945
6.21487 6.369 6.51739 6.65892 6.79299 6.92248 7.04452 7.16025 7.2651 7.36365 7.45647 7.54012 7.61174 7.67878 7.73722 7.78249 7.82202 7.85067 7.87072 7.87874 7.87874 7.87072 7.85067 7.82374 7.78249 7.73493 7.67706 7.60945 7.53382 7.44788 7.35449 7.25365 7.14421 7.02618 6.90128 6.77179 6.63714 6.49448 6.35124 6.20227 6.05215 5.89975 5.74734 5.59035 5.4368 5.28324 5.13026 4.979 4.83003 4.68278 4.53439 4.38886 4.24103 4.10066 3.95513 3.81189 3.66349 3.51338 3.35639 3.1971 3.03954 2.87396 2.69806 2.52216 2.33308 2.14286 1.94233
6.23894 6.39707 6.54662 6.69329 6.8308 6.9643 7.08978 7.20896 7.31954 7.42439 7.51835 7.60372 7.68107 7.74983 7.80941 7.85812 7.90109 7.93145 7.95323 7.96583 7.96583 7.95781 7.93776 7.90911 7.87072 7.82374 7.76415 7.69597 7.62034 7.53382 7.43986 7.33501 7.225 7.10582 6.98206 6.85258 6.71449 6.57354 6.42744 6.28019 6.12893 5.97652 5.82011 5.66827 5.51415 5.36231 5.20876 5.06323 4.91369 4.7693 4.6232 4.48053 4.33672 4.1952 4.05654 3.90929 3.76491 3.61479 3.46238 3.30769 3.15069 2.98511 2.81609 2.63618 2.44939 2.26204 2.07239
6.24409 6.40223 6.55636 6.70475 6.84742 6.98206 7.1127 7.23359 7.34818 7.45418 7.55044 7.63925 7.72061 7.79108 7.85411 7.9051 7.94922 7.9813 8.00365 8.0174 8.01969 8.01339 7.99563 7.96755 7.93145 7.88333 7.82374 7.75613 7.67878 7.59284 7.49773 7.39631 7.28459 7.16426 7.03993 6.90815 6.77179 6.62969 6.48474 6.33921 6.18909 6.0384 5.88657 5.73302 5.58462 5.43393 5.28611 5.13943 4.99218 4.85009 4.71029 4.57048 4.42954 4.29489 4.15566 4.01586 3.87606 3.72996 3.58271 3.42915 3.27273 3.10887 2.94099 2.76338 2.58003 2.39554 2.21047
6.23092 6.39192 6.54662 6.6973 6.84284 6.97748 7.11041 7.23359 7.34818 7.45876 7.55674 7.64956 7.73149 7.80311 7.86843 7.92343 7.96755 8.00365 8.02771 8.04146 8.04547 8.03917 8.02599 7.99792 7.95953 7.9114 7.8564 7.78707 7.71258 7.62492 7.53153 7.4284 7.31724 7.19979 7.0766 6.94539 6.81247 6.67095 6.52943 6.38447 6.23607 6.08653 5.93871 5.78917 5.64192 5.49638 5.35314 5.21162 5.07297 4.93317 4.79909 4.6656 4.53095 4.39631 4.26452 4.12873 3.99237 3.85085 3.7036 3.5552 3.40509 3.24294 3.0722 2.9026 2.72728 2.54107 2.35428
6.19998 6.36155 6.51969 6.66866 6.81247 6.95227 7.08577 7.20896 7.32641 7.43527 7.53611 7.62893 7.7143 7.78879 7.85411 7.9114 7.95781 7.99391 8.02198 8.03516 8.04146 8.03745 8.02198 7.99563 7.95953 7.91484 7.85812 7.7928 7.7166 7.63294 7.53841 7.43757 7.3287 7.21354 7.09207 6.96201 6.82851 6.69558 6.55406 6.41197 6.2693 6.12606 5.97939 5.83729 5.69348 5.5554 5.41674 5.27981 5.14631 5.01854 4.88676 4.75899 4.63408 4.5023 4.37396 4.24504 4.11269 3.97976 3.83767 3.69042 3.54145 3.38561 3.22231 3.05616 2.87969 2.69806 2.51528
6.15471 6.31571 6.4727 6.62225 6.7672 6.90357 7.03535 7.16197 7.27771 7.38944 7.49085 7.58653 7.67019 7.74524 7.81343 7.87072 7.91885 7.95781 7.98359 8.00136 8.00766 8.00537 7.99162 7.96755 7.93375 7.88848 7.83405 7.77045 7.69597 7.61404 7.52064 7.42439 7.31724 7.20437 7.08577 6.96201 6.8308 6.6996 6.56151 6.42515 6.28764 6.15013 6.01147 5.87282 5.74161 5.60467 5.47289 5.35028 5.22136 5.09474 4.97557 4.85696 4.73492 4.61689 4.49485 4.36995 4.24103 4.11269 3.97575 3.83767 3.69042 3.53687 3.38102 3.212 3.04527 2.86823 2.68545
6.09455 6.25383 6.40452 6.55636 6.6973 6.83309 6.9643 7.08978 7.20666 7.31724 7.4198 7.51434 7.59971 7.67706 7.74352 7.80311 7.85067 7.89077 7.91885 7.93776 7.9475 7.94521 7.93547 7.9114 7.87702 7.83577 7.78249 7.7229 7.64956 7.56992 7.48226 7.38714 7.28229 7.17343 7.05769 6.93852 6.81476 6.68584 6.55636 6.42744 6.29566 6.16273 6.03611 5.90261 5.77828 5.65337 5.53191 5.41331 5.29528 5.18011 5.06667 4.95608 4.84321 4.73091 4.61288 4.5023 4.3774 4.2565 4.12472 3.98779 3.84627 3.695 3.54145 3.37587 3.212 3.03438 2.85677
6.01949 6.17362 6.32374 6.46984 6.61079 6.74772 6.87549 6.99868 7.1127 7.22271 7.32412 7.41751 7.50403 7.58023 7.64784 7.70571 7.75842 7.79681 7.82775 7.84838 7.85812 7.85812 7.84838 7.82775 7.79681 7.75613 7.70571 7.64784 7.57794 7.50174 7.41751 7.32641 7.22729 7.12416 7.01243 6.89669 6.78096 6.66121 6.53917 6.41484 6.2905 6.16789 6.04642 5.92782 5.81151 5.69635 5.58748 5.47576 5.36804 5.26434 5.15891 5.05979 4.95608 4.85353 4.7418 4.63408 4.52064 4.40375 4.27942 4.14821 4.00841 3.86345 3.70818 3.55062 3.38561 3.212 3.03438
5.93011 6.08137 6.22805 6.369 6.50708 6.63943 6.7672 6.88523 6.99868 7.10582 7.20437 7.29776 7.38485 7.46106 7.52752 7.58653 7.63695 7.67878 7.708 7.73149 7.74123 7.74352 7.73493 7.7166 7.68967 7.65185 7.60544 7.54815 7.48455 7.4135 7.331 7.24677 7.15109 7.05311 6.94769 6.84284 6.73168 6.61766 6.50479 6.39192 6.27733 6.1656 6.05445 5.94673 5.84245 5.73588 5.63905 5.54107 5.44596 5.35314 5.25803 5.16521 5.06953 4.97557 4.87988 4.77618 4.67247 4.55616 4.43641 4.31036 4.17572 4.03649 3.88465 3.72594 3.55979 3.38561 3.20742
5.83156 5.97652 6.11804 6.25383 6.38733 6.51453 6.63485 6.75288 6.86346 6.96889 7.06514 7.15567 7.23989 7.31495 7.38313 7.441 7.49314 7.53382 7.56591 7.58653 7.59971 7.60372 7.59742 7.58252 7.55674 7.52064 7.47767 7.42668 7.36595 7.29776 7.22271 7.14192 7.0554 6.9643 6.86862 6.7695 6.66636 6.56438 6.4601 6.35926 6.2567 6.15299 6.05445 5.95991 5.86709 5.77541 5.68775 5.60467 5.51988 5.44023 5.35945 5.27694 5.19272 5.10792 5.01854 4.92343 4.82316 4.71372 4.60257 4.48053 4.35104 4.20666 4.06055 3.90471 3.73912 3.56895 3.39076
5.72213 5.85907 5.99314 6.1232 6.25154 6.37186 6.49218 6.60563 6.7122 6.81247 6.90586 6.9941 7.07431 7.15109 7.21583 7.27313 7.32183 7.36365 7.39631 7.4198 7.43527 7.43986 7.43527 7.4221 7.40032 7.36996 7.3287 7.28229 7.22729 7.16426 7.09666 7.02389 6.9431 6.85888 6.77179 6.68355 6.58844 6.49963 6.40681 6.31571 6.22576 6.13695 6.05215 5.97079 5.8923 5.81438 5.74161 5.67114 5.59894 5.52904 5.46086 5.38924 5.31934 5.2397 5.15891 5.07297 4.979 4.87988 4.7693 4.65127 4.52407 4.38886 4.24103 4.08462 3.9219 3.74772 3.56895
5.59894 5.73072 5.8562 5.98454 6.10257 6.21774 6.33118 6.43718 6.53917 6.63943 6.72882 6.81247 6.89211 6.9643 7.02618 7.08348 7.13275 7.17343 7.20666 7.22958 7.24448 7.25135 7.25135 7.2376 7.22041 7.19349 7.16025 7.11728 7.06743 7.01014 6.94998 6.88294 6.81247 6.73798 6.66121 6.58099 6.50193 6.42228 6.34436 6.26415 6.18909 6.11518 6.04413 5.97939 5.91407 5.85047 5.7949 5.73875 5.68202 5.62473 5.56686 5.50842 5.4431 5.38007 5.30387 5.22767 5.13943 5.04719 4.94004 4.82316 4.70055 4.56647 4.42209 4.26452 4.10066 3.92591 3.74313
5.47289 5.59608 5.7164 5.83156 5.94444 6.05445 6.16044 6.25899 6.35639 6.44692 6.53401 6.61251 6.68814 6.75746 6.81877 6.8732 6.92018 6.96201 6.9941 7.01931 7.03535 7.04222 7.04452 7.03535 7.0216 6.99868 6.96889 6.92935 6.88982 6.83825 6.78611 6.72652 6.66636 6.60105 6.53401 6.46755 6.40223 6.33405 6.27217 6.20742 6.14726 6.0894 6.03325 5.98454 5.93584 5.8923 5.84474 5.80349 5.76453 5.71926 5.674 5.62759 5.57545 5.51701 5.45513 5.38294 5.30158 5.21162 5.11078 4.99848 4.87644 4.74524 4.59913 4.44386 4.27942 4.10066 3.91731
5.33767 5.45227 5.56399 5.67114 5.77541 5.87568 5.97366 6.06762 6.15758 6.24409 6.32374 6.39937 6.4727 6.53688 6.59589 6.64688 6.69329 6.73168 6.76491 6.7884 6.80502 6.81476 6.81877 6.81247 6.80044 6.78325 6.75746 6.72652 6.69329 6.64975 6.60563 6.55636 6.50708 6.45494 6.39937 6.34608 6.2928 6.24123 6.19195 6.14497 6.09971 6.06247 6.02522 5.98741 5.95991 5.93011 5.90261 5.87568 5.84761 5.81724 5.78687 5.7502 5.70781 5.65968 5.60467 5.54107 5.4643 5.38007 5.27981 5.17381 5.05349 4.91999 4.77618 4.61976 4.45131 4.27598 4.08462
