data/slope_4cell_min.txt
ncols	401
nrows	401
xllcorner	0.0
yllcorner	0.0
cellsize	10.0
NODATA_value	-9999.0
[rows 132 to 164 of 401, columns 296 to 369 of 401]
0.0 0.0 0.0 0.0 0.0 0.0 0.0 0.0 0.0 0.0 0.0 0.0 0.0 0.0 0.0 0.0 0.0 0.0 0.0 0.0 0.0 0.0 0.0 0.0 0.0 0.0 0.0 0.18105 0.47957 0.76891 1.10237 1.43755 1.82029 2.22537 2.65509 3.09856 3.50421 3.88007 4.18316 4.36995 4.30635 4.18718 4.00039 3.80788 3.61479 3.39993 3.16101 2.89687 2.60524 2.29756 1.96754 1.61975 1.25535 0.88751 0.47957 0.0 0.0 0.0 0.0 0.0 0.0 0.0 0.0 0.0 0.0 0.0 0.0 0.0 0.0 0.0 0.0 0.0 0.0 0.0
0.0 0.0 0.0 0.0 0.0 0.0 0.0 0.0 0.0 0.0 0.0 0.0 0.0 0.0 0.0 0.0 0.0 0.0 0.0 0.0 0.0 0.0 0.0 0.0 0.0 0.0 0.0 0.0 0.31398 0.60103 0.92361 1.24217 1.61001 2.00077 2.42247 2.85677 3.25268 3.62797 4.00039 4.33271 4.43985 4.36594 4.2565 4.06055 3.85887 3.65031 3.41483 3.15069 2.86823 2.56055 2.23282 1.88217 1.51547 1.13159 0.74714 0.31398 0.0 0.0 0.0 0.0 0.0 0.0 0.0 0.0 0.0 0.0 0.0 0.0 0.0 0.0 0.0 0.0 0.0 0.0
0.0 0.0 0.0 0.0 0.0 0.0 0.0 0.0 0.0 0.0 0.0 0.0 0.0 0.0 0.0 0.0 0.0 0.0 0.0 0.0 0.0 0.0 0.0 0.0 0.0 0.0 0.0 0.0 0.18105 0.44404 0.74714 1.072 1.42609 1.79278 2.20302 2.62988 3.00173 3.37128 3.75173 4.13217 4.48798 4.5023 4.42209 4.3138 4.10467 3.89669 3.66349 3.40967 3.12491 2.82239 2.48893 2.14286 1.77445 1.39171 0.99236 0.57296 0.18105 0.0 0.0 0.0 0.0 0.0 0.0 0.0 0.0 0.0 0.0 0.0 0.0 0.0 0.0 0.0 0.0 0.0
0.0 0.0 0.0 0.0 0.0 0.0 0.0 0.0 0.0 0.0 0.0 0.0 0.0 0.0 0.0 0.0 0.0 0.0 0.0 0.0 0.0 0.0 0.0 0.0 0.0 0.0 0.0 0.0 0.0 0.25611 0.57296 0.90585 1.24217 1.61001 2.00077 2.38866 2.75765 3.12491 3.50421 3.88866 4.27942 4.62663 4.56304 4.47308 4.35849 4.14019 3.9133 3.65891 3.38102 3.07736 2.75134 2.40241 2.04088 1.65012 1.25535 0.83022 0.40508 0.0 0.0 0.0 0.0 0.0 0.0 0.0 0.0 0.0 0.0 0.0 0.0 0.0 0.0 0.0 0.0 0.0
0.0 0.0 0.0 0.0 0.0 0.0 0.0 0.0 0.0 0.0 0.0 0.0 0.0 0.0 0.0 0.0 0.0 0.0 0.0 0.0 0.0 0.0 0.0 0.0 0.0 0.0 0.0 0.0 0.0 0.0 0.40508 0.72479 1.072 1.42609 1.81112 2.17323 2.52216 2.88542 3.26815 3.65432 4.04852 4.44386 4.70055 4.61976 4.52407 4.38485 4.15566 3.90929 3.63656 3.33691 3.01261 2.66712 2.29756 1.91712 1.51547 1.0869 0.65317 0.25611 0.0 0.0 0.0 0.0 0.0 0.0 0.0 0.0 0.0 0.0 0.0 0.0 0.0 0.0 0.0 0.0
0.0 0.0 0.0 0.0 0.0 0.0 0.0 0.0 0.0 0.0 0.0 0.0 0.0 0.0 0.0 0.0 0.0 0.0 0.0 0.0 0.0 0.0 0.0 0.0 0.0 0.0 0.0 0.0 0.0 0.0 0.25611 0.54374 0.88751 1.24217 1.61975 1.95952 2.30501 2.66712 3.03954 3.41941 3.81647 4.21869 4.6232 4.76243 4.67591 4.57048 4.39631 4.15165 3.88465 3.58729 3.26815 2.92495 2.56055 2.17323 1.77445 1.35562 0.92361 0.47957 0.0 0.0 0.0 0.0 0.0 0.0 0.0 0.0 0.0 0.0 0.0 0.0 0.0 0.0 0.0 0.0
0.0 0.0 0.0 0.0 0.0 0.0 0.0 0.0 0.0 0.0 0.0 0.0 0.0 0.0 0.0 0.0 0.0 0.0 0.0 0.0 0.0 0.0 0.0 0.0 0.0 0.0 0.0 0.0 0.0 0.0 0.0 0.36211 0.70187 1.05653 1.40317 1.73721 2.08843 2.45627 2.82239 3.20226 3.59187 3.99638 4.40375 4.79909 4.81628 4.72404 4.60601 4.38886 4.12472 3.83366 3.51796 3.18163 2.81609 2.43564 2.03343 1.61001 1.17399 0.72479 0.25611 0.0 0.0 0.0 0.0 0.0 0.0 0.0 0.0 0.0 0.0 0.0 0.0 0.0 0.0 0.0
0.0 0.0 0.0 0.0 0.0 0.0 0.0 0.0 0.0 0.0 0.0 0.0 0.0 0.0 0.0 0.0 0.0 0.0 0.0 0.0 0.0 0.0 0.0 0.0 0.0 0.0 0.0 0.0 0.0 0.0 0.0 0.18105 0.51222 0.86918 1.18831 1.52636 1.87357 2.24026 2.61154 2.99657 3.38102 3.78209 4.18316 4.59512 4.92343 4.87014 4.75899 4.60945 4.3625 4.07659 3.76491 3.42915 3.0722 2.69176 2.29069 1.87357 1.43755 0.99236 0.54374 0.0 0.0 0.0 0.0 0.0 0.0 0.0 0.0 0.0 0.0 0.0 0.0 0.0 0.0 0.0
0.0 0.0 0.0 0.0 0.0 0.0 0.0 0.0 0.0 0.0 0.0 0.0 0.0 0.18105 0.18105 0.0 0.0 0.0 0.0 0.0 0.0 0.0 0.0 0.0 0.0 0.0 0.0 0.0 0.0 0.0 0.0 0.0 0.36211 0.65317 0.97575 1.30634 1.65986 2.02541 2.40241 2.78687 3.17648 3.56895 3.97174 4.38141 4.79909 5.00192 4.90681 4.78935 4.58825 4.31036 4.0044 3.67724 3.32201 2.94672 2.54794 2.13484 1.69882 1.25535 0.81016 0.31398 0.0 0.0 0.0 0.0 0.0 0.0 0.0 0.0 0.0 0.0 0.0 0.0 0.0 0.0
0.0 0.0 0.0 0.0 0.0 0.0 0.0 0.0 0.0 0.0 0.0 0.0 0.18105 0.25611 0.18105 0.0 0.0 0.0 0.0 0.0 0.0 0.0 0.0 0.0 0.0 0.0 0.0 0.0 0.0 0.0 0.0 0.0 0.18105 0.44404 0.76891 1.10237 1.44901 1.82029 2.19557 2.58003 2.96907 3.36613 3.76491 4.17171 4.58481 4.99562 5.05005 4.94004 4.78305 4.53439 4.23702 3.9133 3.56437 3.19195 2.7989 2.38866 1.95952 1.51547 1.05653 0.60103 0.0 0.0 0.0 0.0 0.0 0.0 0.0 0.0 0.0 0.0 0.0 0.0 0.0 0.0
0.0 0.0 0.0 0.0 0.0 0.0 0.0 0.0 0.0 0.0 0.0 0.0 0.18105 0.36211 0.25611 0.0 0.0 0.0 0.0 0.0 0.0 0.0 0.0 0.0 0.0 0.0 0.0 0.0 0.0 0.0 0.0 0.0 0.0 0.25611 0.57296 0.90585 1.24217 1.61001 1.98415 2.36803 2.76338 3.16101 3.56437 3.96315 4.37396 4.79279 5.14631 5.07927 4.95608 4.74524 4.45818 4.1442 3.80329 3.43832 3.05043 2.64248 2.21792 1.77445 1.33155 0.86918 0.40508 0.0 0.0 0.0 0.0 0.0 0.0 0.0 0.0 0.0 0.0 0.0 0.0 0.0
0.0 0.0 0.0 0.0 0.0 0.0 0.0 0.0 0.0 0.0 0.0 0.0 0.25611 0.40508 0.25611 0.0 0.0 0.0 0.0 0.0 0.0 0.0 0.0 0.0 0.0 0.0 0.0 0.0 0.0 0.0 0.0 0.0 0.0 0.0 0.36211 0.70187 1.04106 1.40317 1.77445 2.16578 2.55425 2.95761 3.35639 3.76491 4.16368 4.57736 4.99848 5.21162 5.10104 4.93317 4.67935 4.3625 4.03248 3.67266 3.29279 2.89115 2.46945 2.04088 1.58938 1.13159 0.65317 0.18105 0.0 0.0 0.0 0.0 0.0 0.0 0.0 0.0 0.0 0.0 0.0 0.0
0.0 0.0 0.0 0.0 0.0 0.0 0.0 0.0 0.0 0.0 0.0 0.0 0.25611 0.51222 0.36211 0.0 0.0 0.0 0.0 0.0 0.0 0.0 0.0 0.0 0.0 0.0 0.0 0.0 0.0 0.0 0.0 0.0 0.0 0.0 0.18105 0.51222 0.8497 1.20207 1.57907 1.95952 2.34741 2.75134 3.15069 3.55979 3.96315 4.36995 4.78649 5.20246 5.23397 5.10448 4.87988 4.57736 4.24906 3.9007 3.52713 3.13523 2.72155 2.29069 1.84722 1.39171 0.92361 0.44404 0.0 0.0 0.0 0.0 0.0 0.0 0.0 0.0 0.0 0.0 0.0 0.0
0.0 0.0 0.0 0.0 0.0 0.0 0.0 0.0 0.0 0.0 0.0 0.0 0.36211 0.60103 0.54374 0.31398 0.0 0.0 0.0 0.0 0.0 0.0 0.0 0.0 0.0 0.0 0.0 0.0 0.0 0.0 0.0 0.0 0.0 0.0 0.0 0.31398 0.65317 1.00898 1.37968 1.75612 2.14286 2.54107 2.94672 3.3518 3.75631 4.15566 4.56647 4.98874 5.35028 5.246 5.05979 4.79279 4.4622 4.12071 3.75631 3.37128 2.96907 2.54107 2.1039 1.65012 1.18831 0.72479 0.25611 0.0 0.0 0.0 0.0 0.0 0.0 0.0 0.0 0.0 0.0 0.0
0.0 0.0 0.0 0.0 0.0 0.0 0.0 0.0 0.0 0.0 0.0 0.0 0.47957 0.72479 0.72479 0.44404 0.18105 0.0 0.0 0.0 0.0 0.0 0.0 0.0 0.0 0.0 0.0 0.0 0.0 0.0 0.0 0.0 0.0 0.0 0.0 0.18105 0.47957 0.83022 1.18831 1.55787 1.94233 2.34053 2.73931 3.14497 3.54604 3.95112 4.3476 4.76586 5.18355 5.37377 5.22767 4.99218 4.67935 4.33271 3.97575 3.60104 3.20226 2.78687 2.36116 1.91712 1.46047 0.99236 0.51222 0.0 0.0 0.0 0.0 0.0 0.0 0.0 0.0 0.0 0.0 0.0
0.0 0.0 0.0 0.0 0.0 0.0 0.0 0.0 0.0 0.0 0.0 0.25611 0.62739 0.86918 0.88751 0.62739 0.36211 0.0 0.0 0.0 0.0 0.0 0.0 0.0 0.0 0.0 0.0 0.0 0.0 0.0 0.0 0.0 0.0 0.0 0.0 0.0 0.31398 0.65317 0.99236 1.36765 1.74695 2.14286 2.53477 2.93584 3.33691 3.73912 4.13217 4.54184 4.95265 5.37377 5.37721 5.17094 4.89994 4.55215 4.18718 3.82048 3.43374 3.02923 2.60524 2.17323 1.7183 1.26853 0.81016 0.31398 0.0 0.0 0.0 0.0 0.0 0.0 0.0 0.0 0.0 0.0
0.0 0.0 0.0 0.0 0.0 0.0 0.0 0.0 0.0 0.0 0.18105 0.40508 0.74714 1.00898 1.072 0.83022 0.51222 0.25611 0.0 0.0 0.0 0.0 0.0 0.0 0.0 0.0 0.0 0.0 0.0 0.0 0.0 0.0 0.0 0.0 0.0 0.0 0.18105 0.47957 0.83022 1.18831 1.55787 1.94233 2.33308 2.72728 3.13007 3.52254 3.91731 4.3138 4.7206 5.13657 5.45513 5.33767 5.09818 4.77618 4.41464 4.03649 3.65432 3.26299 2.85104 2.42247 1.98415 1.53667 1.072 0.62739 0.18105 0.0 0.0 0.0 0.0 0.0 0.0 0.0 0.0 0.0
0.0 0.0 0.0 0.0 0.0 0.0 0.0 0.0 0.0 0.0 0.31398 0.57296 0.88751 1.16024 1.24217 0.97575 0.70187 0.44404 0.18105 0.0 0.0 0.0 0.0 0.0 0.0 0.0 0.0 0.0 0.0 0.0 0.0 0.0 0.0 0.0 0.0 0.0 0.0 0.31398 0.65317 1.00898 1.36765 1.74695 2.13484 2.52216 2.91922 3.30769 3.69902 4.08462 4.48397 4.89363 5.31017 5.47576 5.2735 5.00192 4.6444 4.26796 3.88007 3.4853 3.08767 2.66712 2.24026 1.80195 1.34359 0.88751 0.44404 0.0 0.0 0.0 0.0 0.0 0.0 0.0 0.0 0.0
0.0 0.0 0.0 0.0 0.0 0.0 0.0 0.0 0.0 0.25611 0.47957 0.70187 1.00898 1.28113 1.37968 1.14592 0.8497 0.60103 0.36211 0.0 0.0 0.0 0.0 0.0 0.0 0.0 0.0 0.0 0.0 0.0 0.0 0.0 0.0 0.0 0.0 0.0 0.0 0.18105 0.47957 0.83022 1.18831 1.55787 1.94233 2.31933 2.70952 3.0934 3.47671 3.85887 4.24504 4.6444 5.05693 5.42247 5.43393 5.20246 4.87988 4.50975 4.12873 3.72594 3.318 2.90776 2.48893 2.05692 1.61975 1.17399 0.72479 0.25611 0.0 0.0 0.0 0.0 0.0 0.0 0.0 0.0
0.0 0.0 0.0 0.0 0.0 0.0 0.0 0.0 0.18105 0.40508 0.62739 0.8497 1.10237 1.40317 1.52636 1.29374 1.00898 0.76891 0.54374 0.31398 0.0 0.0 0.0 0.0 0.0 0.0 0.0 0.0 0.0 0.0 0.0 0.0 0.0 0.0 0.0 0.0 0.0 0.0 0.31398 0.67781 1.02502 1.37968 1.74695 2.11937 2.4958 2.87969 3.25784 3.62797 4.0044 4.39229 4.79566 5.20532 5.458 5.37377 5.11422 4.75899 4.38141 3.98378 3.57812 3.16101 2.73358 2.31188 1.88217 1.44901 1.00898 0.57296 0.0 0.0 0.0 0.0 0.0 0.0 0.0 0.0
0.0 0.0 0.0 0.0 0.0 0.0 0.0 0.18105 0.31398 0.54374 0.74714 0.97575 1.18831 1.44901 1.65986 1.46047 1.20207 0.95856 0.72479 0.47957 0.25611 0.0 0.0 0.0 0.0 0.0 0.0 0.0 0.0 0.0 0.0 0.0 0.0 0.0 0.0 0.0 0.0 0.0 0.18105 0.51222 0.8497 1.20207 1.55787 1.92571 2.29069 2.66139 3.02923 3.39993 3.76089 4.14019 4.53439 4.93317 5.33767 5.43393 5.30731 5.00536 4.64096 4.26051 3.85887 3.43832 3.01261 2.58003 2.14286 1.7183 1.28113 0.8497 0.40508 0.0 0.0 0.0 0.0 0.0 0.0 0.0
0.0 0.0 0.0 0.0 0.0 0.0 0.0 0.31398 0.47957 0.67781 0.86918 1.05653 1.26853 1.48224 1.7183 1.63006 1.37968 1.14592 0.92361 0.70187 0.47957 0.25611 0.0 0.0 0.0 0.0 0.0 0.0 0.0 0.0 0.0 0.0 0.0 0.0 0.0 0.0 0.0 0.0 0.0 0.36211 0.70187 1.02502 1.37968 1.72804 2.08843 2.44939 2.80463 3.16616 3.52254 3.88465 4.26796 4.66216 5.05349 5.37377 5.39554 5.23626 4.90337 4.53439 4.14821 3.73912 3.32201 2.89115 2.44939 2.00879 1.56876 1.13159 0.70187 0.31398 0.0 0.0 0.0 0.0 0.0 0.0
0.0 0.0 0.0 0.0 0.0 0.0 0.25611 0.44404 0.62739 0.78954 0.95856 1.13159 1.31895 1.52636 1.75612 1.80195 1.57907 1.34359 1.13159 0.90585 0.70187 0.47957 0.25611 0.0 0.0 0.0 0.0 0.0 0.0 0.0 0.0 0.0 0.0 0.0 0.0 0.0 0.0 0.0 0.0 0.25611 0.54374 0.86918 1.20207 1.53667 1.88217 2.23282 2.58633 2.93584 3.27789 3.62797 4.00039 4.38141 4.7693 5.15547 5.36231 5.34684 5.14917 4.80597 4.43641 4.04852 3.64573 3.22747 2.79317 2.35428 1.90852 1.46047 1.02502 0.57296 0.18105 0.0 0.0 0.0 0.0 0.0
0.0 0.0 0.0 0.0 0.18105 0.31398 0.44404 0.57296 0.72479 0.86918 1.02502 1.20207 1.36765 1.55787 1.77445 1.93373 1.76528 1.54756 1.33155 1.13159 0.92361 0.70187 0.47957 0.25611 0.0 0.0 0.0 0.0 0.0 0.0 0.0 0.0 0.0 0.0 0.0 0.0 0.0 0.0 0.0 0.0 0.40508 0.70187 1.02502 1.34359 1.6696 2.00077 2.33308 2.66712 2.99657 3.33175 3.68125 4.05654 4.43641 4.82316 5.20246 5.33195 5.28611 5.03744 4.69367 4.33271 3.95914 3.56437 3.15585 2.73358 2.30501 1.86498 1.43755 1.00898 0.60103 0.25611 0.0 0.0 0.0 0.0
0.0 0.0 0.18105 0.25611 0.36211 0.44404 0.54374 0.67781 0.81016 0.94137 1.10237 1.25535 1.41463 1.57907 1.78362 1.98415 1.97613 1.75612 1.54756 1.34359 1.14592 0.94137 0.72479 0.47957 0.25611 0.0 0.0 0.0 0.0 0.0 0.0 0.0 0.0 0.0 0.0 0.0 0.0 0.0 0.0 0.0 0.25611 0.54374 0.83022 1.11669 1.43755 1.75612 2.07239 2.39554 2.71525 3.03438 3.37128 3.72594 4.09264 4.46964 4.84035 5.20876 5.29241 5.21162 4.92686 4.58481 4.23015 3.86345 3.48129 3.09856 2.70321 2.29756 1.88217 1.48224 1.0869 0.74714 0.54374 0.44404 0.36211 0.31398
0.25611 0.31398 0.36211 0.40508 0.47957 0.57296 0.65317 0.76891 0.88751 1.00898 1.16024 1.30634 1.44901 1.61001 1.77445 1.97613 2.11937 1.97613 1.77445 1.56876 1.37968 1.17399 0.95856 0.74714 0.51222 0.31398 0.0 0.0 0.0 0.0 0.0 0.0 0.0 0.0 0.0 0.0 0.0 0.0 0.0 0.0 0.0 0.36211 0.62739 0.92361 1.21524 1.51547 1.82029 2.12739 2.43564 2.74561 3.06131 3.39535 3.75173 4.1167 4.47652 4.83691 5.18985 5.23626 5.14287 4.84321 4.50574 4.15967 3.79928 3.43374 3.06647 2.69176 2.32621 1.95092 1.58938 1.25535 0.99236 0.8497 0.76891 0.70187
0.44404 0.47957 0.51222 0.54374 0.60103 0.67781 0.76891 0.8497 0.95856 1.072 1.20207 1.34359 1.48224 1.61975 1.77445 1.95092 2.11937 2.19557 2.00879 1.80195 1.61001 1.41463 1.21524 0.99236 0.76891 0.54374 0.31398 0.0 0.0 0.0 0.0 0.0 0.0 0.0 0.0 0.0 0.0 0.0 0.0 0.0 0.0 0.18105 0.44404 0.70187 0.99236 1.28113 1.56876 1.86498 2.16578 2.46257 2.75765 3.07736 3.41483 3.76491 4.12071 4.46964 4.81972 5.15261 5.17725 5.08901 4.79279 4.46563 4.12472 3.77751 3.424 3.0722 2.72728 2.39554 2.06494 1.73721 1.46047 1.25535 1.14592 1.072
0.62739 0.62739 0.65317 0.67781 0.72479 0.78954 0.8497 0.94137 1.02502 1.13159 1.24217 1.36765 1.4937 1.63006 1.76528 1.91712 2.08041 2.22537 2.24714 2.0489 1.85581 1.65986 1.46047 1.24217 1.02502 0.81016 0.57296 0.31398 0.0 0.0 0.0 0.0 0.0 0.0 0.0 0.0 0.0 0.0 0.0 0.0 0.0 0.0 0.25611 0.51222 0.76891 1.05653 1.33155 1.61001 1.89993 2.18068 2.46257 2.76338 3.08251 3.41941 3.76892 4.11269 4.45131 4.77961 5.09474 5.12396 5.03744 4.7693 4.4473 4.12472 3.79069 3.4578 3.12491 2.81036 2.50898 2.21047 1.92571 1.68965 1.52636 1.43755
0.78954 0.78954 0.78954 0.81016 0.83022 0.88751 0.94137 1.00898 1.0869 1.17399 1.28113 1.37968 1.4937 1.61975 1.73721 1.87357 2.01681 2.17323 2.29756 2.30501 2.1039 1.89993 1.69882 1.4937 1.28113 1.05653 0.83022 0.60103 0.36211 0.0 0.0 0.0 0.0 0.0 0.0 0.0 0.0 0.0 0.0 0.0 0.0 0.0 0.0 0.31398 0.57296 0.83022 1.10237 1.36765 1.64038 1.90852 2.18068 2.45627 2.76911 3.08767 3.41941 3.76089 4.08863 4.41464 4.72747 5.02083 5.07641 4.99218 4.7693 4.46563 4.15165 3.83767 3.52254 3.22231 2.92495 2.65509 2.38179 2.12739 1.93373 1.79278
0.95856 0.94137 0.92361 0.92361 0.94137 0.97575 1.02502 1.072 1.13159 1.21524 1.29374 1.39171 1.48224 1.5997 1.70856 1.82029 1.95092 2.08843 2.22537 2.34741 2.35428 2.17323 1.95952 1.74695 1.53667 1.31895 1.0869 0.83022 0.57296 0.31398 0.0 0.0 0.0 0.0 0.0 0.0 0.0 0.0 0.0 0.0 0.0 0.0 0.0 0.18105 0.36211 0.62739 0.86918 1.11669 1.37968 1.64038 1.89993 2.16578 2.44939 2.75765 3.08251 3.41483 3.73454 4.05253 4.35849 4.65471 4.9303 5.03744 4.94577 4.78935 4.50574 4.21067 3.90929 3.62339 3.33691 3.0722 2.81036 2.55425 2.33308 2.15776
1.11669 1.072 1.05653 1.04106 1.05653 1.072 1.0869 1.13159 1.17399 1.24217 1.30634 1.37968 1.47136 1.55787 1.65986 1.76528 1.86498 1.98415 2.11937 2.24714 2.36803 2.36803 2.24026 2.01681 1.79278 1.55787 1.30634 1.04106 0.76891 0.47957 0.18105 0.0 0.0 0.0 0.0 0.0 0.0 0.0 0.0 0.0 0.0 0.0 0.0 0.0 0.18105 0.40508 0.65317 0.88751 1.13159 1.37968 1.63006 1.88217 2.14286 2.44252 2.75765 3.0722 3.39076 3.69902 4.0044 4.29489 4.56647 4.82316 4.98874 4.91025 4.78649 4.57048 4.28744 4.00841 3.73454 3.47671 3.20742 2.95245 2.72155 2.52846
1.28113 1.21524 1.17399 1.16024 1.14592 1.14592 1.16024 1.17399 1.21524 1.25535 1.30634 1.36765 1.43755 1.51547 1.5997 1.68965 1.78362 1.88217 1.98415 2.11192 2.24026 2.36116 2.34053 2.25459 2.0489 1.78362 1.50459 1.24217 0.97575 0.67781 0.40508 0.0 0.0 0.0 0.0 0.0 0.0 0.0 0.0 0.0 0.0 0.0 0.0 0.0 0.0 0.18105 0.44404 0.65317 0.88751 1.13159 1.36765 1.61001 1.85581 2.13484 2.43564 2.73931 3.05616 3.35639 3.65891 3.94252 4.21468 4.46964 4.70398 4.89019 4.87301 4.75899 4.59512 4.37396 4.11269 3.85486 3.59187 3.33175 3.0934 2.88542
1.42609 1.34359 1.29374 1.25535 1.22899 1.21524 1.21524 1.21524 1.22899 1.25535 1.29374 1.34359 1.39171 1.46047 1.52636 1.5997 1.67991 1.76528 1.85581 1.95952 2.07239 2.19557 2.31188 2.29069 2.21047 1.98415 1.72804 1.43755 1.16024 0.86918 0.57296 0.25611 0.0 0.0 0.0 0.0 0.0 0.0 0.0 0.0 0.0 0.0 0.0 0.0 0.0 0.0 0.18105 0.44404 0.65317 0.88751 1.11669 1.34359 1.57907 1.83805 2.12739 2.42247 2.72728 3.02923 3.318 3.60562 3.87205 4.12472 4.35849 4.57048 4.75211 4.8266 4.72747 4.57736 4.39974 4.17572 3.92992 3.68125 3.44348 3.22747
