data/slope_sharpnack_max.txt
ncols	401
nrows	401
xllcorner	0.0
yllcorner	0.0
cellsize	10.0
NODATA_value	-9999.0
[rows 60 to 89 of 401, columns 268 to 334 of 401]
5.64478 5.72499 5.78401 5.82297 5.83959 5.83443 5.80062 5.74161 5.66541 5.69635 5.70781 5.69348 5.65051 5.58118 5.48206 5.35028 5.18641 4.99218 4.76586 4.50975 4.22614 3.91731 3.58271 3.23778 2.96334 2.76338 2.66712 2.65509 2.87969 3.15585 3.40509 3.695 4.00039 4.28744 4.54871 4.77618 4.9727 5.13026 5.24887 5.32278 5.35601 5.34684 5.29871 5.20246 5.06953 4.8965 4.68679 4.44386 4.17171 3.97976 3.75173 3.48989 3.22231 2.95245 2.70321 2.44939 2.33308 2.38179 2.55425 2.76911 3.00746 3.31284 3.62339 3.90929 4.15566 4.37396 4.54871
5.74734 5.81438 5.86136 5.8923 5.89516 5.87855 5.83443 5.76453 5.75307 5.78401 5.78917 5.77541 5.73072 5.65681 5.55253 5.41674 5.24887 5.05005 4.82316 4.56647 4.27942 3.96716 3.63656 3.2882 3.03438 2.85104 2.77541 2.83385 3.09856 3.37587 3.63656 3.87606 4.1442 4.41865 4.66903 4.88332 5.06323 5.20876 5.31017 5.37721 5.39554 5.37091 5.30731 5.20246 5.05693 4.87014 4.64783 4.39229 4.11269 3.87606 3.65031 3.39076 3.11976 2.85677 2.60524 2.34741 2.24026 2.29069 2.46945 2.69176 2.94099 3.25784 3.58271 3.87606 4.13618 4.3625 4.55215
5.82583 5.8837 5.91923 5.93584 5.93011 5.90261 5.84761 5.77828 5.8287 5.8562 5.86136 5.84245 5.7949 5.7164 5.6104 5.47576 5.30731 5.10448 4.87644 4.61976 4.33271 4.02044 3.68584 3.34665 3.10371 2.94099 2.87969 3.00746 3.29279 3.57354 3.84226 4.08462 4.2989 4.52751 4.76243 4.96239 5.13313 5.26434 5.35314 5.40414 5.41044 5.37377 5.29871 5.18011 5.02083 4.8266 4.59512 4.32927 4.03649 3.75631 3.52713 3.27273 3.00746 2.73931 2.4958 2.24026 2.13484 2.19557 2.38179 2.61154 2.87396 3.1971 3.52713 3.83366 4.10467 4.33672 4.53439
5.88084 5.92782 5.95475 5.96277 5.94673 5.90834 5.84474 5.83729 5.8837 5.90834 5.91407 5.8923 5.84474 5.76739 5.65968 5.51988 5.35314 5.15547 4.92343 4.66903 4.38141 4.06857 3.73912 3.39993 3.17648 3.03438 2.98511 3.18163 3.48129 3.76491 4.03248 4.27598 4.48798 4.6656 4.83347 5.02427 5.17725 5.29528 5.37377 5.40758 5.40414 5.35945 5.26777 5.13943 4.96926 4.76243 4.52064 4.24906 3.94653 3.61937 3.39535 3.14038 2.87969 2.61784 2.38179 2.11937 2.02541 2.09645 2.28324 2.52846 2.78687 3.11976 3.46238 3.77293 4.05253 4.29489 4.5023
5.91407 5.94959 5.96564 5.96277 5.93871 5.8923 5.82297 5.87282 5.91923 5.94673 5.94959 5.92782 5.88084 5.80349 5.69635 5.55769 5.39211 5.19272 4.96583 4.70685 4.42954 4.12071 3.79069 3.4578 3.24294 3.12491 3.08767 3.34665 3.64573 3.93393 4.20265 4.44386 4.65127 4.83003 4.9727 5.07927 5.19902 5.30387 5.36804 5.39211 5.37721 5.31648 5.21793 5.07641 4.8965 4.68278 4.43641 4.15165 3.84627 3.51338 3.24294 2.99657 2.73931 2.48893 2.24714 2.00077 1.90852 1.98415 2.18068 2.42934 2.69806 3.03438 3.38561 3.69902 3.98378 4.23416 4.4473
5.91923 5.94444 5.95189 5.94157 5.91121 5.8562 5.82583 5.88943 5.93871 5.96277 5.9685 5.94959 5.89745 5.82297 5.71926 5.58118 5.41674 5.22136 4.99848 4.74524 4.46563 4.16368 3.84226 3.51796 3.3031 3.212 3.1971 3.49447 3.7947 4.08061 4.35104 4.58825 4.79566 4.97557 5.11422 5.21793 5.27981 5.30158 5.34398 5.35601 5.32564 5.25517 5.14631 4.99562 4.80941 4.58481 4.33271 4.0405 3.72996 3.39076 3.07736 2.83958 2.58633 2.34741 2.11192 1.86498 1.78362 1.86498 2.07239 2.32621 2.59894 2.94099 3.29279 3.61479 3.90471 4.15566 4.37396
5.89975 5.91636 5.91636 5.89975 5.86136 5.79776 5.82011 5.88943 5.93584 5.96277 5.96564 5.94673 5.90261 5.8287 5.72786 5.59608 5.43393 5.24256 5.02083 4.77618 4.5023 4.20666 3.88866 3.56437 3.36613 3.2882 3.30769 3.61937 3.9219 4.21067 4.47652 4.71372 4.91999 5.09474 5.23053 5.33195 5.39211 5.41331 5.38924 5.32278 5.25517 5.17725 5.05693 4.89994 4.70398 4.47652 4.21468 3.9219 3.60562 3.26299 2.9026 2.66712 2.42247 2.18813 1.96754 1.72804 1.65986 1.74695 1.95952 2.21047 2.48893 2.83385 3.18679 3.50879 3.79928 4.05654 4.28343
5.8562 5.86422 5.85907 5.83156 5.78687 5.71926 5.7949 5.86136 5.91121 5.94157 5.94673 5.93011 5.88943 5.81724 5.71926 5.59321 5.43393 5.25173 5.03744 4.79909 4.52751 4.24103 3.93393 3.61479 3.424 3.35639 3.41483 3.72996 4.03248 4.32125 4.58481 4.81628 5.02083 5.18985 5.32278 5.42247 5.4792 5.49638 5.47003 5.40758 5.29871 5.14631 4.95608 4.78649 4.58825 4.35104 4.08061 3.78611 3.46697 3.12491 2.76338 2.48263 2.25459 2.02541 1.82029 1.58938 1.51547 1.61975 1.83805 2.08843 2.36803 2.71525 3.0722 3.39535 3.68584 3.94653 4.17171
5.78687 5.78401 5.77255 5.74161 5.69062 5.66541 5.74734 5.81724 5.86709 5.89745 5.90834 5.89516 5.8562 5.78917 5.69635 5.57545 5.42247 5.246 5.04031 4.80941 4.55215 4.27197 3.97174 3.65891 3.47671 3.41941 3.50879 3.82048 4.12071 4.40719 4.6656 4.89363 5.09818 5.26434 5.39554 5.49065 5.54394 5.55769 5.52904 5.4643 5.35314 5.20246 5.01166 4.78305 4.51663 4.21468 3.94653 3.64573 3.32201 2.98511 2.62415 2.29069 2.07239 1.86498 1.65986 1.44901 1.39171 1.4937 1.7183 1.97613 2.24026 2.58633 2.94099 3.26815 3.5552 3.81189 4.0405
5.68775 5.68489 5.66541 5.62759 5.56972 5.59035 5.67629 5.74734 5.79776 5.83443 5.84761 5.83959 5.80635 5.74447 5.65968 5.54394 5.40414 5.23397 5.03401 4.81285 4.56304 4.29489 4.00841 3.69902 3.52254 3.47155 3.58271 3.89268 4.19119 4.47308 4.72747 4.95265 5.14917 5.31017 5.4368 5.52904 5.58118 5.59608 5.56399 5.49638 5.38638 5.23626 5.04719 4.81628 4.55616 4.2565 3.92591 3.56895 3.18163 2.83385 2.47575 2.15031 1.87357 1.68965 1.50459 1.29374 1.24217 1.36765 1.58938 1.83805 2.1039 2.44939 2.80463 3.11976 3.40967 3.66808 3.89268
5.56399 5.5554 5.53191 5.48779 5.43164 5.49409 5.58118 5.65337 5.71067 5.7502 5.76739 5.76453 5.73588 5.68202 5.60181 5.49638 5.36518 5.20532 5.01854 4.80941 4.57048 4.3138 4.03649 3.73912 3.56437 3.52254 3.64115 3.94653 4.24103 4.51663 4.76586 4.98588 5.17725 5.33767 5.46086 5.54967 5.59894 5.60754 5.57832 5.50498 5.39841 5.24887 5.06323 4.83691 4.57736 4.28343 3.95513 3.60562 3.22231 2.82239 2.40241 2.01681 1.69882 1.51547 1.34359 1.14592 1.11669 1.24217 1.46047 1.69882 1.96754 2.30501 2.64878 2.96334 3.2481 3.50421 3.72594
5.42247 5.40758 5.37721 5.33195 5.2735 5.37377 5.46086 5.54107 5.60181 5.64478 5.66827 5.67114 5.64765 5.60181 5.53477 5.4368 5.31361 5.16521 4.98874 4.78935 4.56647 4.32125 4.05654 3.77751 3.60104 3.56437 3.68125 3.98378 4.27197 4.53783 4.78305 4.99848 5.18355 5.33767 5.458 5.54107 5.58748 5.59608 5.56686 5.49638 5.38924 5.2397 5.05693 4.83347 4.57736 4.28744 3.97174 3.62797 3.25268 2.8625 2.45627 2.08041 1.7183 1.39171 1.16024 0.99236 0.97575 1.11669 1.33155 1.55787 1.82029 2.15031 2.48893 2.79317 3.07736 3.32201 3.54604
5.25173 5.23053 5.19615 5.14917 5.12683 5.23397 5.32564 5.40414 5.47003 5.51988 5.5468 5.5554 5.54394 5.50842 5.44883 5.35945 5.24887 5.11422 4.95265 4.76586 4.55215 4.32526 4.07258 3.80329 3.62339 3.59646 3.7036 4.00039 4.27942 4.54184 4.77618 4.98874 5.16751 5.31648 5.43164 5.51128 5.5554 5.56113 5.52904 5.46086 5.35314 5.20876 5.02427 4.81285 4.56304 4.27942 3.97174 3.63198 3.27273 2.89687 2.50211 2.13484 1.78362 1.43755 1.17399 0.94137 0.86918 0.99236 1.18831 1.41463 1.6696 1.99275 2.31933 2.61154 2.87969 3.13007 3.34206
5.05979 5.03401 4.99848 4.95265 4.96239 5.06953 5.16521 5.24887 5.31934 5.37091 5.40758 5.42534 5.42247 5.39554 5.34398 5.27064 5.17381 5.04719 4.8965 4.72747 4.53439 4.31781 4.08061 3.82908 3.64115 3.62339 3.71219 4.00039 4.27197 4.52407 4.75555 4.95265 5.13026 5.2735 5.38007 5.458 5.49925 5.50498 5.47289 5.40127 5.29871 5.15547 4.979 4.7693 4.52407 4.2565 3.95112 3.62797 3.27789 2.90776 2.54794 2.19557 1.85581 1.51547 1.18831 0.97575 0.88751 0.97575 1.11669 1.28113 1.50459 1.82029 2.13484 2.42247 2.68545 2.91922 3.13007
4.84665 4.81972 4.78305 4.73091 4.77961 4.88332 4.98244 5.07297 5.14917 5.21162 5.25173 5.27694 5.28324 5.26777 5.22767 5.16521 5.07927 4.9727 4.84035 4.68278 4.5023 4.30234 4.08462 3.85085 3.65031 3.63198 3.69902 3.97976 4.24504 4.48798 4.70685 4.90337 5.06667 5.20532 5.30731 5.38294 5.41961 5.42534 5.38924 5.32278 5.22136 5.08271 4.91369 4.70685 4.47308 4.21067 3.91731 3.60104 3.26815 2.91922 2.57315 2.24714 1.91712 1.58938 1.26853 1.00898 0.92361 0.95856 1.0869 1.22899 1.39171 1.64038 1.94233 2.21792 2.46945 2.70321 2.9026
4.61976 4.58481 4.54527 4.49142 4.57048 4.68278 4.78305 4.87644 4.95952 5.0277 5.08271 5.11422 5.13026 5.12396 5.09818 5.04719 4.97557 4.87988 4.76586 4.6232 4.4622 4.27942 4.08462 3.86345 3.65891 3.63656 3.69042 3.94252 4.19921 4.42954 4.64096 4.83003 4.98874 5.11709 5.21793 5.28611 5.31934 5.32278 5.29241 5.22423 5.12396 4.98874 4.82316 4.62663 4.40375 4.14821 3.86747 3.56895 3.2481 2.91922 2.60524 2.28324 1.97613 1.6696 1.35562 1.072 0.94137 0.99236 1.0869 1.20207 1.35562 1.55787 1.76528 2.00879 2.24714 2.46257 2.65509
4.38141 4.33672 4.28744 4.24103 4.34359 4.45818 4.56304 4.6656 4.75555 4.8266 4.89019 4.93317 4.96239 4.96583 4.95265 4.91655 4.8604 4.77961 4.67935 4.5596 4.41464 4.25249 4.06857 3.87205 3.66808 3.63198 3.66808 3.89268 4.13618 4.35849 4.55616 4.73492 4.88676 5.0088 5.10104 5.16751 5.19902 5.19902 5.16751 5.10104 5.0088 4.87988 4.71716 4.53095 4.3138 4.07258 3.80329 3.51796 3.21716 2.91349 2.62415 2.31933 2.02541 1.72804 1.42609 1.17399 1.00898 1.00898 1.0869 1.18831 1.31895 1.48224 1.6696 1.85581 2.01681 2.22537 2.40241
4.14821 4.09264 4.03649 3.98779 4.10066 4.21869 4.33271 4.43641 4.53439 4.61689 4.68679 4.7418 4.77961 4.79566 4.79566 4.77618 4.73091 4.66903 4.58825 4.48053 4.35849 4.21468 4.05253 3.87606 3.68125 3.61937 3.65031 3.82507 4.05253 4.26452 4.45475 4.6232 4.76586 4.87988 4.96926 5.03057 5.05979 5.05693 5.02427 4.96239 4.87014 4.74867 4.59512 4.41464 4.21067 3.98378 3.72996 3.46238 3.18163 2.90776 2.63618 2.35428 2.07239 1.79278 1.50459 1.26853 1.0869 1.04106 1.10237 1.17399 1.26853 1.41463 1.57907 1.72804 1.85581 1.97613 2.14286
3.90929 3.85085 3.78611 3.76089 3.86345 3.97174 4.08462 4.19921 4.2989 4.38886 4.46563 4.53439 4.5808 4.61288 4.62663 4.61976 4.59512 4.54871 4.48397 4.39974 4.29088 4.1677 4.02446 3.86747 3.695 3.60104 3.61937 3.74772 3.95914 4.15967 4.33672 4.49485 4.62663 4.73492 4.81628 4.87301 4.89994 4.8965 4.86384 4.80597 4.71716 4.59913 4.45818 4.28744 4.09665 3.87606 3.64573 3.39993 3.14497 2.89687 2.64248 2.38179 2.11192 1.84722 1.57907 1.34359 1.17399 1.10237 1.11669 1.16024 1.22899 1.34359 1.48224 1.61001 1.70856 1.80195 1.88217
3.66349 3.60104 3.53687 3.53687 3.63656 3.73912 3.84226 3.95112 4.05253 4.15165 4.24103 4.31781 4.3774 4.41865 4.4473 4.45475 4.4473 4.41865 4.36995 4.30635 4.21869 4.11269 3.99237 3.85486 3.7036 3.58271 3.58271 3.66349 3.84627 4.03649 4.20265 4.3476 4.47308 4.57392 4.65127 4.70055 4.72404 4.71716 4.69023 4.63007 4.54527 4.43641 4.30234 4.1442 3.96716 3.76892 3.5552 3.33691 3.10887 2.87969 2.64878 2.40241 2.15031 1.89993 1.65012 1.43755 1.29374 1.20207 1.16024 1.16024 1.21524 1.29374 1.39171 1.48224 1.56876 1.63006 1.67991
3.41483 3.3518 3.2882 3.30769 3.40509 3.51338 3.61479 3.71678 3.81189 3.9133 4.0044 4.08863 4.15967 4.21869 4.26051 4.28343 4.29088 4.27942 4.24906 4.19921 4.13217 4.04852 3.95112 3.83767 3.7036 3.57812 3.5552 3.59187 3.73454 3.9007 4.05253 4.19119 4.30234 4.39974 4.46563 4.51319 4.53439 4.52751 4.49886 4.44386 4.36594 4.26452 4.14019 4.00039 3.83366 3.65432 3.47155 3.27789 3.0722 2.8625 2.64248 2.40929 2.18068 1.93373 1.7183 1.53667 1.39171 1.30634 1.25535 1.24217 1.25535 1.30634 1.35562 1.40317 1.43755 1.48224 1.51547
3.15069 3.08767 3.02923 3.0722 3.17132 3.28305 3.39076 3.49447 3.59187 3.69042 3.78209 3.86747 3.94252 4.01242 4.06456 4.10066 4.12873 4.13217 4.12071 4.09264 4.04451 3.98378 3.9007 3.80788 3.7036 3.58271 3.52254 3.53687 3.62797 3.76089 3.9007 4.02044 4.12873 4.21067 4.27197 4.3138 4.33271 4.32927 4.30234 4.24906 4.18316 4.09264 3.97976 3.85085 3.71219 3.55979 3.39535 3.21716 3.03438 2.83385 2.62988 2.42247 2.20302 1.98415 1.79278 1.61975 1.4937 1.41463 1.35562 1.30634 1.29374 1.33155 1.34359 1.36765 1.39171 1.40317 1.41463
2.89115 2.82812 2.76911 2.82812 2.93584 3.05043 3.16101 3.26815 3.37587 3.47671 3.56895 3.66349 3.73912 3.80788 3.87205 3.9219 3.95513 3.97976 3.98779 3.97575 3.94653 3.90929 3.85085 3.77751 3.69042 3.59646 3.51338 3.50421 3.54604 3.64115 3.74772 3.85085 3.94653 4.02446 4.08061 4.1167 4.13217 4.13217 4.10467 4.06055 4.0044 3.9219 3.83366 3.72594 3.60562 3.46238 3.318 3.15585 2.97995 2.7989 2.60524 2.41559 2.21792 2.02541 1.85581 1.7183 1.5997 1.52636 1.44901 1.37968 1.35562 1.33155 1.33155 1.33155 1.33155 1.31895 1.30634
2.62415 2.56055 2.50898 2.58003 2.69176 2.81036 2.92495 3.04527 3.15585 3.26299 3.36613 3.4578 3.55062 3.62339 3.69042 3.74313 3.79069 3.82048 3.84627 3.85486 3.85085 3.82908 3.78611 3.73912 3.67266 3.60104 3.51338 3.48129 3.48989 3.54604 3.62797 3.7036 3.78209 3.84226 3.89669 3.92992 3.94653 3.95112 3.92992 3.89669 3.84627 3.77751 3.69902 3.60104 3.4853 3.36154 3.22747 3.07736 2.92495 2.76338 2.58633 2.40929 2.24026 2.08041 1.94233 1.82029 1.7183 1.63006 1.54756 1.46047 1.40317 1.34359 1.31895 1.29374 1.26853 1.22899 1.20207
2.35428 2.29756 2.24026 2.32621 2.44939 2.56685 2.68545 2.81036 2.93068 3.04527 3.15585 3.26299 3.36154 3.44348 3.51338 3.58271 3.63198 3.67266 3.7036 3.72996 3.73912 3.73912 3.72136 3.695 3.65432 3.60104 3.53687 3.4853 3.46697 3.48989 3.53228 3.58271 3.64115 3.69042 3.72996 3.76089 3.77293 3.77751 3.76491 3.73454 3.68584 3.62797 3.55062 3.46697 3.36613 3.25268 3.13523 3.00173 2.8625 2.71525 2.56685 2.41559 2.27636 2.15776 2.0489 1.94233 1.82945 1.73721 1.64038 1.53667 1.44901 1.37968 1.31895 1.26853 1.20207 1.14592 1.10237
2.08843 2.03343 1.98415 2.08843 2.19557 2.32621 2.44939 2.58003 2.70952 2.82812 2.94672 3.06131 3.16616 3.25784 3.34206 3.41941 3.48129 3.53228 3.56895 3.60562 3.63198 3.64573 3.65031 3.64573 3.62339 3.59187 3.5552 3.49963 3.47155 3.46238 3.48989 3.51338 3.54145 3.56437 3.59187 3.60562 3.61479 3.61021 3.59187 3.55979 3.51796 3.47155 3.40509 3.33175 3.24294 3.14497 3.03954 2.93068 2.81036 2.69806 2.58633 2.47575 2.37491 2.26891 2.16578 2.0489 1.95092 1.83805 1.73721 1.61975 1.50459 1.40317 1.31895 1.22899 1.16024 1.0869 1.00898
1.82945 1.77445 1.7183 1.83805 1.95952 2.08843 2.22537 2.35428 2.48893 2.61154 2.73931 2.85677 2.97422 3.07736 3.17132 3.25784 3.32717 3.39076 3.44348 3.48129 3.51796 3.55062 3.57354 3.58729 3.58729 3.58271 3.55979 3.53228 3.49963 3.48129 3.48129 3.49447 3.51796 3.53228 3.54145 3.54604 3.54145 3.52713 3.50879 3.48129 3.44348 3.39993 3.34665 3.28305 3.21716 3.14038 3.05616 2.96907 2.87969 2.78687 2.69176 2.59894 2.4958 2.39554 2.28324 2.17323 2.06494 1.94233 1.82945 1.69882 1.58938 1.46047 1.34359 1.24217 1.16024 1.0869 1.02502
1.61975 1.55787 1.51547 1.61001 1.72804 1.85581 1.98415 2.12739 2.26204 2.40241 2.53477 2.66139 2.78114 2.89687 2.99657 3.08767 3.17132 3.2481 3.31284 3.36154 3.40509 3.45264 3.48989 3.52254 3.54604 3.55979 3.55979 3.55979 3.54145 3.52254 3.52254 3.52713 3.53687 3.54604 3.55062 3.5552 3.55062 3.54145 3.52713 3.50421 3.47155 3.43832 3.39076 3.34665 3.2882 3.22747 3.15585 3.08251 3.00173 2.91349 2.82239 2.72155 2.62415 2.51528 2.40929 2.29069 2.17323 2.0489 1.91712 1.78362 1.65986 1.54756 1.43755 1.34359 1.26853 1.17399 1.11669
1.43755 1.36765 1.31895 1.42609 1.53667 1.65012 1.77445 1.90852 2.0489 2.19557 2.32621 2.46945 2.59263 2.70952 2.82239 2.92495 3.01834 3.09856 3.17648 3.23778 3.29279 3.34665 3.40509 3.4578 3.49963 3.53228 3.5552 3.57354 3.58271 3.57812 3.57812 3.57812 3.58729 3.60104 3.61021 3.61937 3.61937 3.61479 3.60562 3.59187 3.56895 3.53687 3.50879 3.46238 3.40967 3.3518 3.2882 3.21716 3.14038 3.05043 2.95761 2.85677 2.75134 2.64248 2.52216 2.39554 2.26891 2.14286 2.00077 1.87357 1.75612 1.65012 1.55787 1.48224 1.42609 1.35562 1.31895
1.30634 1.21524 1.16024 1.25535 1.35562 1.47136 1.5997 1.73721 1.86498 2.00077 2.13484 2.26891 2.40929 2.53477 2.64878 2.75765 2.8625 2.95761 3.03954 3.1146 3.18163 3.24294 3.318 3.38561 3.44806 3.49447 3.54145 3.57812 3.60562 3.62339 3.64115 3.65432 3.65432 3.66808 3.67724 3.695 3.7036 3.70818 3.69902 3.69042 3.67724 3.65432 3.61937 3.58271 3.53687 3.48129 3.41483 3.34665 3.26815 3.17648 3.08251 2.97995 2.86823 2.75134 2.62988 2.50211 2.36803 2.23282 2.08843 1.95952 1.85581 1.77445 1.70856 1.65012 1.61001 1.56876 1.54756
