data/slope_horn_min.txt
ncols	401
nrows	401
xllcorner	0.0
yllcorner	0.0
cellsize	10.0
NODATA_value	-9999.0
[rows 297 to 329 of 401, columns 74 to 147 of 401]
3.14038 3.1971 3.2481 3.29279 3.32201 3.3518 3.37128 3.39076 3.41941 3.44806 3.4853 3.52713 3.57354 3.62797 3.68584 3.74313 3.79928 3.85085 3.9007 3.9219 3.90471 3.84627 3.74313 3.62339 3.47155 3.3031 3.11976 2.93068 2.75765 2.59263 2.42247 2.25459 2.08843 1.91712 1.74695 1.4937 1.20207 0.88751 0.57296 0.25611 0.0 0.0 0.0 0.0 0.0 0.0 0.0 0.0 0.0 0.0 0.0 0.0 0.0 0.0 0.0 0.0 0.0 0.0 0.0 0.0 0.0 0.0 0.0 0.0 0.0 0.0 0.0 0.0 0.0 0.18105 0.25611 0.31398 0.40508 0.44404
3.2481 3.2882 3.318 3.33175 3.32201 3.31284 3.29795 3.2882 3.2882 3.29279 3.30769 3.32717 3.36154 3.39993 3.43832 3.4853 3.53228 3.57812 3.62339 3.65432 3.68125 3.68125 3.64115 3.55979 3.44348 3.3031 3.14038 2.96907 2.78114 2.58003 2.38179 2.18813 2.00879 1.81112 1.56876 1.29374 1.00898 0.70187 0.36211 0.18105 0.0 0.0 0.0 0.0 0.0 0.0 0.0 0.0 0.0 0.0 0.0 0.0 0.0 0.0 0.0 0.0 0.0 0.0 0.0 0.0 0.0 0.0 0.0 0.0 0.0 0.0 0.0 0.18105 0.18105 0.25611 0.36211 0.40508 0.44404 0.47957
3.34665 3.36154 3.34665 3.32201 3.27273 3.22747 3.18679 3.15585 3.13523 3.11976 3.11976 3.11976 3.13523 3.15585 3.18679 3.212 3.25268 3.28305 3.318 3.34665 3.36613 3.38102 3.36613 3.318 3.23263 3.1146 2.97995 2.82239 2.64248 2.44939 2.26204 2.05692 1.84722 1.61975 1.36765 1.0869 0.78954 0.47957 0.18105 0.0 0.0 0.0 0.0 0.0 0.0 0.0 0.0 0.0 0.0 0.0 0.0 0.0 0.0 0.0 0.0 0.0 0.0 0.0 0.0 0.0 0.0 0.0 0.0 0.0 0.0 0.0 0.18105 0.25611 0.31398 0.36211 0.40508 0.47957 0.51222 0.54374
3.41941 3.39076 3.33691 3.26299 3.19195 3.12491 3.06647 3.01834 2.97422 2.94099 2.92495 2.9026 2.9026 2.90776 2.91922 2.93584 2.95761 2.97995 3.00746 3.02923 3.04527 3.05043 3.04527 3.00746 2.94672 2.84531 2.73358 2.59894 2.42934 2.25459 2.06494 1.85581 1.63006 1.39171 1.14592 0.86918 0.57296 0.25611 0.0 0.0 0.0 0.0 0.0 0.0 0.0 0.0 0.0 0.0 0.0 0.0 0.0 0.0 0.0 0.0 0.0 0.0 0.0 0.0 0.0 0.0 0.0 0.0 0.0 0.0 0.18105 0.25611 0.31398 0.36211 0.40508 0.47957 0.51222 0.54374 0.57296 0.60103
3.4578 3.38102 3.28305 3.18679 3.09856 3.01261 2.93584 2.8625 2.81036 2.75765 2.71525 2.69176 2.66712 2.65509 2.64878 2.65509 2.66712 2.67972 2.69176 2.70952 2.71525 2.72155 2.71525 2.69176 2.64248 2.54794 2.43564 2.31188 2.16578 2.00879 1.82029 1.61001 1.39171 1.17399 0.92361 0.65317 0.36211 0.0 0.0 0.0 0.0 0.0 0.0 0.0 0.0 0.0 0.0 0.0 0.0 0.0 0.0 0.0 0.0 0.0 0.0 0.0 0.0 0.0 0.0 0.0 0.0 0.18105 0.18105 0.25611 0.31398 0.36211 0.44404 0.47957 0.54374 0.57296 0.60103 0.62739 0.62739 0.65317
3.45264 3.33691 3.21716 3.10371 2.99084 2.89115 2.7989 2.71525 2.63618 2.56685 2.51528 2.46945 2.42934 2.40241 2.38179 2.37491 2.37491 2.36803 2.37491 2.38179 2.38866 2.38866 2.38866 2.36803 2.31933 2.24714 2.14286 2.01681 1.88217 1.7183 1.55787 1.35562 1.16024 0.92361 0.67781 0.44404 0.18105 0.0 0.0 0.0 0.0 0.0 0.0 0.0 0.0 0.0 0.0 0.0 0.0 0.0 0.0 0.0 0.0 0.0 0.0 0.0 0.18105 0.18105 0.18105 0.25611 0.31398 0.36211 0.40508 0.44404 0.47957 0.54374 0.57296 0.62739 0.65317 0.67781 0.70187 0.70187 0.70187 0.70187
3.41941 3.27789 3.14038 3.00746 2.88542 2.76911 2.66139 2.56055 2.46945 2.38866 2.31188 2.24714 2.19557 2.15031 2.11937 2.09645 2.08041 2.07239 2.06494 2.06494 2.06494 2.06494 2.0489 2.03343 2.00077 1.94233 1.84722 1.73721 1.58938 1.44901 1.28113 1.10237 0.90585 0.67781 0.44404 0.25611 0.0 0.0 0.0 0.0 0.0 0.0 0.0 0.0 0.0 0.0 0.0 0.0 0.0 0.18105 0.18105 0.18105 0.25611 0.25611 0.31398 0.31398 0.36211 0.40508 0.44404 0.47957 0.51222 0.54374 0.60103 0.62739 0.67781 0.70187 0.72479 0.76891 0.78954 0.78954 0.81016 0.78954 0.78954 0.76891
3.37128 3.20742 3.05616 2.91349 2.76911 2.63618 2.51528 2.40929 2.29756 2.20302 2.11937 2.04088 1.97613 1.92571 1.87357 1.83805 1.80195 1.78362 1.77445 1.75612 1.75612 1.74695 1.72804 1.70856 1.67991 1.64038 1.56876 1.44901 1.31895 1.18831 1.02502 0.8497 0.67781 0.47957 0.18105 0.0 0.0 0.0 0.0 0.0 0.0 0.0 0.0 0.0 0.18105 0.18105 0.25611 0.31398 0.36211 0.40508 0.40508 0.44404 0.47957 0.51222 0.54374 0.57296 0.60103 0.62739 0.65317 0.70187 0.72479 0.76891 0.78954 0.83022 0.8497 0.86918 0.88751 0.90585 0.92361 0.92361 0.90585 0.88751 0.86918 0.83022
3.30769 3.13523 2.96334 2.80463 2.65509 2.51528 2.37491 2.25459 2.13484 2.03343 1.94233 1.85581 1.77445 1.70856 1.65012 1.5997 1.54756 1.51547 1.4937 1.47136 1.44901 1.43755 1.42609 1.40317 1.37968 1.33155 1.28113 1.17399 1.05653 0.92361 0.78954 0.60103 0.44404 0.25611 0.0 0.0 0.0 0.0 0.0 0.0 0.0 0.0 0.18105 0.31398 0.36211 0.44404 0.47957 0.54374 0.60103 0.62739 0.67781 0.70187 0.72479 0.76891 0.78954 0.81016 0.8497 0.86918 0.90585 0.92361 0.95856 0.97575 0.99236 1.02502 1.04106 1.05653 1.05653 1.05653 1.05653 1.04106 1.02502 0.99236 0.95856 0.90585
3.23778 3.05043 2.87396 2.69806 2.53477 2.38179 2.24026 2.11192 1.99275 1.88217 1.77445 1.67991 1.5997 1.51547 1.44901 1.39171 1.34359 1.29374 1.25535 1.21524 1.18831 1.16024 1.14592 1.11669 1.0869 1.05653 1.00898 0.92361 0.81016 0.67781 0.57296 0.40508 0.25611 0.0 0.0 0.0 0.0 0.0 0.0 0.0 0.0 0.25611 0.36211 0.51222 0.60103 0.65317 0.72479 0.78954 0.83022 0.88751 0.92361 0.95856 0.99236 1.00898 1.04106 1.072 1.0869 1.11669 1.14592 1.16024 1.17399 1.20207 1.21524 1.22899 1.22899 1.24217 1.22899 1.22899 1.21524 1.18831 1.14592 1.10237 1.04106 0.97575
3.16616 2.96334 2.76911 2.58633 2.41559 2.25459 2.11192 1.97613 1.84722 1.72804 1.61975 1.51547 1.42609 1.34359 1.26853 1.20207 1.14592 1.10237 1.05653 1.00898 0.97575 0.94137 0.90585 0.86918 0.83022 0.78954 0.76891 0.70187 0.60103 0.51222 0.36211 0.25611 0.0 0.0 0.0 0.0 0.0 0.0 0.0 0.0 0.25611 0.47957 0.62739 0.78954 0.88751 0.97575 1.04106 1.0869 1.13159 1.17399 1.20207 1.22899 1.25535 1.28113 1.30634 1.33155 1.34359 1.36765 1.39171 1.40317 1.41463 1.42609 1.43755 1.43755 1.43755 1.42609 1.41463 1.39171 1.36765 1.31895 1.26853 1.21524 1.13159 1.04106
3.08251 2.86823 2.66712 2.47575 2.30501 2.14286 1.99275 1.84722 1.70856 1.57907 1.46047 1.35562 1.25535 1.17399 1.0869 1.02502 0.95856 0.90585 0.86918 0.83022 0.78954 0.74714 0.72479 0.67781 0.65317 0.60103 0.57296 0.51222 0.44404 0.36211 0.25611 0.0 0.0 0.0 0.0 0.0 0.0 0.0 0.0 0.36211 0.54374 0.74714 0.92361 1.0869 1.21524 1.30634 1.37968 1.42609 1.48224 1.51547 1.54756 1.56876 1.58938 1.5997 1.61975 1.61975 1.63006 1.65012 1.65012 1.65986 1.65986 1.65986 1.65986 1.65012 1.64038 1.61975 1.5997 1.55787 1.51547 1.46047 1.40317 1.31895 1.22899 1.13159
2.99084 2.76911 2.56055 2.36803 2.18813 2.02541 1.86498 1.7183 1.57907 1.43755 1.31895 1.20207 1.10237 1.00898 0.92361 0.8497 0.78954 0.72479 0.67781 0.65317 0.60103 0.57296 0.54374 0.51222 0.47957 0.44404 0.40508 0.36211 0.31398 0.18105 0.0 0.0 0.0 0.0 0.0 0.0 0.0 0.18105 0.40508 0.65317 0.8497 1.05653 1.24217 1.41463 1.54756 1.65986 1.73721 1.78362 1.83805 1.88217 1.90852 1.93373 1.95092 1.95952 1.96754 1.96754 1.96754 1.95952 1.95952 1.95092 1.94233 1.93373 1.91712 1.89993 1.86498 1.83805 1.79278 1.74695 1.68965 1.61001 1.53667 1.43755 1.33155 1.20207
2.9026 2.67342 2.45627 2.26204 2.08041 1.90852 1.74695 1.5997 1.44901 1.30634 1.18831 1.072 0.95856 0.86918 0.76891 0.70187 0.62739 0.57296 0.51222 0.47957 0.44404 0.40508 0.36211 0.36211 0.31398 0.31398 0.25611 0.18105 0.18105 0.0 0.0 0.0 0.0 0.0 0.0 0.0 0.18105 0.44404 0.70187 0.92361 1.14592 1.35562 1.55787 1.73721 1.89133 2.00879 2.09645 2.15776 2.21047 2.25459 2.28324 2.30501 2.31188 2.32621 2.32621 2.33308 2.31933 2.31188 2.29756 2.28324 2.26204 2.24026 2.21047 2.18068 2.14286 2.08843 2.03343 1.96754 1.88217 1.79278 1.69882 1.57907 1.42609 1.26853
2.81036 2.57315 2.35428 2.15031 1.97613 1.80195 1.64038 1.48224 1.33155 1.18831 1.05653 0.94137 0.83022 0.72479 0.62739 0.54374 0.47957 0.44404 0.36211 0.31398 0.31398 0.25611 0.25611 0.18105 0.18105 0.18105 0.0 0.0 0.0 0.0 0.0 0.0 0.0 0.0 0.0 0.18105 0.44404 0.70187 0.94137 1.17399 1.40317 1.61975 1.82945 2.01681 2.19557 2.34053 2.44939 2.51528 2.57315 2.61784 2.65509 2.67342 2.69806 2.70321 2.69806 2.69806 2.68545 2.66712 2.64878 2.62415 2.59263 2.56055 2.52216 2.46945 2.41559 2.34741 2.27636 2.18813 2.08843 1.96754 1.82945 1.67991 1.50459 1.30634
2.70952 2.46945 2.24714 2.0489 1.87357 1.69882 1.52636 1.36765 1.21524 1.072 0.94137 0.81016 0.70187 0.60103 0.51222 0.44404 0.36211 0.31398 0.25611 0.18105 0.18105 0.18105 0.0 0.0 0.0 0.0 0.0 0.0 0.0 0.0 0.0 0.0 0.0 0.0 0.25611 0.44404 0.70187 0.94137 1.17399 1.37968 1.58938 1.78362 1.98415 2.17323 2.36803 2.52846 2.67972 2.80463 2.89687 2.96334 3.00173 3.0235 3.03954 3.05043 3.04527 3.03954 3.0235 3.00173 2.97995 2.94672 2.9026 2.85677 2.80463 2.73931 2.66139 2.57315 2.47575 2.36116 2.23282 2.08041 1.90852 1.7183 1.52636 1.30634
2.61784 2.36803 2.14286 1.95952 1.77445 1.5997 1.42609 1.26853 1.11669 0.97575 0.83022 0.70187 0.60103 0.47957 0.40508 0.31398 0.25611 0.18105 0.18105 0.0 0.0 0.0 0.0 0.0 0.0 0.0 0.0 0.0 0.0 0.0 0.0 0.0 0.0 0.25611 0.44404 0.70187 0.92361 1.10237 1.26853 1.42609 1.5997 1.77445 1.96754 2.16578 2.36803 2.56685 2.74561 2.9026 3.01834 3.11976 3.20226 3.27789 3.32201 3.33691 3.33175 3.32201 3.3031 3.27789 3.24294 3.1971 3.14497 3.08251 3.01261 2.93068 2.83385 2.71525 2.59894 2.44939 2.29756 2.12739 1.94233 1.74695 1.52636 1.29374
2.51528 2.26891 2.0489 1.86498 1.67991 1.50459 1.34359 1.17399 1.02502 0.86918 0.74714 0.60103 0.51222 0.40508 0.31398 0.25611 0.18105 0.0 0.0 0.0 0.0 0.0 0.0 0.0 0.0 0.0 0.0 0.0 0.0 0.0 0.0 0.0 0.25611 0.44404 0.67781 0.88751 1.05653 1.16024 1.28113 1.41463 1.54756 1.70856 1.87357 2.05692 2.24026 2.42934 2.61154 2.79317 2.93068 3.05616 3.16616 3.26299 3.33175 3.37587 3.40967 3.43374 3.44348 3.42915 3.39535 3.34206 3.28305 3.20226 3.11976 3.01834 2.91349 2.78687 2.65509 2.50211 2.34053 2.16578 1.95952 1.75612 1.51547 1.26853
2.42934 2.18068 1.95952 1.77445 1.5997 1.42609 1.25535 1.0869 0.94137 0.78954 0.65317 0.54374 0.40508 0.31398 0.25611 0.18105 0.0 0.0 0.0 0.0 0.0 0.0 0.0 0.0 0.0 0.0 0.0 0.0 0.0 0.0 0.0 0.25611 0.44404 0.65317 0.86918 1.00898 1.072 1.16024 1.24217 1.34359 1.47136 1.61001 1.75612 1.91712 2.08041 2.24714 2.42247 2.58633 2.72728 2.85677 2.97995 3.08767 3.17132 3.23778 3.29279 3.33175 3.35639 3.3518 3.33175 3.2882 3.23778 3.17132 3.0934 2.99657 2.87969 2.75134 2.60524 2.44939 2.26891 2.08041 1.87357 1.65012 1.42609 1.17399
2.33308 2.08041 1.86498 1.68965 1.51547 1.34359 1.17399 1.00898 0.86918 0.72479 0.57296 0.44404 0.36211 0.25611 0.18105 0.0 0.0 0.0 0.0 0.0 0.0 0.0 0.0 0.0 0.0 0.0 0.0 0.0 0.0 0.0 0.25611 0.44404 0.65317 0.83022 0.95856 1.00898 1.05653 1.10237 1.17399 1.26853 1.36765 1.48224 1.61975 1.75612 1.90852 2.05692 2.21792 2.36803 2.50898 2.61784 2.72728 2.82239 2.91349 2.98511 3.05616 3.10371 3.13007 3.13523 3.13007 3.0934 3.05616 2.99084 2.90776 2.81609 2.69806 2.56685 2.42247 2.26204 2.07239 1.89133 1.68965 1.46047 1.22899 0.97575
2.24026 1.99275 1.78362 1.61001 1.43755 1.26853 1.10237 0.94137 0.78954 0.65317 0.51222 0.40508 0.31398 0.18105 0.0 0.0 0.0 0.0 0.0 0.0 0.0 0.0 0.0 0.0 0.0 0.0 0.0 0.0 0.0 0.25611 0.44404 0.65317 0.83022 0.94137 0.95856 0.97575 0.99236 1.02502 1.0869 1.16024 1.24217 1.34359 1.46047 1.58938 1.7183 1.85581 1.99275 2.13484 2.26204 2.37491 2.46945 2.55425 2.62988 2.69806 2.75134 2.78687 2.81036 2.82239 2.81609 2.7989 2.75765 2.69806 2.62415 2.52216 2.41559 2.27636 2.13484 1.97613 1.79278 1.61001 1.40317 1.20207 0.97575 0.74714
2.15031 1.90852 1.69882 1.53667 1.36765 1.20207 1.04106 0.88751 0.74714 0.60103 0.47957 0.36211 0.25611 0.18105 0.0 0.0 0.0 0.0 0.0 0.0 0.0 0.0 0.0 0.0 0.0 0.0 0.0 0.0 0.18105 0.44404 0.62739 0.78954 0.92361 0.94137 0.92361 0.90585 0.90585 0.94137 0.97575 1.04106 1.10237 1.18831 1.29374 1.40317 1.51547 1.64038 1.76528 1.88217 2.00879 2.11937 2.21047 2.28324 2.34741 2.40241 2.44939 2.47575 2.4958 2.50211 2.48893 2.45627 2.41559 2.35428 2.28324 2.18813 2.08041 1.95092 1.81112 1.65986 1.4937 1.31895 1.13159 0.94137 0.72479 0.51222
2.06494 1.82945 1.61975 1.46047 1.30634 1.14592 0.99236 0.8497 0.70187 0.57296 0.44404 0.31398 0.25611 0.18105 0.0 0.0 0.0 0.0 0.0 0.0 0.0 0.0 0.0 0.0 0.0 0.0 0.0 0.18105 0.40508 0.62739 0.81016 0.94137 0.94137 0.90585 0.86918 0.83022 0.81016 0.83022 0.8497 0.90585 0.95856 1.02502 1.11669 1.20207 1.31895 1.41463 1.52636 1.64038 1.75612 1.85581 1.95092 2.02541 2.07239 2.12739 2.15776 2.18068 2.19557 2.19557 2.18068 2.15031 2.11192 2.04088 1.96754 1.88217 1.78362 1.65986 1.53667 1.39171 1.22899 1.072 0.88751 0.70187 0.51222 0.31398
1.98415 1.74695 1.54756 1.39171 1.24217 1.0869 0.94137 0.81016 0.67781 0.54374 0.44404 0.31398 0.18105 0.18105 0.0 0.0 0.0 0.0 0.0 0.0 0.0 0.0 0.0 0.0 0.0 0.0 0.18105 0.40508 0.62739 0.81016 0.92361 0.95856 0.88751 0.83022 0.74714 0.72479 0.70187 0.70187 0.72479 0.74714 0.78954 0.86918 0.92361 1.00898 1.10237 1.20207 1.30634 1.41463 1.51547 1.61001 1.69882 1.76528 1.82945 1.86498 1.89993 1.91712 1.93373 1.92571 1.91712 1.88217 1.83805 1.78362 1.7183 1.63006 1.53667 1.41463 1.29374 1.14592 0.99236 0.83022 0.65317 0.47957 0.25611 0.0
1.90852 1.6696 1.48224 1.33155 1.18831 1.05653 0.90585 0.76891 0.65317 0.51222 0.40508 0.31398 0.18105 0.18105 0.0 0.0 0.0 0.0 0.0 0.0 0.0 0.0 0.0 0.0 0.0 0.0 0.36211 0.60103 0.78954 0.92361 0.95856 0.88751 0.78954 0.72479 0.65317 0.57296 0.54374 0.54374 0.54374 0.57296 0.62739 0.67781 0.74714 0.83022 0.92361 1.00898 1.10237 1.20207 1.29374 1.37968 1.46047 1.53667 1.5997 1.65012 1.67991 1.69882 1.70856 1.70856 1.68965 1.65986 1.61975 1.55787 1.48224 1.40317 1.30634 1.18831 1.05653 0.92361 0.76891 0.60103 0.44404 0.25611 0.0 0.0
1.83805 1.61001 1.41463 1.28113 1.14592 1.00898 0.88751 0.74714 0.62739 0.51222 0.40508 0.31398 0.25611 0.18105 0.0 0.0 0.0 0.0 0.0 0.0 0.0 0.0 0.0 0.0 0.0 0.36211 0.57296 0.76891 0.92361 0.97575 0.90585 0.78954 0.72479 0.62739 0.54374 0.44404 0.40508 0.36211 0.36211 0.40508 0.44404 0.51222 0.60103 0.67781 0.76891 0.8497 0.94137 1.02502 1.10237 1.18831 1.26853 1.34359 1.41463 1.46047 1.4937 1.50459 1.50459 1.50459 1.48224 1.44901 1.40317 1.34359 1.26853 1.18831 1.0869 0.97575 0.8497 0.70187 0.57296 0.40508 0.25611 0.0 0.0 0.0
1.77445 1.54756 1.36765 1.22899 1.10237 0.97575 0.8497 0.74714 0.62739 0.51222 0.40508 0.31398 0.25611 0.18105 0.0 0.0 0.0 0.0 0.0 0.0 0.0 0.0 0.0 0.0 0.31398 0.57296 0.76891 0.92361 0.99236 0.94137 0.81016 0.70187 0.60103 0.47957 0.36211 0.31398 0.25611 0.18105 0.18105 0.25611 0.31398 0.40508 0.47957 0.54374 0.62739 0.70187 0.76891 0.86918 0.94137 1.02502 1.0869 1.16024 1.21524 1.26853 1.30634 1.31895 1.31895 1.30634 1.28113 1.25535 1.20207 1.14592 1.072 0.97575 0.88751 0.76891 0.65317 0.51222 0.36211 0.18105 0.0 0.0 0.0 0.0
1.72804 1.4937 1.30634 1.17399 1.072 0.95856 0.8497 0.72479 0.62739 0.54374 0.44404 0.36211 0.25611 0.18105 0.18105 0.0 0.0 0.0 0.0 0.0 0.0 0.0 0.0 0.31398 0.54374 0.74714 0.90585 0.99236 0.94137 0.83022 0.72479 0.60103 0.47957 0.36211 0.25611 0.18105 0.0 0.0 0.0 0.18105 0.18105 0.25611 0.31398 0.40508 0.47957 0.54374 0.62739 0.70187 0.76891 0.8497 0.92361 0.97575 1.02502 1.072 1.11669 1.13159 1.14592 1.13159 1.10237 1.072 1.02502 0.95856 0.88751 0.78954 0.70187 0.57296 0.44404 0.31398 0.18105 0.0 0.0 0.0 0.0 0.0
1.67991 1.44901 1.26853 1.13159 1.04106 0.92361 0.83022 0.72479 0.62739 0.54374 0.47957 0.40508 0.31398 0.25611 0.18105 0.18105 0.18105 0.0 0.0 0.0 0.0 0.0 0.31398 0.51222 0.72479 0.88751 0.97575 0.95856 0.8497 0.72479 0.60103 0.47957 0.36211 0.25611 0.0 0.0 0.0 0.0 0.0 0.0 0.0 0.18105 0.18105 0.25611 0.36211 0.40508 0.47957 0.54374 0.62739 0.67781 0.74714 0.81016 0.8497 0.90585 0.94137 0.95856 0.95856 0.95856 0.94137 0.88751 0.8497 0.78954 0.70187 0.62739 0.51222 0.40508 0.31398 0.18105 0.0 0.0 0.0 0.0 0.0 0.0
1.65012 1.41463 1.22899 1.10237 1.00898 0.90585 0.83022 0.74714 0.65317 0.57296 0.51222 0.44404 0.36211 0.31398 0.25611 0.25611 0.18105 0.18105 0.18105 0.18105 0.18105 0.36211 0.54374 0.72479 0.86918 0.95856 0.95856 0.8497 0.72479 0.60103 0.47957 0.31398 0.18105 0.0 0.0 0.0 0.0 0.0 0.0 0.0 0.0 0.0 0.0 0.18105 0.18105 0.25611 0.36211 0.40508 0.47957 0.54374 0.60103 0.65317 0.70187 0.72479 0.76891 0.78954 0.78954 0.78954 0.76891 0.74714 0.67781 0.62739 0.54374 0.47957 0.36211 0.25611 0.18105 0.0 0.0 0.0 0.0 0.0 0.0 0.0
1.63006 1.39171 1.20207 1.072 0.97575 0.90585 0.83022 0.74714 0.67781 0.60103 0.54374 0.47957 0.44404 0.40508 0.36211 0.31398 0.31398 0.25611 0.25611 0.25611 0.36211 0.54374 0.72479 0.8497 0.94137 0.94137 0.8497 0.72479 0.60103 0.44404 0.31398 0.18105 0.0 0.0 0.0 0.0 0.0 0.0 0.0 0.0 0.0 0.0 0.0 0.0 0.0 0.18105 0.18105 0.25611 0.36211 0.40508 0.44404 0.51222 0.54374 0.57296 0.60103 0.62739 0.62739 0.62739 0.62739 0.57296 0.54374 0.47957 0.40508 0.31398 0.25611 0.18105 0.0 0.0 0.0 0.0 0.0 0.0 0.0 0.0
1.61975 1.39171 1.18831 1.05653 0.95856 0.88751 0.83022 0.76891 0.70187 0.62739 0.57296 0.54374 0.47957 0.44404 0.44404 0.40508 0.40508 0.36211 0.36211 0.44404 0.60103 0.74714 0.8497 0.90585 0.90585 0.83022 0.70187 0.57296 0.44404 0.31398 0.18105 0.0 0.0 0.0 0.0 0.0 0.0 0.0 0.0 0.0 0.0 0.0 0.0 0.0 0.0 0.0 0.0 0.18105 0.18105 0.25611 0.31398 0.36211 0.40508 0.44404 0.47957 0.47957 0.51222 0.47957 0.47957 0.44404 0.40508 0.36211 0.25611 0.18105 0.0 0.0 0.0 0.0 0.0 0.0 0.0 0.0 0.0 0.0
1.61975 1.39171 1.20207 1.04106 0.94137 0.88751 0.83022 0.76891 0.72479 0.67781 0.62739 0.60103 0.57296 0.54374 0.51222 0.47957 0.47957 0.47957 0.54374 0.65317 0.76891 0.8497 0.88751 0.86918 0.78954 0.67781 0.54374 0.40508 0.25611 0.18105 0.0 0.0 0.0 0.0 0.0 0.0 0.0 0.0 0.0 0.0 0.0 0.0 0.0 0.0 0.0 0.0 0.0 0.0 0.0 0.18105 0.18105 0.25611 0.31398 0.31398 0.36211 0.36211 0.36211 0.36211 0.36211 0.31398 0.31398 0.25611 0.18105 0.0 0.0 0.0 0.0 0.0 0.0 0.0 0.0 0.0 0.0 0.0
