data/slope_horn_max.txt
ncols	401
nrows	401
xllcorner	0.0
yllcorner	0.0
cellsize	10.0
NODATA_value	-9999.0
[rows 60 to 89 of 401, columns 201 to 267 of 401]
2.26204 2.25459 2.23282 2.19557 2.15031 2.09645 2.03343 1.95952 1.88217 1.79278 1.70856 1.63006 1.55787 1.48224 1.41463 1.33155 1.26853 1.21524 1.16024 1.11669 1.072 1.05653 1.0869 1.10237 1.14592 1.18831 1.25535 1.33155 1.40317 1.48224 1.56876 1.65986 1.76528 1.86498 1.96754 2.06494 2.18068 2.27636 2.38179 2.4958 2.59263 2.69806 2.79317 2.88542 2.97995 3.0722 3.17132 3.27789 3.37587 3.47671 3.57354 3.66808 3.76491 3.87606 4.01242 4.15566 4.2989 4.43985 4.57392 4.70398 4.8266 4.94004 5.06323 5.19615 5.32851 5.44883 5.5554
2.28324 2.28324 2.26204 2.23282 2.19557 2.14286 2.08843 2.01681 1.94233 1.86498 1.78362 1.69882 1.61001 1.53667 1.46047 1.40317 1.33155 1.26853 1.20207 1.16024 1.11669 1.11669 1.13159 1.14592 1.18831 1.22899 1.28113 1.34359 1.40317 1.4937 1.57907 1.6696 1.76528 1.86498 1.95952 2.06494 2.15776 2.26204 2.35428 2.46257 2.56055 2.67342 2.78114 2.89115 2.99657 3.1146 3.21716 3.32717 3.43374 3.54145 3.65432 3.77751 3.9133 4.05654 4.19921 4.33958 4.47652 4.60945 4.73836 4.8604 4.9727 5.08557 5.21162 5.34111 5.458 5.56972 5.66827
2.31188 2.31188 2.29756 2.27636 2.24026 2.19557 2.15031 2.08041 2.02541 1.95092 1.86498 1.79278 1.70856 1.63006 1.54756 1.47136 1.40317 1.34359 1.29374 1.25535 1.22899 1.22899 1.22899 1.25535 1.28113 1.31895 1.36765 1.43755 1.50459 1.58938 1.6696 1.75612 1.84722 1.94233 2.03343 2.13484 2.22537 2.32621 2.42247 2.52846 2.62988 2.73358 2.84531 2.95761 3.0722 3.19195 3.31284 3.43374 3.55979 3.68125 3.81189 3.95112 4.09264 4.23015 4.36594 4.5023 4.63408 4.75899 4.87988 4.99562 5.10104 5.21506 5.33767 5.458 5.56972 5.67114 5.75593
2.34741 2.34741 2.34741 2.32621 2.29756 2.26204 2.21047 2.15776 2.09645 2.02541 1.96754 1.88217 1.81112 1.73721 1.65986 1.58938 1.52636 1.46047 1.41463 1.37968 1.37968 1.36765 1.37968 1.40317 1.42609 1.47136 1.52636 1.58938 1.65012 1.72804 1.81112 1.89133 1.98415 2.08041 2.16578 2.26204 2.36116 2.45627 2.55425 2.65509 2.76338 2.86823 2.97995 3.10371 3.22231 3.34206 3.46697 3.58729 3.71219 3.84627 3.97976 4.1167 4.24906 4.38141 4.51319 4.64096 4.7693 4.88676 5.00192 5.11078 5.21162 5.32564 5.44023 5.55253 5.65337 5.74734 5.82297
2.37491 2.38866 2.38866 2.37491 2.35428 2.32621 2.28324 2.24026 2.18068 2.11937 2.06494 1.99275 1.92571 1.85581 1.78362 1.72804 1.65986 1.61001 1.55787 1.54756 1.53667 1.54756 1.55787 1.57907 1.61975 1.6696 1.7183 1.78362 1.84722 1.91712 1.99275 2.08041 2.15776 2.24714 2.34053 2.42934 2.52846 2.62988 2.72728 2.82812 2.92495 3.02923 3.13523 3.25268 3.36613 3.48989 3.61479 3.74313 3.87205 4.00039 4.13217 4.26452 4.39229 4.52064 4.64096 4.76586 4.88332 4.99848 5.10104 5.20246 5.30387 5.41044 5.51988 5.619 5.71354 5.7949 5.86136
2.42247 2.42934 2.43564 2.42934 2.41559 2.38866 2.36116 2.31933 2.26891 2.21792 2.16578 2.1039 2.04088 1.98415 1.91712 1.85581 1.80195 1.74695 1.7183 1.69882 1.70856 1.7183 1.74695 1.77445 1.82029 1.86498 1.92571 1.99275 2.05692 2.12739 2.20302 2.28324 2.36116 2.44939 2.53477 2.62415 2.71525 2.81036 2.9026 2.99657 3.09856 3.19195 3.29795 3.40509 3.52254 3.64573 3.76491 3.89268 4.01586 4.13618 4.26452 4.38886 4.50975 4.63007 4.74867 4.86728 4.97557 5.08271 5.18011 5.2735 5.36804 5.47289 5.57259 5.66541 5.74734 5.82011 5.87855
2.45627 2.47575 2.48893 2.48893 2.48263 2.46257 2.43564 2.40241 2.36803 2.31933 2.26891 2.21047 2.15776 2.1039 2.0489 1.99275 1.94233 1.89993 1.86498 1.86498 1.88217 1.90852 1.94233 1.98415 2.03343 2.08041 2.14286 2.20302 2.26891 2.34053 2.41559 2.4958 2.57315 2.65509 2.73931 2.82812 2.91349 3.00173 3.08767 3.17648 3.27273 3.36154 3.4578 3.56437 3.67266 3.78611 3.9007 4.01586 4.13618 4.2565 4.37396 4.49485 4.60945 4.72404 4.83691 4.94348 5.04719 5.14631 5.23626 5.32278 5.41044 5.50498 5.59894 5.67916 5.75307 5.81724 5.86709
2.4958 2.52846 2.54107 2.54794 2.54794 2.54107 2.51528 2.4958 2.46257 2.42247 2.37491 2.33308 2.28324 2.22537 2.18068 2.12739 2.08843 2.0489 2.02541 2.04088 2.05692 2.08843 2.12739 2.18068 2.22537 2.29069 2.34741 2.40929 2.47575 2.54794 2.61784 2.69176 2.76911 2.85104 2.92495 3.00746 3.0934 3.17132 3.25784 3.34665 3.42915 3.51338 3.60562 3.69902 3.79928 3.90929 4.01586 4.12873 4.24103 4.35505 4.46563 4.57736 4.68679 4.79279 4.8965 5.00192 5.09474 5.18641 5.27064 5.34684 5.42878 5.51128 5.59608 5.67114 5.73302 5.78917 5.83156
2.55425 2.57315 2.59894 2.61154 2.61784 2.61154 2.59894 2.58003 2.55425 2.52216 2.48893 2.44939 2.40241 2.36116 2.31188 2.27636 2.23282 2.19557 2.18813 2.20302 2.23282 2.27636 2.31933 2.36803 2.42247 2.48263 2.54107 2.60524 2.66712 2.73931 2.81036 2.87969 2.95245 3.02923 3.10371 3.18163 3.25784 3.33175 3.40967 3.48989 3.57354 3.65432 3.73454 3.81647 3.9133 4.00841 4.11269 4.21869 4.32526 4.42954 4.53783 4.64096 4.7418 4.84321 4.94004 5.03057 5.12052 5.20246 5.27981 5.35028 5.42247 5.49409 5.56686 5.63332 5.68775 5.73588 5.76739
2.62415 2.63618 2.65509 2.66712 2.68545 2.68545 2.68545 2.66712 2.64878 2.62415 2.59894 2.56055 2.52216 2.48893 2.44939 2.40929 2.36803 2.33308 2.34053 2.36803 2.39554 2.44939 2.4958 2.55425 2.61154 2.66712 2.72728 2.78687 2.85677 2.91922 2.98511 3.05043 3.11976 3.1971 3.26299 3.33691 3.40509 3.48129 3.55062 3.62339 3.695 3.76892 3.84226 3.9219 4.0044 4.09665 4.19119 4.29088 4.38886 4.48798 4.58481 4.68278 4.77618 4.86728 4.95608 5.04031 5.12052 5.19615 5.26434 5.32564 5.38294 5.44883 5.50842 5.56686 5.61613 5.65337 5.67916
2.70321 2.72155 2.73358 2.73931 2.75765 2.76338 2.76338 2.76338 2.75134 2.73358 2.70952 2.68545 2.65509 2.61784 2.58633 2.54794 2.51528 2.47575 2.48893 2.51528 2.56055 2.61154 2.66712 2.72155 2.78114 2.83958 2.89687 2.95761 3.0235 3.08251 3.15069 3.212 3.27789 3.34665 3.40967 3.47155 3.54145 3.60562 3.67266 3.73454 3.80329 3.87205 3.93851 4.00039 4.07659 4.15967 4.24906 4.33958 4.43297 4.52407 4.61288 4.69711 4.78649 4.86728 4.94921 5.0277 5.09818 5.16751 5.22767 5.27981 5.32851 5.38007 5.43164 5.47576 5.51701 5.5468 5.56113
2.79317 2.81036 2.82239 2.82239 2.82812 2.83958 2.85104 2.85104 2.84531 2.83385 2.81609 2.7989 2.77541 2.74561 2.71525 2.68545 2.64878 2.62415 2.62988 2.66712 2.71525 2.76338 2.82239 2.87969 2.94099 3.00173 3.05616 3.11976 3.17648 3.24294 3.3031 3.35639 3.41941 3.48129 3.54145 3.60104 3.65891 3.71678 3.77293 3.82908 3.88866 3.94653 4.00841 4.06456 4.12873 4.20666 4.28744 4.36995 4.45475 4.53439 4.61689 4.69367 4.77274 4.85009 4.92343 4.98874 5.05349 5.11078 5.16521 5.21162 5.25173 5.28611 5.32564 5.36231 5.38924 5.41331 5.42534
2.87969 2.9026 2.91922 2.91922 2.91922 2.91922 2.93068 2.94099 2.94099 2.93584 2.93068 2.91349 2.89687 2.87396 2.84531 2.81609 2.78687 2.75765 2.76911 2.80463 2.85677 2.91349 2.96907 3.02923 3.08767 3.14497 3.20742 3.26299 3.32201 3.38102 3.43832 3.48989 3.54604 3.60104 3.65031 3.7036 3.75631 3.80788 3.85887 3.90929 3.95914 4.00841 4.06055 4.11269 4.16368 4.23015 4.30234 4.38141 4.45475 4.52751 4.59913 4.66903 4.73836 4.80941 4.87014 4.93317 4.98588 5.03744 5.08271 5.12396 5.15261 5.17381 5.19902 5.22136 5.24256 5.25803 5.25803
2.97995 3.00173 3.01834 3.0235 3.01834 3.00746 3.01261 3.02923 3.03954 3.03954 3.03954 3.02923 3.01261 2.99657 2.97422 2.94672 2.93068 2.89687 2.9026 2.93584 2.98511 3.03954 3.10371 3.16616 3.22747 3.28305 3.34206 3.39535 3.45264 3.50421 3.5552 3.60562 3.65432 3.7036 3.74772 3.79069 3.83767 3.88007 3.9219 3.96315 4.0044 4.04852 4.08462 4.12873 4.17572 4.23702 4.30234 4.36995 4.43641 4.49886 4.5596 4.62663 4.68679 4.74524 4.79909 4.85009 4.8965 4.94348 4.97557 5.0088 5.03057 5.04719 5.05693 5.06323 5.07297 5.07641 5.07297
3.0722 3.10371 3.12491 3.13523 3.13007 3.11976 3.10887 3.1146 3.13007 3.14038 3.14038 3.13523 3.13007 3.11976 3.09856 3.08251 3.06131 3.03438 3.03438 3.06131 3.10887 3.17132 3.23263 3.2882 3.34665 3.40967 3.46238 3.51796 3.56895 3.61479 3.65891 3.7036 3.74772 3.79069 3.82908 3.86345 3.9007 3.93851 3.96716 4.00039 4.03248 4.06456 4.10066 4.12873 4.17572 4.22614 4.28343 4.33958 4.39631 4.45131 4.50574 4.5596 4.61288 4.65872 4.70685 4.74867 4.78935 4.82316 4.85353 4.87644 4.89019 4.89994 4.89994 4.8965 4.89019 4.87644 4.86728
3.17648 3.20742 3.23263 3.23778 3.23778 3.22747 3.212 3.20226 3.21716 3.23263 3.24294 3.2481 3.2481 3.23778 3.22231 3.20742 3.18679 3.16101 3.16101 3.18679 3.22231 3.27789 3.34665 3.40509 3.46238 3.51796 3.56895 3.61937 3.66808 3.71219 3.75631 3.79069 3.82507 3.85887 3.89268 3.9219 3.95112 3.97174 4.00039 4.02446 4.04852 4.06857 4.09264 4.11269 4.14821 4.1952 4.24504 4.29088 4.33672 4.38485 4.43297 4.47652 4.51663 4.5596 4.59512 4.63007 4.66216 4.68679 4.70685 4.72404 4.73091 4.73492 4.72747 4.71372 4.69711 4.67591 4.64783
3.2882 3.31284 3.33691 3.34665 3.3518 3.34206 3.33175 3.31284 3.30769 3.32717 3.34206 3.3518 3.35639 3.35639 3.34665 3.33175 3.31284 3.2882 3.27789 3.29795 3.33175 3.38561 3.44806 3.50421 3.56437 3.61937 3.66808 3.71678 3.75631 3.79069 3.82908 3.86345 3.88866 3.91731 3.94252 3.95914 3.97976 3.99638 4.00841 4.02446 4.03649 4.05253 4.06456 4.07659 4.11269 4.14821 4.18718 4.22614 4.26452 4.2989 4.33672 4.37396 4.40719 4.43641 4.46563 4.49142 4.51663 4.53095 4.54527 4.55215 4.55616 4.55215 4.53783 4.52064 4.49485 4.4622 4.4261
3.40967 3.43374 3.44806 3.4578 3.46238 3.46238 3.44806 3.42915 3.40509 3.41941 3.43832 3.45264 3.46238 3.46238 3.4578 3.44806 3.43374 3.41483 3.39993 3.41483 3.43832 3.48129 3.53687 3.60104 3.65432 3.70818 3.75173 3.79069 3.82908 3.86345 3.89268 3.91731 3.93851 3.95513 3.97575 3.98378 3.99237 4.00039 4.0044 4.00841 4.01586 4.01586 4.02044 4.02847 4.05654 4.08462 4.1167 4.1442 4.17171 4.20265 4.23015 4.25249 4.27942 4.30234 4.32125 4.33958 4.35104 4.3625 4.36594 4.36594 4.3625 4.35505 4.33672 4.3138 4.27942 4.24103 4.19921
3.53228 3.55979 3.56895 3.57354 3.57812 3.57812 3.56437 3.54604 3.51796 3.50879 3.52713 3.5552 3.56895 3.57354 3.57354 3.56437 3.55062 3.53228 3.51338 3.52254 3.54145 3.57812 3.62339 3.68125 3.72996 3.78209 3.82507 3.85887 3.89268 3.91731 3.93851 3.95914 3.97174 3.98378 3.98779 3.99237 3.99237 3.99237 3.98779 3.97976 3.97575 3.96716 3.95914 3.96716 3.98779 4.00841 4.02847 4.04852 4.06857 4.08863 4.10467 4.12071 4.13217 4.14821 4.15967 4.1677 4.17572 4.17572 4.17572 4.1677 4.15566 4.14019 4.1167 4.08863 4.05253 4.01242 3.96315
3.65432 3.68584 3.69902 3.69902 3.695 3.68584 3.68125 3.66349 3.63656 3.61021 3.62339 3.64573 3.66349 3.67724 3.67724 3.67266 3.65891 3.64573 3.62797 3.62797 3.64115 3.66349 3.7036 3.75173 3.79928 3.84627 3.88465 3.9133 3.94252 3.96315 3.97575 3.98779 3.99638 4.00039 3.99638 3.99237 3.97976 3.96716 3.95513 3.93851 3.9219 3.90471 3.88866 3.89669 3.90471 3.91731 3.92992 3.94252 3.94653 3.95914 3.96716 3.97575 3.97976 3.98378 3.98378 3.98779 3.98378 3.97976 3.96716 3.95513 3.93851 3.9133 3.88866 3.85486 3.81647 3.77293 3.72136
3.77751 3.80788 3.82048 3.82908 3.81647 3.80788 3.7947 3.77751 3.75631 3.72136 3.71219 3.73454 3.76089 3.77293 3.77751 3.77751 3.76892 3.75631 3.73912 3.73454 3.73912 3.75173 3.77293 3.81647 3.85887 3.9007 3.93393 3.95914 3.98378 3.99638 4.00841 4.00841 4.0044 3.99638 3.98779 3.97174 3.95112 3.92992 3.90471 3.88007 3.85486 3.82507 3.81189 3.81647 3.81647 3.81647 3.82048 3.81647 3.82048 3.82048 3.81647 3.81647 3.81189 3.80788 3.79928 3.79069 3.78209 3.76892 3.75173 3.72996 3.70818 3.68125 3.64573 3.61021 3.56895 3.52254 3.47155
3.89669 3.92591 3.94653 3.95112 3.94653 3.92591 3.90929 3.89268 3.87606 3.84226 3.81189 3.82507 3.84627 3.86345 3.87606 3.88007 3.87205 3.85887 3.84226 3.82908 3.83767 3.84226 3.85085 3.87606 3.90929 3.94653 3.97575 3.99638 4.01242 4.01586 4.02044 4.01586 4.0044 3.98779 3.96716 3.94252 3.9133 3.88465 3.84627 3.81189 3.77293 3.74313 3.72996 3.72594 3.71678 3.7036 3.69902 3.69042 3.67724 3.67266 3.66349 3.64573 3.63656 3.62339 3.60562 3.58729 3.57354 3.55062 3.52713 3.49447 3.46697 3.43374 3.39993 3.35639 3.31284 3.26299 3.20742
4.02446 4.04852 4.06857 4.07659 4.06857 4.04852 4.02847 4.0044 3.98378 3.95914 3.92591 3.90929 3.92992 3.95513 3.96716 3.97174 3.97174 3.95513 3.93851 3.9219 3.92591 3.92591 3.9219 3.93393 3.95513 3.98378 4.00841 4.02446 4.03248 4.03248 4.02847 4.01242 3.99237 3.97174 3.94252 3.90471 3.86345 3.82507 3.77751 3.73454 3.69042 3.65432 3.63656 3.62339 3.60562 3.58729 3.56895 3.5552 3.53228 3.51338 3.49447 3.47155 3.45264 3.42915 3.40509 3.38102 3.35639 3.32201 3.29279 3.26299 3.22747 3.18679 3.14497 3.09856 3.05043 3.00173 2.94672
4.15566 4.17171 4.18718 4.1952 4.19119 4.17171 4.14821 4.1167 4.09665 4.07258 4.0405 4.0044 4.01586 4.0405 4.05654 4.06456 4.06055 4.05253 4.03248 4.01586 4.01242 4.00841 4.00039 3.99237 4.00039 4.02044 4.03248 4.04451 4.04451 4.03649 4.02446 4.0044 3.97575 3.94252 3.9007 3.85486 3.80788 3.76089 3.69902 3.64573 3.59646 3.56895 3.54145 3.51796 3.48989 3.46238 3.43374 3.40967 3.38102 3.3518 3.32201 3.29279 3.26299 3.22747 3.20226 3.16616 3.13007 3.09856 3.06131 3.01834 2.97422 2.93068 2.88542 2.83385 2.78687 2.73358 2.67972
4.29088 4.2989 4.30234 4.30635 4.30635 4.29088 4.26452 4.23416 4.19921 4.17973 4.14821 4.10868 4.09264 4.1167 4.14019 4.14821 4.14821 4.14019 4.12071 4.10066 4.09665 4.08863 4.07258 4.05654 4.04451 4.04852 4.05253 4.05654 4.04852 4.03649 4.01242 3.98378 3.95112 3.90471 3.85486 3.80329 3.74313 3.68584 3.61937 3.55062 3.50879 3.47155 3.43832 3.40509 3.36613 3.33175 3.29795 3.26815 3.24294 3.20742 3.17648 3.14038 3.10371 3.06131 3.0235 2.97995 2.93068 2.88542 2.83385 2.78114 2.72728 2.67972 2.62415 2.57315 2.52216 2.46257 2.40929
4.41865 4.4261 4.4261 4.41865 4.41865 4.39974 4.38141 4.34359 4.30635 4.27942 4.25249 4.21468 4.17973 4.1952 4.21468 4.23015 4.23416 4.22213 4.20666 4.18316 4.17973 4.16368 4.1442 4.12071 4.09665 4.08061 4.07258 4.06456 4.05253 4.03248 4.00039 3.95914 3.91731 3.86345 3.80788 3.74313 3.67724 3.60562 3.53228 3.46697 3.41941 3.37587 3.33691 3.29279 3.25784 3.22231 3.19195 3.16101 3.12491 3.0934 3.05616 3.01834 2.96907 2.91922 2.87396 2.81609 2.75765 2.69806 2.64248 2.58003 2.51528 2.45627 2.38866 2.32621 2.26204 2.19557 2.14286
4.53439 4.54527 4.54527 4.53095 4.52064 4.50574 4.48397 4.45131 4.4112 4.38141 4.35104 4.31781 4.27598 4.26452 4.28744 4.30234 4.31036 4.30234 4.28744 4.26452 4.25249 4.24103 4.21468 4.18316 4.14821 4.1167 4.08863 4.06857 4.04852 4.01586 3.98378 3.93393 3.88007 3.81647 3.75631 3.68125 3.60104 3.52254 3.43832 3.38102 3.33175 3.27789 3.23263 3.19195 3.16101 3.13007 3.10371 3.07736 3.04527 3.01261 2.97422 2.93068 2.87969 2.82812 2.76338 2.70321 2.62988 2.56055 2.48263 2.40929 2.33308 2.25459 2.17323 2.11192 2.04088 1.96754 1.89133
4.6444 4.65872 4.65872 4.64096 4.61976 4.60601 4.58825 4.55215 4.51663 4.47652 4.4473 4.41464 4.3774 4.33958 4.35849 4.36995 4.38141 4.3774 4.35849 4.33958 4.32927 4.31036 4.28343 4.24906 4.20265 4.15566 4.1167 4.07659 4.0405 4.0044 3.95914 3.9007 3.84226 3.77293 3.69902 3.61479 3.52254 3.43832 3.3518 3.29795 3.24294 3.19195 3.15069 3.11976 3.09856 3.0722 3.04527 3.01834 2.99084 2.96334 2.93068 2.87969 2.83385 2.77541 2.71525 2.64248 2.56685 2.48263 2.38866 2.29756 2.20302 2.1039 2.01681 1.92571 1.84722 1.75612 1.67991
4.7418 4.76243 4.76243 4.74524 4.71716 4.69711 4.67591 4.64783 4.60945 4.56647 4.53439 4.50574 4.46964 4.42209 4.42209 4.43985 4.4473 4.44386 4.4261 4.41464 4.39974 4.3774 4.3476 4.30635 4.2565 4.20265 4.1442 4.08462 4.03649 3.98779 3.92992 3.86747 3.80329 3.72136 3.63198 3.54604 3.45264 3.35639 3.27789 3.21716 3.16616 3.13007 3.09856 3.07736 3.05616 3.03438 3.01834 3.00173 2.98511 2.96334 2.93584 2.9026 2.85104 2.7989 2.73358 2.65509 2.57315 2.47575 2.37491 2.26204 2.15031 2.02541 1.90852 1.80195 1.69882 1.5997 1.50459
4.83003 4.85009 4.85353 4.84035 4.81285 4.78305 4.76243 4.73492 4.69711 4.65471 4.61689 4.59168 4.55215 4.50975 4.48798 4.5023 4.51319 4.50574 4.49485 4.48397 4.47308 4.44386 4.4112 4.3625 4.31036 4.24906 4.17973 4.11269 4.0405 3.97575 3.90929 3.83366 3.75631 3.66808 3.57812 3.48129 3.37587 3.27789 3.212 3.16101 3.11976 3.08767 3.0722 3.06131 3.05616 3.05043 3.05043 3.03954 3.02923 3.00173 2.97422 2.93584 2.88542 2.83385 2.76338 2.68545 2.59894 2.50898 2.40929 2.29756 2.17323 2.0489 1.91712 1.77445 1.64038 1.50459 1.39171
