data/slope_sharpnack_modal.txt
ncols	401
nrows	401
xllcorner	0.0
yllcorner	0.0
cellsize	10.0
NODATA_value	-9999.0
[rows 330 to 359 of 401, columns 0 to 66 of 401]
-9999.0 3.45264 3.44348 3.43374 3.41483 3.40509 3.39993 3.40509 3.41941 3.4578 3.51338 3.59187 3.68584 3.81189 3.96315 4.13217 4.32526 4.53439 4.76243 5.00192 5.246 5.50211 5.7588 6.01663 6.27217 6.51969 6.75976 6.98951 7.20896 7.41121 7.59971 7.76816 7.92114 8.05178 8.16006 8.24544 8.31304 8.35544 8.37435 8.37435 8.34971 8.30159 8.23398 8.14402 8.03745 7.9114 7.77045 7.61174 7.43757 7.24906 7.05311 6.84742 6.62969 6.40968 6.18393 5.95475 5.72786 5.49638 5.27064 5.04719 4.8266 4.61288 4.40719 4.20666 4.01586 3.83767 3.66349
-9999.0 3.53228 3.51796 3.49963 3.47671 3.4578 3.44806 3.43832 3.43832 3.46238 3.49963 3.56437 3.64573 3.75173 3.88465 4.0405 4.22213 4.41865 4.63408 4.86728 5.10448 5.35601 5.60754 5.86136 6.11518 6.36384 6.60563 6.83825 7.05769 7.26281 7.45418 7.62893 7.78707 7.92114 8.03745 8.13428 8.20476 8.25518 8.28382 8.29013 8.27466 8.23398 8.17553 8.09303 7.99391 7.87702 7.73894 7.58424 7.41751 7.2376 7.04222 6.84284 6.6274 6.40681 6.18393 5.95475 5.72499 5.49065 5.26147 5.03057 4.80253 4.58481 4.36594 4.15566 3.95513 3.76089 3.57354
-9999.0 3.61021 3.58729 3.56437 3.53687 3.51338 3.4853 3.46697 3.4578 3.46238 3.4853 3.53228 3.59646 3.68584 3.80329 3.94252 4.10868 4.29489 4.5023 4.7206 4.95265 5.19615 5.4431 5.69635 5.94673 6.19482 6.43489 6.66866 6.89211 7.10124 7.29776 7.47538 7.63695 7.78077 7.90338 8.00365 8.08329 8.14058 8.17553 8.18929 8.18126 8.14975 8.09876 8.02599 7.93375 7.82374 7.69368 7.54815 7.38714 7.21125 7.0216 6.82393 6.6148 6.39707 6.17362 5.94673 5.71354 5.48206 5.246 5.01166 4.78305 4.55215 4.32927 4.11269 3.89669 3.695 3.49447
-9999.0 3.67266 3.65432 3.62797 3.59187 3.5552 3.52254 3.49447 3.47671 3.46238 3.46697 3.49447 3.54604 3.61937 3.71678 3.83767 3.98779 4.16368 4.35505 4.56647 4.78935 5.02427 5.27064 5.51701 5.76739 6.01147 6.25383 6.48703 6.71449 6.92477 7.12416 7.30865 7.47423 7.62034 7.74983 7.8564 7.94291 8.00938 8.05349 8.07298 8.07298 8.05178 8.00766 7.94291 7.85812 7.75613 7.63294 7.49543 7.33902 7.17114 6.98722 6.79528 6.5936 6.37702 6.15758 5.93011 5.69921 5.46716 5.22767 4.99218 4.75899 4.52751 4.2989 4.07258 3.85486 3.63656 3.43374
-9999.0 3.73912 3.71219 3.67724 3.63656 3.60104 3.5552 3.51338 3.48129 3.4578 3.44806 3.4578 3.48989 3.54145 3.62339 3.72996 3.86345 4.02044 4.20265 4.40375 4.61689 4.84665 5.08271 5.32851 5.57545 5.81724 6.0596 6.29566 6.52198 6.73626 6.93852 7.12588 7.29547 7.45017 7.58424 7.69826 7.79108 7.86213 7.91369 7.94291 7.95151 7.93776 7.90109 7.84608 7.77045 7.67477 7.56132 7.43069 7.28229 7.12187 6.94539 6.75746 6.55636 6.34895 6.13122 5.90834 5.68202 5.44596 5.21162 4.97557 4.73836 4.50574 4.27197 4.0405 3.81647 3.59646 3.38102
-9999.0 3.7947 3.76491 3.72996 3.68125 3.63198 3.58729 3.53228 3.4853 3.44806 3.424 3.41483 3.42915 3.46697 3.52713 3.61937 3.72996 3.87205 4.04451 4.23015 4.43641 4.65872 4.89019 5.12683 5.37091 5.61384 5.85334 6.0894 6.31801 6.53172 6.73798 6.93164 7.10582 7.2651 7.40491 7.52294 7.62263 7.70571 7.76243 7.7991 7.81572 7.80941 7.78249 7.73493 7.66847 7.58023 7.47538 7.35219 7.21354 7.05769 6.89211 6.70934 6.51739 6.31285 6.09971 5.8837 5.65681 5.42878 5.19272 4.95608 4.7206 4.48397 4.24906 4.02044 3.79069 3.55979 3.34206
-9999.0 3.84627 3.81189 3.77293 3.72594 3.66349 3.60562 3.54604 3.4853 3.43832 3.39993 3.37128 3.36154 3.38102 3.424 3.49447 3.59187 3.72136 3.87606 4.04852 4.24906 4.45818 4.68278 4.91655 5.15547 5.39841 5.63619 5.87282 6.10257 6.32087 6.52943 6.72423 6.90357 7.06743 7.21125 7.33902 7.44559 7.53153 7.59742 7.64326 7.66675 7.66847 7.65185 7.61174 7.55273 7.47423 7.37855 7.2651 7.13504 6.98722 6.82622 6.65204 6.46755 6.2693 6.06247 5.85047 5.63046 5.40414 5.17381 4.94004 4.70398 4.46964 4.23702 4.00039 3.76892 3.53687 3.318
-9999.0 3.88866 3.85486 3.81189 3.75631 3.69042 3.62797 3.5552 3.4853 3.424 3.36613 3.32201 3.3031 3.29279 3.32201 3.37128 3.45264 3.56437 3.69902 3.86345 4.04852 4.25249 4.46964 4.69711 4.9303 5.17094 5.41044 5.64478 5.87568 6.09455 6.30769 6.50479 6.69043 6.85888 7.01014 7.14192 7.25365 7.34818 7.4221 7.47423 7.50804 7.51663 7.50804 7.47767 7.4284 7.35907 7.27083 7.16426 7.04452 6.90815 6.75288 6.58844 6.40968 6.2206 6.01949 5.81438 5.59894 5.37721 5.15261 4.92343 4.69367 4.45818 4.22614 3.99237 3.76089 3.52713 3.3031
-9999.0 3.92591 3.89268 3.84226 3.78209 3.71219 3.63656 3.55979 3.48129 3.40509 3.33175 3.27789 3.23263 3.212 3.212 3.24294 3.30769 3.39993 3.52254 3.66808 3.84226 4.03649 4.24504 4.46563 4.70055 4.9366 5.17094 5.40758 5.63905 5.86136 6.07564 6.27733 6.46468 6.63943 6.79299 6.93394 7.05311 7.15567 7.23359 7.29547 7.33501 7.35449 7.35219 7.33329 7.29318 7.23187 7.15338 7.0554 6.94539 6.81705 6.67324 6.51453 6.34608 6.1656 5.97366 5.77541 5.56686 5.35314 5.13026 4.90681 4.67935 4.4473 4.21869 3.98779 3.75631 3.53228 3.3031
-9999.0 3.96315 3.9219 3.86747 3.80329 3.72996 3.64573 3.56437 3.47155 3.38102 3.3031 3.22231 3.16616 3.11976 3.10371 3.1146 3.16101 3.23263 3.33691 3.46697 3.62797 3.81189 4.01586 4.23015 4.4622 4.69367 4.9303 5.16521 5.39554 5.619 5.83729 6.04127 6.23321 6.41197 6.57354 6.71678 6.84284 6.94998 7.03764 7.10582 7.15338 7.1826 7.1889 7.17802 7.1465 7.09666 7.02847 6.94081 6.83825 6.71908 6.58329 6.43489 6.27733 6.10257 5.91923 5.72786 5.52904 5.31934 5.10448 4.89019 4.6656 4.44386 4.21869 3.99237 3.76491 3.54145 3.31284
-9999.0 3.98779 3.94252 3.88866 3.82048 3.74313 3.65432 3.55979 3.46238 3.36154 3.26299 3.17132 3.0934 3.03438 2.99657 2.97995 3.00173 3.05616 3.14497 3.26299 3.40967 3.58729 3.77751 3.98779 4.21468 4.43985 4.67591 4.91025 5.14287 5.36804 5.58748 5.79776 5.99314 6.17362 6.3415 6.49218 6.62225 6.73798 6.83309 6.90815 6.96659 7.00326 7.01931 7.01415 6.9941 6.95227 6.8944 6.81476 6.72423 6.6148 6.48932 6.35124 6.19998 6.0384 5.86422 5.67916 5.48779 5.28897 5.08271 4.87301 4.65872 4.43985 4.21869 3.99638 3.77293 3.5552 3.33691
-9999.0 4.0044 3.96315 3.90471 3.83366 3.75173 3.65432 3.5552 3.44806 3.33691 3.22231 3.11976 3.02923 2.94672 2.88542 2.85104 2.85104 2.88542 2.95245 3.05616 3.18679 3.3518 3.53687 3.73912 3.95914 4.18718 4.41464 4.65471 4.88676 5.11078 5.33481 5.5468 5.74447 5.93011 6.10257 6.25899 6.39937 6.51969 6.62225 6.70475 6.7695 6.81476 6.83825 6.84742 6.8308 6.80044 6.75288 6.68355 6.60105 6.50193 6.38963 6.25899 6.11804 5.96564 5.80062 5.62759 5.44596 5.25517 5.05693 4.85353 4.64783 4.43641 4.22614 4.00841 3.79069 3.58271 3.36613
-9999.0 4.02446 3.97976 3.91731 3.84226 3.75173 3.65891 3.54604 3.43374 3.30769 3.19195 3.0722 2.95245 2.85677 2.78114 2.72155 2.69806 2.70952 2.75765 2.83958 2.96334 3.10887 3.28305 3.4853 3.69902 3.9219 4.15566 4.38886 4.61976 4.85353 5.07641 5.29241 5.49409 5.68489 5.86136 6.02236 6.16789 6.29566 6.40452 6.49734 6.56667 6.61995 6.65433 6.66866 6.66636 6.6423 6.60334 6.54662 6.4727 6.38447 6.28019 6.16273 6.03038 5.88943 5.73588 5.56972 5.39841 5.21793 5.03057 4.83691 4.64096 4.43641 4.23015 4.02446 3.81647 3.60562 3.39993
-9999.0 4.03248 3.98779 3.92591 3.84627 3.75631 3.65432 3.54145 3.41483 3.28305 3.15069 3.01834 2.88542 2.76911 2.67342 2.59894 2.54794 2.54107 2.56055 2.62415 2.72728 2.86823 3.03438 3.22747 3.43374 3.65891 3.88866 4.12071 4.35505 4.58825 4.81285 5.0277 5.2397 5.43393 5.61613 5.78114 5.93011 6.06476 6.18164 6.28248 6.35926 6.42228 6.46468 6.48703 6.49218 6.47729 6.44979 6.40223 6.33921 6.25899 6.1656 6.0596 5.94157 5.80635 5.66541 5.51128 5.35028 5.17725 5.00192 4.81628 4.62663 4.43297 4.23702 4.03649 3.84226 3.64115 3.43832
-9999.0 4.03649 3.99237 3.92591 3.84627 3.75173 3.64573 3.52713 3.39535 3.25784 3.1146 2.96907 2.82812 2.69176 2.57315 2.47575 2.39554 2.36803 2.36803 2.40929 2.4958 2.62415 2.77541 2.96334 3.16616 3.38561 3.61937 3.85085 4.08863 4.32125 4.54871 4.7693 4.979 5.18011 5.36518 5.53764 5.69348 5.83443 5.95762 6.06247 6.14726 6.21774 6.26701 6.29795 6.31571 6.31056 6.2928 6.25154 6.19998 6.13122 6.04929 5.95475 5.84474 5.72213 5.59035 5.44596 5.29871 5.13657 4.96926 4.79566 4.61976 4.43641 4.24504 4.05654 3.86345 3.67266 3.48129
-9999.0 4.0405 3.99237 3.9219 3.84226 3.74772 3.63198 3.51338 3.37587 3.23263 3.08251 2.91922 2.76338 2.61784 2.47575 2.35428 2.25459 2.19557 2.17323 2.19557 2.26204 2.37491 2.51528 2.69806 2.9026 3.1146 3.34665 3.57812 3.81647 4.05253 4.28343 4.50975 4.72404 4.92686 5.11709 5.29241 5.45513 5.59894 5.73072 5.84245 5.93298 6.01147 6.07049 6.11002 6.13409 6.13924 6.12893 6.10257 6.05674 6.00116 5.92782 5.84245 5.74161 5.63332 5.51128 5.38007 5.2397 5.08901 4.93317 4.7693 4.60257 4.42954 4.25249 4.07258 3.89268 3.70818 3.52254
-9999.0 4.03649 3.98378 3.91731 3.83767 3.73912 3.62339 3.49447 3.35639 3.20742 3.04527 2.87969 2.70952 2.54107 2.38866 2.24714 2.12739 2.03343 1.98415 1.97613 2.02541 2.11937 2.25459 2.43564 2.62988 2.83958 3.0722 3.30769 3.55062 3.78611 4.02044 4.24906 4.4622 4.67247 4.86728 5.05005 5.21506 5.36804 5.50211 5.619 5.72213 5.80349 5.86995 5.91923 5.94959 5.96564 5.96277 5.94444 5.91121 5.86136 5.80349 5.72499 5.63905 5.53764 5.42878 5.30731 5.17725 5.03744 4.8965 4.7418 4.58481 4.4261 4.2565 4.08462 3.9133 3.73912 3.56437
-9999.0 4.02847 3.97976 3.90929 3.82507 3.72594 3.61479 3.48129 3.33691 3.18163 3.01261 2.84531 2.66139 2.48263 2.30501 2.14286 2.00077 1.88217 1.80195 1.76528 1.79278 1.87357 2.00077 2.15776 2.35428 2.57315 2.7989 3.03954 3.27789 3.52254 3.76089 3.98779 4.21067 4.42209 4.61976 4.80597 4.97557 5.13313 5.27064 5.39554 5.50498 5.59321 5.66827 5.72499 5.76453 5.78687 5.7949 5.78401 5.76166 5.72499 5.67114 5.60754 5.52904 5.44023 5.34398 5.23397 5.11422 4.98588 4.85353 4.71029 4.56647 4.41464 4.26051 4.10066 3.93393 3.77293 3.61021
-9999.0 4.02044 3.96315 3.89669 3.81647 3.71678 3.59646 3.46238 3.318 3.16101 2.99084 2.81036 2.62415 2.42934 2.24026 2.05692 1.88217 1.73721 1.63006 1.57907 1.56876 1.61975 1.73721 1.89993 2.08843 2.30501 2.53477 2.76911 3.01261 3.26299 3.49963 3.73454 3.95914 4.17171 4.3774 4.56647 4.7418 4.89994 5.04719 5.17725 5.28897 5.38638 5.46716 5.52904 5.57545 5.60754 5.62473 5.62473 5.6104 5.58118 5.53764 5.48493 5.41674 5.34111 5.24887 5.15261 5.04375 4.92686 4.80597 4.67935 4.54184 4.39974 4.2565 4.10868 3.95914 3.79928 3.65031
-9999.0 4.0044 3.95513 3.88465 3.79928 3.69902 3.58271 3.44806 3.29795 3.14038 2.96907 2.77541 2.58633 2.38179 2.18068 1.98415 1.79278 1.61001 1.48224 1.37968 1.34359 1.37968 1.47136 1.63006 1.81112 2.04088 2.26891 2.51528 2.76338 3.00746 3.2481 3.4853 3.71219 3.92992 4.13217 4.32927 4.50975 4.67591 4.81972 4.95608 5.07641 5.18011 5.26434 5.33481 5.38924 5.42878 5.45227 5.46086 5.45513 5.43393 5.40127 5.35945 5.30158 5.23397 5.15547 5.06953 4.9727 4.86728 4.75555 4.63752 4.51663 4.38141 4.24906 4.11269 3.97174 3.82507 3.68125
-9999.0 3.98779 3.93393 3.86747 3.78209 3.68125 3.56895 3.43374 3.28305 3.12491 2.94672 2.75765 2.56055 2.34741 2.13484 1.92571 1.70856 1.51547 1.34359 1.20207 1.13159 1.13159 1.21524 1.35562 1.55787 1.77445 2.01681 2.26204 2.50898 2.75765 3.00746 3.24294 3.47671 3.695 3.90471 4.10066 4.28343 4.45131 4.60257 4.7418 4.86728 4.9727 5.06667 5.14287 5.20246 5.24887 5.27981 5.29528 5.29871 5.28611 5.26434 5.22767 5.18011 5.12396 5.05693 4.979 4.89363 4.79909 4.70055 4.59512 4.48053 4.35849 4.23702 4.11269 3.97976 3.84627 3.71219
-9999.0 3.96315 3.91731 3.85085 3.76892 3.66808 3.55062 3.41941 3.27273 3.10371 2.93068 2.73931 2.54107 2.32621 2.1039 1.88217 1.65012 1.42609 1.22899 1.04106 0.94137 0.90585 0.97575 1.10237 1.29374 1.52636 1.77445 2.01681 2.27636 2.52216 2.77541 3.01834 3.2481 3.47155 3.67724 3.87606 4.06055 4.23416 4.39229 4.53439 4.65872 4.77274 4.86728 4.94921 5.0151 5.06953 5.10448 5.13026 5.13943 5.13657 5.12396 5.09818 5.05693 5.01166 4.95265 4.88676 4.80941 4.73091 4.64096 4.54184 4.43985 4.33672 4.22213 4.10868 3.98779 3.86747 3.73912
-9999.0 3.94252 3.89268 3.82908 3.74772 3.65031 3.53228 3.40509 3.25784 3.09856 2.92495 2.73358 2.52846 2.31933 2.08843 1.85581 1.61001 1.37968 1.16024 0.94137 0.76891 0.67781 0.70187 0.8497 1.04106 1.28113 1.53667 1.79278 2.0489 2.30501 2.56055 2.7989 3.03438 3.25784 3.46697 3.66349 3.85085 4.02446 4.18316 4.32927 4.45475 4.57392 4.67247 4.76243 4.83347 4.89019 4.93317 4.96239 4.98244 4.98588 4.979 4.96239 4.93317 4.89363 4.84665 4.78935 4.72404 4.65127 4.57392 4.48798 4.39631 4.30234 4.19921 4.09264 3.98378 3.87205 3.75631
-9999.0 3.91731 3.87205 3.80788 3.72996 3.63198 3.52254 3.39076 3.2481 3.08767 2.91349 2.72155 2.52846 2.31188 2.08843 1.84722 1.5997 1.36765 1.10237 0.86918 0.65317 0.47957 0.47957 0.60103 0.81016 1.072 1.33155 1.58938 1.84722 2.1039 2.35428 2.59894 2.83385 3.05043 3.26815 3.46697 3.65031 3.82507 3.98378 4.12873 4.26051 4.38141 4.48397 4.57392 4.64783 4.71029 4.76243 4.79566 4.82316 4.83347 4.83347 4.82316 4.80597 4.77618 4.73492 4.68679 4.63007 4.57392 4.49886 4.4261 4.34359 4.26051 4.17171 4.07258 3.97575 3.87606 3.76892
-9999.0 3.88866 3.84627 3.78611 3.70818 3.61479 3.50421 3.38102 3.23778 3.08251 2.91349 2.72728 2.52846 2.31933 2.09645 1.86498 1.61975 1.36765 1.11669 0.8497 0.60103 0.36211 0.25611 0.36211 0.62739 0.86918 1.14592 1.40317 1.6696 1.92571 2.17323 2.41559 2.64248 2.86823 3.07736 3.27273 3.46238 3.63198 3.7947 3.93851 4.07258 4.19119 4.29489 4.39229 4.46964 4.53439 4.58825 4.63007 4.65872 4.67935 4.68679 4.68278 4.66903 4.65127 4.61976 4.5808 4.53439 4.48397 4.4261 4.35849 4.28744 4.21468 4.13217 4.04852 3.95914 3.86747 3.77293
-9999.0 3.86345 3.82048 3.76089 3.68584 3.60104 3.48989 3.37128 3.23263 3.07736 2.91922 2.73931 2.54107 2.34053 2.11937 1.88217 1.65012 1.40317 1.16024 0.88751 0.62739 0.36211 0.0 0.18105 0.44404 0.74714 1.00898 1.26853 1.51547 1.77445 2.01681 2.25459 2.47575 2.69806 2.9026 3.09856 3.28305 3.45264 3.61479 3.75631 3.88866 4.01242 4.1167 4.21067 4.29088 4.3625 4.41865 4.4622 4.49886 4.52407 4.53783 4.54184 4.53095 4.52407 4.49886 4.46964 4.43297 4.38886 4.33958 4.28343 4.22614 4.15967 4.08863 4.01586 3.93851 3.85486 3.77293
-9999.0 3.83366 3.79069 3.73454 3.66349 3.57812 3.47671 3.35639 3.22747 3.08251 2.92495 2.74561 2.56055 2.36116 2.15031 1.93373 1.69882 1.47136 1.21524 0.97575 0.72479 0.47957 0.31398 0.25611 0.44404 0.65317 0.90585 1.16024 1.40317 1.65012 1.88217 2.11937 2.34053 2.54794 2.75134 2.93584 3.11976 3.2882 3.44348 3.58729 3.71678 3.83366 3.93851 4.03649 4.12071 4.18718 4.24906 4.2989 4.33672 4.36594 4.38485 4.39229 4.39631 4.38886 4.37396 4.35505 4.32927 4.29088 4.24906 4.20666 4.15566 4.10066 4.03649 3.97575 3.90471 3.83366 3.76491
-9999.0 3.79928 3.76491 3.71219 3.64115 3.55979 3.46238 3.3518 3.22747 3.08767 2.93068 2.76338 2.58633 2.39554 2.19557 1.98415 1.76528 1.53667 1.31895 1.0869 0.8497 0.65317 0.47957 0.40508 0.51222 0.67781 0.88751 1.10237 1.33155 1.56876 1.79278 2.00879 2.21792 2.41559 2.61154 2.7989 2.97422 3.13007 3.28305 3.424 3.55062 3.66808 3.77293 3.86747 3.94653 4.02446 4.08462 4.13217 4.17973 4.20666 4.23416 4.24906 4.25249 4.25249 4.24504 4.23416 4.21468 4.18718 4.15566 4.1167 4.07659 4.03248 3.98378 3.92591 3.87205 3.80788 3.74313
-9999.0 3.76491 3.73454 3.68584 3.61937 3.54145 3.45264 3.34665 3.22231 3.08767 2.94672 2.78687 2.61154 2.43564 2.24026 2.0489 1.84722 1.63006 1.42609 1.21524 1.00898 0.83022 0.70187 0.62739 0.65317 0.76891 0.92361 1.10237 1.31895 1.51547 1.7183 1.92571 2.11937 2.31188 2.50211 2.67342 2.83385 2.99657 3.14038 3.27273 3.39535 3.50879 3.61021 3.7036 3.78611 3.85887 3.91731 3.97174 4.01242 4.05253 4.07659 4.09665 4.10868 4.1167 4.11269 4.10467 4.09665 4.07659 4.05654 4.02847 3.99638 3.95914 3.9219 3.87205 3.82507 3.77293 3.72136
-9999.0 3.73912 3.7036 3.65891 3.59646 3.52254 3.43832 3.33691 3.22747 3.09856 2.95761 2.81609 2.65509 2.48263 2.30501 2.11937 1.92571 1.73721 1.54756 1.35562 1.17399 1.02502 0.90585 0.83022 0.83022 0.88751 1.00898 1.16024 1.33155 1.50459 1.68965 1.87357 2.05692 2.23282 2.40241 2.56685 2.72155 2.86823 3.00746 3.13007 3.2481 3.35639 3.4578 3.54604 3.62797 3.695 3.76089 3.81189 3.85486 3.89268 3.9219 3.94252 3.96315 3.97174 3.97976 3.97575 3.97174 3.95914 3.95112 3.92591 3.90929 3.88007 3.85085 3.81647 3.77751 3.73454 3.68584
