data/slope_horn_max.txt
ncols	401
nrows	401
xllcorner	0.0
yllcorner	0.0
cellsize	10.0
NODATA_value	-9999.0
[rows 300 to 329 of 401, columns 67 to 133 of 401]
4.99848 5.00192 5.07641 5.26777 5.47576 5.66827 5.83959 5.99543 6.12606 6.26186 6.40681 6.55177 6.68584 6.7884 6.85888 6.8944 6.89898 6.86633 6.80502 6.71449 6.5936 6.44979 6.28019 6.08653 5.87568 5.65051 5.40758 5.15891 4.8965 4.64783 4.41464 4.1952 3.97976 3.76892 3.55979 3.36613 3.18163 3.00173 2.81609 2.62415 2.43564 2.26891 2.11937 1.99275 1.87357 1.76528 1.67991 1.5997 1.68965 1.90852 2.17323 2.45627 2.89115 3.38102 3.86345 4.33958 4.81285 5.2735 5.72213 6.14726 6.55406 6.9368 7.28917 7.61174 7.90109 8.15376 8.36862
5.13943 5.14287 5.25803 5.47289 5.69062 5.88943 6.06476 6.2206 6.37416 6.54891 6.73397 6.90586 7.04452 7.15338 7.22041 7.25365 7.25135 7.21583 7.1465 7.04681 6.91503 6.75746 6.57354 6.369 6.14497 5.89975 5.64192 5.37091 5.09245 4.80941 4.54871 4.2989 4.05654 3.82507 3.59646 3.36154 3.14497 2.93068 2.72728 2.52216 2.33308 2.16578 2.00077 1.84722 1.7183 1.58938 1.48224 1.44901 1.61975 1.84722 2.14286 2.54794 2.97422 3.43832 3.90471 4.36594 4.82316 5.26777 5.69635 6.11002 6.49963 6.86633 7.20666 7.51434 7.78879 8.03 8.22997
5.26777 5.27064 5.44023 5.66541 5.88943 6.0894 6.2693 6.43718 6.62969 6.84742 7.0554 7.2376 7.38084 7.48455 7.55044 7.58023 7.57393 7.53153 7.45418 7.3436 7.20437 7.03535 6.84054 6.61995 6.38218 6.12091 5.84474 5.55769 5.26147 4.95265 4.65872 4.3774 4.11269 3.86345 3.61021 3.35639 3.11976 2.88542 2.65509 2.44252 2.23282 2.03343 1.85581 1.68965 1.53667 1.39171 1.26853 1.37968 1.57907 1.87357 2.24714 2.62988 3.03954 3.4853 3.93393 4.3774 4.81285 5.2397 5.65337 6.04929 6.42515 6.77694 7.09895 7.39402 7.65414 7.88333 8.07126
5.38294 5.40414 5.6104 5.84245 6.06762 6.2693 6.45494 6.65433 6.89211 7.13963 7.35907 7.54184 7.68508 7.78707 7.85067 7.87702 7.86442 7.81343 7.7292 7.61174 7.46106 7.28 7.07431 6.84054 6.58615 6.31056 6.01663 5.71354 5.39554 5.07297 4.74524 4.43985 4.1442 3.87205 3.59646 3.33175 3.0722 2.81609 2.56685 2.33308 2.1039 1.89133 1.69882 1.50459 1.33155 1.18831 1.17399 1.33155 1.64038 1.98415 2.33308 2.69806 3.08767 3.51338 3.94252 4.36995 4.78935 5.19902 5.59608 5.97079 6.33118 6.66636 6.97347 7.25365 7.49944 7.71029 7.88848
5.4792 5.53764 5.76453 6.00345 6.23092 6.4326 6.63256 6.87779 7.15338 7.41121 7.63294 7.81572 7.95552 8.05751 8.11652 8.13829 8.11652 8.06094 7.96984 7.84207 7.68107 7.49085 7.27083 7.02618 6.75517 6.46468 6.15758 5.83729 5.50211 5.15891 4.81628 4.47308 4.15566 3.85486 3.55979 3.27789 2.99084 2.72155 2.46257 2.20302 1.95952 1.72804 1.51547 1.31895 1.11669 0.99236 1.11669 1.42609 1.74695 2.07239 2.40929 2.75765 3.11976 3.53228 3.93851 4.3476 4.74867 5.13943 5.51701 5.87568 6.21487 6.53401 6.82622 7.08806 7.31954 7.52064 7.68336
5.55769 5.66541 5.89975 6.14211 6.36671 6.5787 6.81018 7.09895 7.39402 7.65414 7.87473 8.05579 8.1933 8.29013 8.34742 8.36117 8.33768 8.27466 8.17152 8.03516 7.86671 7.66274 7.43069 7.17343 6.88982 6.58844 6.26415 5.92782 5.57545 5.21793 4.85353 4.48798 4.14019 3.81189 3.49963 3.1971 2.89687 2.61154 2.32621 2.05692 1.79278 1.55787 1.31895 1.0869 0.88751 0.95856 1.24217 1.53667 1.83805 2.15776 2.46945 2.7989 3.14038 3.52713 3.91731 4.30635 4.68679 5.05693 5.41331 5.75593 6.07851 6.37931 6.65433 6.90128 7.11957 7.30407 7.45647
5.62186 5.77255 6.01147 6.25899 6.48187 6.70704 6.98206 7.30235 7.60372 7.86213 8.08157 8.26091 8.39498 8.4878 8.54051 8.5491 8.51816 8.44597 8.33596 8.191 8.01167 7.7991 7.55502 7.28459 6.98951 6.67095 6.33405 5.98225 5.619 5.24256 4.86384 4.47652 4.10066 3.75173 3.41483 3.0934 2.77541 2.47575 2.17323 1.89133 1.61975 1.35562 1.0869 0.86918 0.8497 1.10237 1.35562 1.63006 1.91712 2.21047 2.51528 2.82239 3.14497 3.50879 3.87606 4.24504 4.60257 4.95265 5.29241 5.61613 5.91923 6.20227 6.46239 6.69329 6.89669 7.06743 7.20437
5.68202 5.86709 6.11002 6.35124 6.58099 6.8308 7.15109 7.48226 7.78077 8.03917 8.25518 8.42936 8.55884 8.64765 8.69349 8.69693 8.65854 8.5789 8.46373 8.30732 8.11824 7.89479 7.63925 7.35907 7.05082 6.72194 6.37186 6.00345 5.62759 5.23626 4.84035 4.43985 4.0405 3.66349 3.30769 2.96907 2.63618 2.31188 2.00077 1.70856 1.40317 1.13159 0.8497 0.76891 0.97575 1.21524 1.46047 1.7183 1.98415 2.25459 2.54107 2.82812 3.13007 3.47155 3.81647 4.16368 4.5023 4.83003 5.14917 5.45513 5.74161 6.00345 6.24925 6.46239 6.65204 6.80731 6.93394
5.74161 5.94157 6.18393 6.42515 6.65892 6.94539 7.29547 7.62893 7.92343 8.17955 8.38925 8.55884 8.68604 8.76969 8.80808 8.80464 8.75938 8.67515 8.54738 8.38581 8.18699 7.95151 7.68967 7.39631 7.0766 6.73626 6.369 5.99314 5.59894 5.19615 4.78649 4.37396 3.95914 3.5552 3.18163 2.82239 2.48263 2.14286 1.81112 1.4937 1.18831 0.90585 0.76891 0.90585 1.10237 1.31895 1.54756 1.78362 2.03343 2.28324 2.54794 2.81609 3.09856 3.40967 3.73912 4.06055 4.3774 4.69023 4.98588 5.27064 5.53764 5.78687 6.00861 6.20972 6.38218 6.52484 6.63714
5.78917 5.99543 6.23321 6.475 6.72652 7.05082 7.41121 7.74352 8.03344 8.2821 8.48952 8.65281 8.77542 8.84933 8.88199 8.87282 8.82069 8.72844 8.59265 8.42133 8.2145 7.97213 7.69826 7.39402 7.06514 6.70934 6.33921 5.94673 5.54394 5.12683 4.70398 4.27598 3.85085 3.42915 3.03438 2.65509 2.29756 1.95092 1.61001 1.28113 0.95856 0.83022 0.8497 1.02502 1.21524 1.39171 1.61975 1.82945 2.06494 2.29069 2.53477 2.78114 3.04527 3.32717 3.63656 3.93393 4.23416 4.52064 4.80253 5.06667 5.31361 5.54394 5.75307 5.93584 6.09169 6.22289 6.32374
5.81724 6.02752 6.26415 6.50708 6.77866 7.13504 7.49773 7.82374 8.10678 8.35143 8.5514 8.70839 8.8224 8.89231 8.91923 8.90147 8.84017 8.74104 8.5978 8.41961 8.20074 7.95151 7.66675 7.35449 7.01415 6.65204 6.26701 5.86422 5.45227 5.02427 4.59168 4.15165 3.71678 3.27789 2.8625 2.46945 2.09645 1.73721 1.39171 1.072 0.90585 0.83022 0.97575 1.13159 1.28113 1.47136 1.65986 1.86498 2.07239 2.28324 2.50211 2.73358 2.96907 3.22747 3.51338 3.7947 4.06857 4.33672 4.59512 4.84035 5.07297 5.27981 5.47289 5.63905 5.78401 5.89745 5.98454
5.8287 6.0384 6.27446 6.51739 6.81877 7.19578 7.55044 7.86671 8.14574 8.38008 8.57546 8.72443 8.83157 8.89402 8.9135 8.88887 8.8224 8.71354 8.56457 8.37607 8.15204 7.89077 7.59971 7.28 6.93164 6.55636 6.1656 5.75307 5.32851 4.89363 4.4473 4.0044 3.5552 3.10887 2.66712 2.26891 1.89133 1.52636 1.21524 1.02502 0.88751 0.94137 1.072 1.22899 1.40317 1.61001 1.80195 1.99275 2.17323 2.35428 2.52846 2.69806 2.89115 3.10887 3.36613 3.62797 3.88465 4.13217 4.36995 4.59512 4.80597 4.99848 5.17381 5.32564 5.45227 5.55769 5.63332
5.82297 6.02752 6.26415 6.51453 6.84742 7.225 7.56992 7.87702 8.14574 8.37435 8.56056 8.70437 8.80235 8.8585 8.86881 8.8373 8.76282 8.64536 8.48952 8.29356 8.06324 7.79452 7.49543 7.16426 6.81018 6.42973 6.02752 5.6104 5.17725 4.73091 4.27942 3.82507 3.36613 2.91349 2.46257 2.05692 1.65986 1.39171 1.16024 0.97575 0.95856 1.04106 1.18831 1.39171 1.5997 1.80195 2.00077 2.17323 2.34053 2.4958 2.64248 2.77541 2.94099 3.11976 3.32717 3.54604 3.76491 3.98779 4.20666 4.4112 4.59913 4.77618 4.93317 5.06953 5.18641 5.27981 5.35028
5.7949 5.9983 6.23092 6.49448 6.84971 7.22041 7.55273 7.85239 8.11308 8.33424 8.51014 8.64536 8.73589 8.78287 8.78631 8.74792 8.66427 8.54223 8.37836 8.17553 7.93547 7.66045 7.35449 7.01931 6.65605 6.2693 5.85907 5.43393 4.99562 4.54527 4.08462 3.62339 3.16101 2.69806 2.24026 1.84722 1.56876 1.31895 1.11669 0.97575 1.04106 1.16024 1.35562 1.58938 1.80195 2.00879 2.20302 2.38866 2.55425 2.70321 2.85104 2.96907 3.10371 3.25784 3.41941 3.59646 3.76892 3.94252 4.12071 4.29489 4.45475 4.61689 4.75899 4.88676 4.98874 5.07297 5.13657
5.7588 5.95189 6.18164 6.4601 6.82622 7.1826 7.50804 7.79681 8.04547 8.25518 8.42363 8.54738 8.63104 8.66942 8.66599 8.61843 8.52905 8.3967 8.22767 8.0174 7.77217 7.49314 7.18031 6.83825 6.46984 6.07564 5.66541 5.23397 4.78649 4.33271 3.87205 3.40509 2.93584 2.46945 2.07239 1.76528 1.4937 1.26853 1.072 1.04106 1.13159 1.31895 1.55787 1.78362 2.00879 2.21792 2.42934 2.62988 2.81609 2.99084 3.14038 3.28305 3.39993 3.52254 3.64573 3.76491 3.89268 4.02847 4.16368 4.29088 4.40719 4.52751 4.64096 4.7418 4.8266 4.89363 4.94348
5.70208 5.88943 6.11518 6.40968 6.77465 7.11728 7.4284 7.70571 7.94291 8.1423 8.29987 8.4156 8.48952 8.51931 8.50842 8.45399 8.35544 8.21851 8.04146 7.82546 7.57393 7.28917 6.97118 6.62511 6.25383 5.8562 5.44023 5.00192 4.55616 4.09665 3.63198 3.16616 2.69176 2.33308 1.99275 1.68965 1.41463 1.21524 1.0869 1.14592 1.29374 1.51547 1.75612 1.99275 2.22537 2.46257 2.69806 2.91922 3.11976 3.3031 3.46238 3.59646 3.71219 3.83366 3.94252 4.05654 4.15566 4.24504 4.32526 4.39974 4.47652 4.5596 4.63752 4.70398 4.74867 4.77961 4.80253
5.62759 5.80635 6.02752 6.33634 6.69329 7.0216 7.31954 7.58252 7.80712 7.99563 8.14402 8.24945 8.31304 8.33424 8.31476 8.25346 8.14803 8.00365 7.82202 7.60143 7.34589 7.05311 6.73168 6.38218 6.00861 5.60754 5.18641 4.75211 4.30234 3.84226 3.38102 2.95245 2.59263 2.23282 1.89993 1.61001 1.36765 1.17399 1.16024 1.25535 1.46047 1.7183 1.95952 2.21047 2.47575 2.73931 2.99084 3.21716 3.41941 3.60104 3.76089 3.9007 4.02044 4.12873 4.23702 4.33958 4.43297 4.52064 4.59512 4.65471 4.70398 4.7418 4.7693 4.78649 4.79279 4.79279 4.78935
5.53764 5.70781 5.92782 6.24409 6.58329 6.89669 7.17802 7.4284 7.64097 7.81801 7.95151 8.04948 8.10277 8.11652 8.08902 8.01969 7.90739 7.75842 7.56992 7.3436 7.08348 6.7884 6.46468 6.11289 5.73588 5.33195 4.91369 4.47652 4.02847 3.56895 3.20226 2.83385 2.47575 2.13484 1.80195 1.52636 1.30634 1.17399 1.22899 1.41463 1.65986 1.89993 2.18068 2.46945 2.75765 3.02923 3.27273 3.49963 3.7036 3.88465 4.04451 4.18718 4.30635 4.4112 4.50574 4.60257 4.69023 4.77274 4.84665 4.90337 4.94577 4.979 4.99848 5.0088 5.00192 4.98588 4.95952
5.43164 5.59035 5.81151 6.12606 6.44692 6.74543 7.01243 7.24448 7.44559 7.60773 7.73149 7.81572 7.86213 7.86671 7.82775 7.75155 7.63524 7.47996 7.28917 7.05999 6.79299 6.49963 6.17076 5.82011 5.44023 5.04031 4.61976 4.18316 3.77293 3.41941 3.06131 2.70321 2.35428 2.00879 1.70856 1.44901 1.25535 1.22899 1.35562 1.58938 1.84722 2.12739 2.43564 2.74561 3.02923 3.29795 3.54604 3.77293 3.97174 4.15165 4.3138 4.45475 4.57048 4.67247 4.76243 4.84321 4.92686 4.99848 5.06667 5.12052 5.16178 5.18985 5.20532 5.21162 5.19902 5.17725 5.14631
5.31361 5.4643 5.67916 5.98454 6.28764 6.56667 6.81705 7.03535 7.21812 7.36996 7.47996 7.55674 7.59112 7.58653 7.54414 7.45876 7.33501 7.17572 6.97977 6.74543 6.48015 6.18164 5.85334 5.50211 5.12683 4.72404 4.3138 3.95112 3.61021 3.25784 2.90776 2.56055 2.21047 1.89133 1.5997 1.37968 1.24217 1.33155 1.52636 1.77445 2.06494 2.37491 2.69806 3.00746 3.29279 3.5552 3.79928 4.02446 4.22213 4.39974 4.55616 4.69367 4.81285 4.91369 4.99848 5.06953 5.13943 5.20532 5.26434 5.31361 5.35028 5.37377 5.38638 5.38294 5.36804 5.34398 5.30158
5.18355 5.31934 5.53191 5.82297 6.10487 6.36155 6.5936 6.79814 6.96889 7.10353 7.20437 7.26682 7.29318 7.28 7.22729 7.13734 7.01014 6.84513 6.64459 6.40968 6.14211 5.84245 5.51701 5.16521 4.79279 4.39631 4.08863 3.76089 3.42915 3.08767 2.73931 2.40241 2.07239 1.76528 1.50459 1.31895 1.30634 1.47136 1.70856 1.98415 2.30501 2.63618 2.95761 3.25784 3.53687 3.79928 4.03649 4.25249 4.4473 4.6232 4.77618 4.91369 5.0277 5.12396 5.20532 5.27064 5.32851 5.38294 5.43393 5.4792 5.50842 5.52618 5.53477 5.52618 5.50842 5.4792 5.43164
5.04719 5.16751 5.36804 5.63905 5.89975 6.13695 6.35124 6.53688 6.69329 6.81476 6.90128 6.95456 6.96889 6.94769 6.88982 6.79299 6.65892 6.49218 6.28764 6.05215 5.78401 5.48779 5.16521 4.81628 4.45818 4.17572 3.87205 3.55979 3.23263 2.89687 2.56055 2.22537 1.91712 1.64038 1.40317 1.29374 1.41463 1.64038 1.89993 2.21792 2.55425 2.88542 3.1971 3.48989 3.76089 4.01586 4.24504 4.45818 4.64783 4.81972 4.96926 5.10104 5.21506 5.30731 5.38638 5.44883 5.49638 5.53764 5.57832 5.6104 5.63332 5.65051 5.65337 5.64192 5.619 5.58118 5.53191
4.8965 5.00536 5.18641 5.4368 5.674 5.88943 6.08653 6.25383 6.39421 6.50193 6.5787 6.61766 6.62511 6.59589 6.52943 6.42744 6.2905 6.12091 5.91636 5.67916 5.41044 5.11709 4.79909 4.48053 4.21468 3.93851 3.64115 3.33175 3.01834 2.69806 2.36803 2.05692 1.75612 1.50459 1.34359 1.39171 1.56876 1.82029 2.11937 2.46257 2.79317 3.1146 3.41941 3.7036 3.96315 4.21067 4.43641 4.64096 4.82316 4.98874 5.13313 5.26147 5.36804 5.46086 5.53191 5.59321 5.63619 5.67114 5.69635 5.7164 5.73302 5.74161 5.73875 5.72499 5.69635 5.65337 5.59894
4.7418 4.83003 4.99562 5.21793 5.43164 5.62759 5.80062 5.95189 6.07564 6.17076 6.23321 6.26186 6.25899 6.22289 6.15013 6.04413 5.90261 5.72786 5.52331 5.28897 5.02427 4.73492 4.43985 4.21067 3.95914 3.68584 3.39535 3.09856 2.79317 2.47575 2.16578 1.86498 1.61001 1.41463 1.36765 1.51547 1.73721 2.02541 2.35428 2.69176 3.01834 3.32201 3.61937 3.88866 4.14821 4.38141 4.59913 4.79566 4.9727 5.13026 5.26777 5.38924 5.48779 5.57832 5.64765 5.70208 5.74447 5.76969 5.78917 5.79776 5.80062 5.80062 5.79203 5.77255 5.73875 5.69635 5.63905
4.5808 4.6444 4.79279 4.98588 5.17381 5.35028 5.50211 5.63619 5.74161 5.82297 5.87282 5.8923 5.87855 5.83443 5.75593 5.64478 5.50211 5.32851 5.12396 4.89019 4.62663 4.34359 4.14821 3.9219 3.68125 3.41941 3.13523 2.85104 2.54794 2.25459 1.95092 1.67991 1.47136 1.39171 1.46047 1.6696 1.93373 2.25459 2.58633 2.90776 3.21716 3.51338 3.7947 4.05654 4.30234 4.52751 4.73091 4.91999 5.08557 5.23626 5.36518 5.4792 5.57832 5.65681 5.72213 5.77255 5.81438 5.83729 5.84761 5.85047 5.84474 5.83443 5.81724 5.79203 5.75593 5.70494 5.64478
4.41865 4.45818 4.57736 4.74524 4.90681 5.05349 5.18985 5.30158 5.39554 5.458 5.49638 5.50498 5.48493 5.43164 5.35028 5.23397 5.08901 4.91369 4.71372 4.48053 4.22614 4.03248 3.83767 3.62339 3.39076 3.13523 2.86823 2.58633 2.30501 2.02541 1.75612 1.52636 1.40317 1.43755 1.5997 1.83805 2.14286 2.46257 2.78687 3.09856 3.39535 3.68125 3.94653 4.19921 4.4261 4.64096 4.83691 5.01166 5.16751 5.30731 5.43164 5.53764 5.62759 5.70208 5.76166 5.80865 5.84245 5.86422 5.87282 5.87282 5.86136 5.84245 5.81438 5.78114 5.73875 5.68489 5.62186
4.26051 4.26796 4.35104 4.49142 4.62663 4.75211 4.86384 4.95952 5.03401 5.08557 5.11078 5.10792 5.07927 5.02083 4.93317 4.81285 4.66903 4.49485 4.29489 4.06857 3.86747 3.7036 3.51796 3.30769 3.08251 2.83958 2.58003 2.31188 2.0489 1.78362 1.56876 1.42609 1.43755 1.53667 1.75612 2.04088 2.35428 2.66712 2.96907 3.26815 3.55062 3.81647 4.06857 4.30635 4.52064 4.72404 4.90337 5.06953 5.21793 5.34398 5.458 5.5554 5.63905 5.70781 5.76166 5.80349 5.83443 5.85334 5.86136 5.85907 5.84245 5.81724 5.78687 5.74447 5.69635 5.63619 5.56972
4.11269 4.08462 4.12873 4.23416 4.33958 4.44386 4.53439 4.60945 4.66903 4.70398 4.71372 4.70398 4.6656 4.59913 4.50574 4.38886 4.24103 4.07258 3.87606 3.65891 3.51796 3.36154 3.18679 2.99084 2.76911 2.53477 2.29069 2.04088 1.79278 1.57907 1.44901 1.43755 1.52636 1.68965 1.94233 2.24714 2.54794 2.84531 3.13007 3.40967 3.67724 3.92992 4.16368 4.38485 4.58481 4.7693 4.94004 5.09245 5.22767 5.34684 5.44883 5.53764 5.61613 5.67629 5.72499 5.76166 5.78687 5.80349 5.80865 5.80062 5.78687 5.76166 5.72786 5.68202 5.63046 5.56686 5.50498
3.97174 3.89669 3.90471 3.97174 4.05253 4.13217 4.19921 4.2565 4.2989 4.3138 4.31781 4.29088 4.24906 4.17973 4.08061 3.96315 3.82048 3.65031 3.46238 3.29279 3.16616 3.01834 2.84531 2.65509 2.44939 2.22537 1.99275 1.77445 1.56876 1.46047 1.43755 1.51547 1.65012 1.85581 2.14286 2.42934 2.71525 2.99084 3.26815 3.52713 3.77293 4.00841 4.22614 4.42954 4.61689 4.78649 4.94004 5.07927 5.20246 5.30731 5.40127 5.48206 5.54967 5.60181 5.64765 5.67916 5.70208 5.71354 5.71354 5.70781 5.69348 5.66827 5.63332 5.619 5.62759 5.63046 5.62186
3.83767 3.72136 3.68584 3.71678 3.76892 3.82048 3.86345 3.89669 3.9219 3.92591 3.9133 3.88007 3.82908 3.75631 3.65432 3.53228 3.39535 3.22747 3.04527 2.92495 2.80463 2.66139 2.4958 2.31188 2.11937 1.92571 1.7183 1.54756 1.43755 1.43755 1.51547 1.64038 1.80195 2.0489 2.31188 2.59263 2.85677 3.11976 3.37587 3.61479 3.84226 4.05654 4.2565 4.44386 4.61288 4.7693 4.90337 5.0277 5.13943 5.23397 5.31648 5.38638 5.44596 5.49409 5.53191 5.5554 5.57545 5.58462 5.58748 5.57832 5.60181 5.64765 5.68489 5.71354 5.73302 5.73875 5.73875
