data/slope_horn_max.txt
ncols	401
nrows	401
xllcorner	0.0
yllcorner	0.0
cellsize	10.0
NODATA_value	-9999.0
[rows 360 to 389 of 401, columns 0 to 66 of 401]
-9999.0 7.81572 7.58653 7.3287 7.04681 6.74314 6.41484 6.07049 5.70494 5.32278 4.9303 4.52751 4.14019 3.79069 3.4853 3.21716 2.95245 2.68545 2.44252 2.25459 2.18068 2.15031 2.15031 2.21792 2.40241 2.59263 2.77541 2.95245 3.10887 3.25784 3.39535 3.51796 3.62339 3.71678 3.7947 3.85887 3.91731 4.01242 4.09264 4.15967 4.21067 4.24103 4.26452 4.27598 4.27598 4.26452 4.24504 4.21869 4.18316 4.15165 4.1167 4.08462 4.06055 4.04852 4.04451 4.04451 4.05253 4.07258 4.09665 4.1167 4.12873 4.13618 4.13618 4.13217 4.13217 4.1167 4.10066
-9999.0 7.69368 7.47194 7.22729 6.95685 6.6635 6.35124 6.02236 5.67114 5.30731 4.93317 4.54871 4.17171 3.83767 3.54604 3.28305 3.03438 2.79317 2.56055 2.38179 2.29756 2.26891 2.26204 2.28324 2.44252 2.60524 2.76911 2.92495 3.06647 3.19195 3.31284 3.424 3.51338 3.59187 3.65891 3.71219 3.75631 3.78611 3.81647 3.87606 3.92591 3.96716 3.99237 4.00841 4.01242 4.00841 4.00039 3.98378 3.96315 3.94653 3.93851 3.92992 3.92992 3.93393 3.94252 3.94653 3.95513 3.96716 3.98378 4.00039 4.01242 4.01242 4.0044 4.00039 3.99237 3.98378 3.96716
-9999.0 7.55674 7.34589 7.11041 6.85258 6.57354 6.27446 5.95991 5.62473 5.27981 4.92343 4.55215 4.1952 3.87205 3.59187 3.34665 3.1146 2.89115 2.67342 2.50211 2.41559 2.36803 2.36116 2.35428 2.4958 2.63618 2.77541 2.90776 3.02923 3.14038 3.2481 3.33175 3.40967 3.47671 3.52713 3.57354 3.60562 3.62797 3.64115 3.65031 3.66349 3.7036 3.73454 3.75173 3.75631 3.76491 3.76491 3.76892 3.76892 3.77293 3.78209 3.79928 3.81647 3.82908 3.84226 3.84627 3.85085 3.85887 3.86747 3.87606 3.88007 3.87606 3.86747 3.85486 3.84226 3.82908 3.82048
-9999.0 7.41121 7.21125 6.98493 6.73798 6.4727 6.1868 5.88657 5.56972 5.24256 4.8965 4.55215 4.21067 3.9007 3.63198 3.39993 3.18679 2.97995 2.77541 2.61784 2.52846 2.48263 2.46257 2.44939 2.55425 2.67342 2.78687 2.9026 3.00746 3.09856 3.18163 3.25784 3.318 3.36613 3.40967 3.43832 3.46238 3.47671 3.48129 3.48129 3.47671 3.46697 3.48129 3.50421 3.52254 3.54145 3.5552 3.57812 3.60104 3.62797 3.65432 3.68584 3.7036 3.72594 3.73454 3.74772 3.74772 3.74772 3.75173 3.75173 3.74313 3.73454 3.72136 3.7036 3.68125 3.66808 3.65031
-9999.0 7.25594 7.06514 6.84971 6.6148 6.36155 6.09169 5.80349 5.50211 5.18985 4.87014 4.53783 4.21468 3.9219 3.66808 3.45264 3.25268 3.05616 2.87396 2.72728 2.64248 2.59263 2.56685 2.55425 2.61784 2.71525 2.81036 2.9026 2.98511 3.06647 3.13007 3.18679 3.23263 3.26815 3.29795 3.318 3.32201 3.32717 3.32201 3.318 3.3031 3.29795 3.2882 3.29279 3.318 3.35639 3.38561 3.42915 3.46697 3.50421 3.54604 3.57354 3.60104 3.61937 3.63198 3.63656 3.64115 3.64115 3.63656 3.62797 3.61937 3.60562 3.58729 3.55979 3.53687 3.52254 3.50879
-9999.0 7.08978 6.90815 6.70246 6.48187 6.23894 5.97939 5.70781 5.42534 5.12683 4.82316 4.50975 4.20666 3.92992 3.69042 3.48989 3.3031 3.13007 2.96334 2.82812 2.75134 2.69806 2.66712 2.64878 2.67972 2.75765 2.83958 2.90776 2.97995 3.03954 3.08251 3.12491 3.16101 3.17648 3.19195 3.1971 3.1971 3.19195 3.17648 3.16616 3.15585 3.15069 3.14497 3.15585 3.16616 3.20742 3.26299 3.31284 3.35639 3.39993 3.43374 3.46238 3.4853 3.50879 3.51796 3.52713 3.53228 3.52713 3.52254 3.51338 3.50421 3.48989 3.47155 3.45264 3.43832 3.43374 3.43374
-9999.0 6.91503 6.74314 6.54662 6.33634 6.10487 5.86136 5.60181 5.33195 5.05349 4.7693 4.47308 4.18718 3.92591 3.70818 3.51796 3.3518 3.18679 3.03954 2.91922 2.84531 2.80463 2.76338 2.73931 2.74561 2.81036 2.86823 2.92495 2.97422 3.01261 3.05043 3.0722 3.08767 3.09856 3.0934 3.08767 3.07736 3.06131 3.05616 3.03954 3.03438 3.04527 3.05616 3.08251 3.10887 3.13007 3.15585 3.20742 3.25268 3.2882 3.32201 3.3518 3.37587 3.39076 3.40509 3.41483 3.41483 3.41483 3.40967 3.40509 3.39076 3.38561 3.38102 3.38102 3.38561 3.39993 3.41941
-9999.0 6.73397 6.56667 6.38447 6.18164 5.96564 5.73302 5.48779 5.23397 4.96926 4.70055 4.42954 4.15566 3.9133 3.71219 3.54145 3.38561 3.23778 3.10371 3.00173 2.94099 2.89687 2.85677 2.82812 2.81036 2.86823 2.90776 2.95245 2.98511 3.00746 3.0235 3.02923 3.03438 3.0235 3.01261 2.99657 2.99084 2.96907 2.95761 2.95761 2.97422 2.99657 3.0235 3.05043 3.06647 3.08767 3.0934 3.09856 3.14497 3.18163 3.212 3.23778 3.25784 3.27273 3.2882 3.29795 3.3031 3.3031 3.29795 3.2882 3.2882 3.29795 3.31284 3.34206 3.38102 3.424 3.46697
-9999.0 6.54432 6.38447 6.20742 6.01663 5.81151 5.59321 5.36231 5.12396 4.87301 4.6232 4.36594 4.1167 3.89268 3.70818 3.55062 3.41483 3.28305 3.16101 3.07736 3.0235 2.99084 2.94672 2.91349 2.88542 2.91922 2.95245 2.96907 2.99084 3.00173 3.00173 2.99657 2.98511 2.97422 2.95761 2.94099 2.92495 2.91922 2.92495 2.94672 2.97422 2.99657 3.01834 3.02923 3.03954 3.05043 3.04527 3.03954 3.03438 3.06647 3.0934 3.11976 3.14038 3.15585 3.17132 3.17648 3.18163 3.18163 3.18163 3.18163 3.1971 3.22747 3.27789 3.33691 3.39535 3.46238 3.52254
-9999.0 6.34436 6.19482 6.02522 5.84474 5.65051 5.4431 5.22767 5.00192 4.77274 4.53439 4.29489 4.06456 3.86345 3.695 3.5552 3.42915 3.30769 3.212 3.13523 3.10371 3.06647 3.03438 3.00173 2.96334 2.96907 2.98511 2.99657 3.00173 3.00173 2.99657 2.98511 2.96907 2.94672 2.93068 2.91349 2.91349 2.93068 2.95245 2.97422 2.99657 3.00746 3.01834 3.0235 3.01834 3.01261 3.00173 2.99084 2.96907 2.95761 2.98511 3.00173 3.0235 3.03954 3.04527 3.05616 3.06131 3.06131 3.06131 3.08251 3.13007 3.18163 3.25784 3.33691 3.41941 3.50421 3.58271
-9999.0 6.13695 5.99543 5.83729 5.66541 5.48206 5.28611 5.08557 4.87301 4.65471 4.43641 4.21869 4.0044 3.82048 3.67266 3.54604 3.43374 3.33691 3.25784 3.1971 3.17132 3.14038 3.10887 3.0722 3.03954 3.03438 3.03438 3.03438 3.03438 3.0235 3.00746 2.99084 2.96334 2.94672 2.93068 2.93584 2.95761 2.97422 2.99084 3.01261 3.0235 3.0235 3.02923 3.0235 3.01261 2.99657 2.97422 2.94672 2.91922 2.88542 2.8625 2.88542 2.9026 2.91922 2.92495 2.93584 2.93584 2.93584 2.95245 3.00173 3.06647 3.15069 3.24294 3.34665 3.44806 3.54604 3.63656
-9999.0 5.92496 5.78917 5.64192 5.47576 5.30387 5.12052 4.93317 4.73492 4.53439 4.32927 4.12472 3.93393 3.77293 3.64115 3.53228 3.43374 3.34665 3.29279 3.25784 3.23263 3.20742 3.17648 3.14497 3.1146 3.08767 3.08251 3.07736 3.06647 3.04527 3.0235 3.00173 2.97995 2.96334 2.97422 2.99084 3.01261 3.02923 3.03954 3.05043 3.05043 3.05043 3.03438 3.0235 3.00173 2.97995 2.94672 2.90776 2.87396 2.82812 2.78687 2.76338 2.78114 2.78687 2.7989 2.80463 2.80463 2.81036 2.8625 2.93584 3.0235 3.12491 3.23263 3.35639 3.47155 3.59187 3.69902
-9999.0 5.70781 5.57832 5.4368 5.28324 5.12052 4.94577 4.7693 4.58825 4.40375 4.21468 4.02847 3.85486 3.71678 3.60104 3.50879 3.42915 3.37128 3.32717 3.30769 3.2882 3.26299 3.23778 3.20742 3.17648 3.14038 3.13523 3.11976 3.09856 3.07736 3.05043 3.0235 3.01261 3.01834 3.03438 3.05616 3.06647 3.07736 3.08251 3.08767 3.07736 3.0722 3.05616 3.02923 3.00173 2.96907 2.92495 2.88542 2.83385 2.78114 2.72728 2.67342 2.65509 2.66712 2.67342 2.67972 2.68545 2.70321 2.77541 2.86823 2.97422 3.0934 3.22747 3.37128 3.50421 3.63656 3.75631
-9999.0 5.48206 5.35945 5.22423 5.08271 4.9303 4.7693 4.60257 4.43297 4.26051 4.08863 3.9219 3.76892 3.65031 3.5552 3.47671 3.41941 3.38102 3.36154 3.3518 3.33691 3.31284 3.29279 3.26299 3.22747 3.18679 3.17648 3.15585 3.13007 3.10887 3.07736 3.05616 3.06647 3.08251 3.0934 3.10887 3.11976 3.12491 3.13007 3.11976 3.1146 3.0934 3.07736 3.04527 3.00746 2.96334 2.91349 2.85677 2.7989 2.73931 2.67342 2.61154 2.54794 2.54107 2.54107 2.54794 2.55425 2.61154 2.69806 2.81036 2.93584 3.07736 3.22747 3.38102 3.53687 3.68125 3.81189
-9999.0 5.25517 5.13943 5.01166 4.87644 4.73091 4.58481 4.42954 4.27197 4.11269 3.95914 3.80788 3.68125 3.58271 3.50421 3.45264 3.41941 3.40509 3.39993 3.39076 3.37587 3.36154 3.34206 3.31284 3.27789 3.23778 3.212 3.18679 3.16101 3.13523 3.1146 3.10887 3.12491 3.14038 3.15069 3.16101 3.16616 3.17132 3.17132 3.16101 3.14497 3.12491 3.0934 3.06131 3.01261 2.96334 2.90776 2.84531 2.76911 2.70321 2.62988 2.56055 2.48263 2.41559 2.42247 2.42247 2.44252 2.52216 2.63618 2.75765 2.89687 3.06131 3.23263 3.39993 3.56437 3.72594 3.87205
-9999.0 5.02083 4.91369 4.79279 4.6656 4.53095 4.39229 4.24906 4.10467 3.95914 3.81647 3.69042 3.58729 3.51338 3.46238 3.44348 3.43374 3.42915 3.43374 3.43374 3.41941 3.40967 3.38561 3.3518 3.318 3.27789 3.24294 3.21716 3.18679 3.16101 3.14497 3.15585 3.17132 3.18679 3.1971 3.20742 3.212 3.20742 3.20742 3.19195 3.17648 3.15069 3.11976 3.0722 3.0235 2.96907 2.9026 2.83385 2.75765 2.67972 2.59263 2.50898 2.42934 2.34741 2.29756 2.29756 2.34741 2.44252 2.56685 2.70952 2.8625 3.05043 3.23263 3.41941 3.59646 3.76491 3.92992
-9999.0 4.78935 4.68278 4.57048 4.45131 4.32526 4.19921 4.06456 3.93393 3.80329 3.68125 3.57812 3.49963 3.4578 3.44348 3.44348 3.45264 3.46697 3.47155 3.46697 3.46238 3.44806 3.41941 3.39076 3.35639 3.31284 3.27273 3.24294 3.212 3.18679 3.18163 3.1971 3.212 3.22747 3.23778 3.2481 3.2481 3.2481 3.23778 3.22747 3.20742 3.17648 3.14038 3.0934 3.03954 2.97422 2.90776 2.82812 2.74561 2.66139 2.57315 2.47575 2.38179 2.29756 2.21047 2.17323 2.24714 2.36803 2.50898 2.66139 2.83958 3.03954 3.23778 3.43832 3.62797 3.81189 3.98779
-9999.0 4.55215 4.45131 4.3476 4.23416 4.1167 3.99638 3.87606 3.75631 3.64115 3.54604 3.47155 3.43832 3.43374 3.44348 3.46238 3.4853 3.50421 3.51338 3.51338 3.50421 3.4853 3.4578 3.424 3.38102 3.34206 3.29279 3.26299 3.22747 3.20742 3.212 3.22747 3.24294 3.26299 3.27273 3.27789 3.28305 3.28305 3.27789 3.25784 3.23778 3.212 3.17132 3.11976 3.05616 2.99084 2.90776 2.82812 2.74561 2.64878 2.55425 2.44939 2.34741 2.24714 2.15031 2.1039 2.16578 2.29756 2.44939 2.61784 2.81609 3.02923 3.24294 3.45264 3.65891 3.85887 4.04451
-9999.0 4.31036 4.21869 4.1167 4.01242 3.90471 3.7947 3.68584 3.58271 3.48989 3.42915 3.40509 3.40967 3.43832 3.47155 3.50879 3.53687 3.55062 3.5552 3.5552 3.54145 3.51796 3.4853 3.44806 3.40509 3.36154 3.31284 3.27273 3.23778 3.22231 3.23778 3.25268 3.26815 3.2882 3.29795 3.30769 3.31284 3.318 3.31284 3.29795 3.27273 3.24294 3.1971 3.14038 3.07736 3.00173 2.92495 2.83385 2.74561 2.64248 2.53477 2.42934 2.31933 2.21047 2.11192 2.08041 2.11192 2.23282 2.39554 2.58003 2.7989 3.0235 3.25268 3.47155 3.69042 3.9007 4.10066
-9999.0 4.07258 3.98378 3.88866 3.7947 3.69042 3.59646 3.49963 3.424 3.37128 3.36154 3.38561 3.42915 3.48129 3.51796 3.5552 3.57812 3.59646 3.60104 3.59187 3.57812 3.55062 3.51338 3.47155 3.424 3.37128 3.32201 3.27789 3.2481 3.23778 3.25268 3.26815 3.29279 3.30769 3.318 3.33691 3.34206 3.34665 3.34665 3.33175 3.30769 3.27273 3.22231 3.16616 3.09856 3.0235 2.93584 2.84531 2.75134 2.64248 2.53477 2.42247 2.30501 2.18813 2.08041 2.07239 2.11192 2.18813 2.34741 2.54794 2.78114 3.01834 3.25784 3.49447 3.72136 3.93851 4.15165
-9999.0 3.83366 3.75173 3.66349 3.57354 3.4853 3.39993 3.33691 3.30769 3.31284 3.35639 3.41941 3.47671 3.52713 3.56895 3.60562 3.62339 3.63656 3.63656 3.62797 3.60562 3.57354 3.53228 3.48989 3.43374 3.38102 3.32717 3.27789 3.2481 3.23778 3.25268 3.28305 3.29795 3.32201 3.34206 3.36154 3.38102 3.38561 3.38102 3.36613 3.33691 3.3031 3.25268 3.18679 3.11976 3.03954 2.95761 2.8625 2.76338 2.65509 2.54794 2.42934 2.30501 2.18068 2.08843 2.07239 2.12739 2.20302 2.30501 2.50898 2.76338 3.01261 3.25784 3.50879 3.75173 3.97976 4.20265
-9999.0 3.59187 3.51338 3.43374 3.35639 3.29279 3.24294 3.23778 3.27273 3.33691 3.39993 3.47155 3.52713 3.58271 3.62339 3.65031 3.67266 3.67724 3.67724 3.66349 3.63656 3.60104 3.5552 3.49963 3.44348 3.38561 3.32717 3.27789 3.23778 3.23778 3.25784 3.27789 3.30769 3.33691 3.36613 3.39535 3.40967 3.41941 3.41483 3.39993 3.37128 3.32717 3.27273 3.20742 3.14038 3.06131 2.96907 2.88542 2.78114 2.66712 2.55425 2.43564 2.31188 2.18068 2.1039 2.1039 2.16578 2.24714 2.34741 2.48263 2.74561 3.00746 3.26815 3.52254 3.77751 4.02044 4.25249
-9999.0 3.35639 3.2882 3.22231 3.17132 3.15069 3.17132 3.23263 3.30769 3.38561 3.46238 3.52713 3.58271 3.63656 3.67724 3.7036 3.72996 3.73912 3.73454 3.71678 3.69042 3.64573 3.59187 3.52254 3.45264 3.38102 3.32201 3.26815 3.23263 3.22231 3.2481 3.27789 3.31284 3.36154 3.39076 3.41941 3.43832 3.44806 3.44348 3.424 3.39535 3.3518 3.29279 3.23263 3.16101 3.07736 2.99657 2.9026 2.80463 2.69806 2.57315 2.44939 2.32621 2.19557 2.13484 2.14286 2.21047 2.29756 2.40241 2.54794 2.72728 3.00173 3.27273 3.54145 3.80329 4.05654 4.2989
-9999.0 3.13523 3.08767 3.05616 3.06131 3.11976 3.19195 3.27789 3.36154 3.44348 3.51338 3.58271 3.64115 3.695 3.73912 3.76892 3.79069 3.7947 3.78611 3.76491 3.72996 3.68125 3.62339 3.5552 3.47155 3.38561 3.31284 3.25268 3.20742 3.20742 3.23778 3.28305 3.33175 3.37587 3.41941 3.44348 3.46238 3.47155 3.46697 3.44806 3.41483 3.37128 3.31284 3.2481 3.17648 3.09856 3.01834 2.92495 2.82812 2.72155 2.60524 2.48263 2.35428 2.22537 2.18068 2.19557 2.26891 2.35428 2.47575 2.62988 2.81036 2.99657 3.27789 3.5552 3.82908 4.08863 4.33958
-9999.0 2.94672 2.94672 2.98511 3.06131 3.15069 3.24294 3.33175 3.41941 3.49963 3.57354 3.64115 3.70818 3.76491 3.80329 3.83366 3.85085 3.84627 3.83366 3.80788 3.76491 3.71678 3.65031 3.57812 3.48989 3.39993 3.30769 3.23263 3.18679 3.19195 3.23263 3.2882 3.33691 3.38561 3.42915 3.46238 3.48129 3.48989 3.4853 3.46697 3.43374 3.38561 3.32717 3.26299 3.1971 3.11976 3.03954 2.95245 2.85677 2.75134 2.63618 2.51528 2.38179 2.26204 2.23282 2.25459 2.33308 2.42934 2.55425 2.72728 2.90776 3.09856 3.2882 3.56895 3.85085 4.12071 4.3774
-9999.0 2.84531 2.91349 3.00173 3.09856 3.20226 3.29279 3.39076 3.47155 3.5552 3.63656 3.71219 3.77293 3.82507 3.86345 3.88866 3.89669 3.89268 3.87205 3.84226 3.79928 3.73912 3.66808 3.59187 3.50421 3.40967 3.31284 3.22231 3.17132 3.17132 3.22747 3.28305 3.34206 3.39076 3.43374 3.46697 3.48989 3.49963 3.49963 3.47671 3.44348 3.39535 3.34206 3.27789 3.212 3.14038 3.06647 2.97995 2.89115 2.78687 2.67342 2.54794 2.42247 2.31933 2.29756 2.32621 2.40241 2.50898 2.64248 2.82812 3.01834 3.212 3.40509 3.60562 3.86747 4.1442 4.4112
-9999.0 2.84531 2.94672 3.05043 3.15585 3.25268 3.34665 3.44348 3.53228 3.61937 3.7036 3.77751 3.83767 3.88007 3.91731 3.93393 3.93851 3.92992 3.90471 3.87205 3.81647 3.75631 3.68584 3.60562 3.51338 3.41483 3.318 3.22231 3.16616 3.16616 3.212 3.27273 3.33175 3.38561 3.43374 3.47155 3.49447 3.50879 3.50421 3.4853 3.45264 3.40509 3.3518 3.29279 3.22747 3.16616 3.0934 3.01261 2.91922 2.82239 2.70952 2.59263 2.46945 2.37491 2.36116 2.40241 2.48893 2.59263 2.73931 2.93068 3.12491 3.32717 3.53228 3.73454 3.93851 4.1677 4.43641
-9999.0 2.87969 2.99657 3.09856 3.20226 3.3031 3.39535 3.49447 3.59646 3.68584 3.76491 3.83366 3.88866 3.92992 3.95914 3.96716 3.96716 3.95513 3.92992 3.88866 3.83366 3.76892 3.695 3.61021 3.51338 3.41941 3.32201 3.22747 3.16101 3.15585 3.1971 3.25268 3.32201 3.37587 3.424 3.46238 3.48989 3.50421 3.49963 3.4853 3.4578 3.40967 3.35639 3.29795 3.24294 3.18163 3.11976 3.04527 2.95761 2.8625 2.75765 2.63618 2.52216 2.44252 2.43564 2.48263 2.56685 2.68545 2.83958 3.03954 3.23778 3.44348 3.65432 3.86345 4.07659 4.27942 4.47652
-9999.0 2.93068 3.03954 3.15069 3.2481 3.3518 3.45264 3.5552 3.65432 3.74313 3.81647 3.88007 3.92992 3.96716 3.99237 4.00039 3.99638 3.97575 3.94653 3.9007 3.84226 3.76892 3.695 3.60562 3.50879 3.41483 3.32201 3.22231 3.16101 3.14497 3.18163 3.23778 3.3031 3.36154 3.40967 3.44806 3.48129 3.49963 3.49963 3.4853 3.4578 3.40967 3.37128 3.33175 3.29795 3.25268 3.20226 3.13523 3.06131 2.96907 2.85677 2.73931 2.61784 2.50898 2.50898 2.56055 2.65509 2.78114 2.94099 3.14038 3.3518 3.55979 3.77751 3.99638 4.21067 4.41865 4.6232
-9999.0 2.97422 3.08251 3.18679 3.29279 3.39993 3.50879 3.61479 3.70818 3.79069 3.86345 3.9219 3.96315 3.99638 4.01586 4.02044 4.01242 3.99237 3.95513 3.90471 3.84627 3.76892 3.69042 3.59646 3.50421 3.40967 3.31284 3.22231 3.15069 3.13523 3.16101 3.21716 3.2882 3.34665 3.40509 3.44806 3.48129 3.50421 3.50879 3.50421 3.48129 3.44806 3.41941 3.39535 3.36154 3.33175 3.2882 3.23263 3.16616 3.08251 2.98511 2.87396 2.74561 2.62988 2.58003 2.64248 2.73931 2.86823 3.03954 3.2481 3.4578 3.67724 3.89669 4.12071 4.33958 4.55616 4.76243
