data/slope_4cell_max.txt
ncols	401
nrows	401
xllcorner	0.0
yllcorner	0.0
cellsize	10.0
NODATA_value	-9999.0
[rows 90 to 119 of 401, columns 268 to 334 of 401]
1.22899 1.10237 1.00898 1.0869 1.20207 1.31895 1.43755 1.56876 1.69882 1.83805 1.95952 2.09645 2.22537 2.35428 2.47575 2.59894 2.70952 2.81036 2.9026 2.98511 3.06647 3.14038 3.22231 3.30769 3.39076 3.4578 3.51796 3.57812 3.62339 3.66808 3.7036 3.72996 3.75173 3.76892 3.78209 3.79069 3.79069 3.79069 3.79069 3.78611 3.77293 3.75631 3.72996 3.695 3.65031 3.59646 3.53687 3.46697 3.38102 3.29795 3.1971 3.08767 2.97995 2.85677 2.72728 2.59894 2.45627 2.31933 2.17323 2.0489 1.96754 1.90852 1.87357 1.83805 1.81112 1.80195 1.79278
1.26853 1.11669 1.00898 1.04106 1.10237 1.18831 1.29374 1.42609 1.55787 1.69882 1.82029 1.95092 2.07239 2.18813 2.31933 2.43564 2.55425 2.66712 2.76338 2.85677 2.94672 3.03438 3.13007 3.22747 3.32717 3.41483 3.48989 3.56437 3.63198 3.69042 3.74313 3.79069 3.83366 3.86345 3.89268 3.91731 3.92992 3.93851 3.93393 3.92992 3.9133 3.89268 3.85887 3.82048 3.77293 3.71678 3.65031 3.57354 3.49447 3.39535 3.29795 3.19195 3.07736 2.95245 2.82239 2.68545 2.54107 2.40241 2.25459 2.15031 2.09645 2.06494 2.0489 2.0489 2.04088 2.04088 2.05692
1.29374 1.14592 1.05653 1.10237 1.14592 1.18831 1.25535 1.33155 1.42609 1.55787 1.68965 1.81112 1.93373 2.05692 2.16578 2.28324 2.40929 2.52216 2.62988 2.72728 2.82812 2.91922 3.02923 3.14497 3.25268 3.35639 3.45264 3.54145 3.62797 3.7036 3.77751 3.83767 3.89669 3.94653 3.99237 4.02446 4.05253 4.06857 4.08061 4.08061 4.07258 4.05654 4.02446 3.98779 3.93393 3.87205 3.79928 3.71678 3.62339 3.51338 3.39993 3.27789 3.15585 3.02923 2.9026 2.75765 2.61784 2.47575 2.32621 2.25459 2.22537 2.22537 2.24026 2.24714 2.27636 2.30501 2.33308
1.33155 1.17399 1.0869 1.13159 1.17399 1.22899 1.28113 1.34359 1.41463 1.47136 1.55787 1.68965 1.81112 1.93373 2.04088 2.15031 2.26891 2.38866 2.4958 2.60524 2.70952 2.81609 2.93068 3.05616 3.18163 3.29795 3.40967 3.51338 3.61021 3.7036 3.79069 3.86747 3.93851 4.0044 4.06456 4.11269 4.15566 4.18316 4.20265 4.21468 4.21067 4.20265 4.17572 4.14019 4.09264 4.02847 3.95112 3.86747 3.76089 3.64573 3.51796 3.38561 3.23778 3.09856 2.96334 2.83385 2.68545 2.53477 2.41559 2.36116 2.36116 2.39554 2.42934 2.46945 2.51528 2.56685 2.61154
1.36765 1.21524 1.16024 1.17399 1.21524 1.26853 1.30634 1.36765 1.42609 1.48224 1.53667 1.5997 1.68965 1.81112 1.92571 2.03343 2.13484 2.24714 2.36803 2.48263 2.58633 2.69806 2.82812 2.96907 3.10371 3.23263 3.35639 3.47155 3.58271 3.69042 3.7947 3.88465 3.97174 4.05253 4.12071 4.17973 4.23416 4.27598 4.30635 4.32526 4.32927 4.32526 4.30635 4.27197 4.22213 4.16368 4.08863 3.99638 3.88866 3.77293 3.63656 3.48989 3.32717 3.17132 3.0235 2.89115 2.74561 2.59894 2.50211 2.47575 2.50898 2.56055 2.62415 2.69176 2.75134 2.82239 2.88542
1.42609 1.26853 1.22899 1.24217 1.26853 1.30634 1.34359 1.37968 1.43755 1.48224 1.53667 1.57907 1.63006 1.68965 1.80195 1.91712 2.01681 2.12739 2.24026 2.35428 2.46257 2.59263 2.72728 2.87969 3.01834 3.15585 3.29279 3.41941 3.54604 3.66808 3.78209 3.88866 3.98378 4.07659 4.15967 4.23015 4.29088 4.34359 4.38485 4.4112 4.4261 4.4261 4.4112 4.38141 4.33271 4.27197 4.19921 4.10868 3.99638 3.87606 3.73454 3.58271 3.41483 3.23263 3.07736 2.93584 2.7989 2.65509 2.58003 2.59263 2.65509 2.73358 2.81609 2.9026 2.98511 3.0722 3.15585
1.48224 1.31895 1.31895 1.31895 1.33155 1.35562 1.37968 1.41463 1.44901 1.4937 1.52636 1.56876 1.5997 1.64038 1.69882 1.80195 1.90852 2.00879 2.11937 2.23282 2.35428 2.47575 2.62988 2.78114 2.93068 3.07736 3.22231 3.36154 3.49963 3.63198 3.75173 3.87205 3.97976 4.08061 4.17572 4.26051 4.33271 4.39229 4.43985 4.47308 4.49142 4.5023 4.48798 4.46563 4.42209 4.3625 4.28744 4.1952 4.08462 3.96315 3.81647 3.65891 3.4853 3.3031 3.11976 2.97422 2.83958 2.70321 2.66139 2.71525 2.80463 2.90776 3.00746 3.1146 3.21716 3.32201 3.41941
1.54756 1.41463 1.41463 1.40317 1.40317 1.41463 1.42609 1.44901 1.47136 1.4937 1.52636 1.55787 1.57907 1.5997 1.63006 1.68965 1.79278 1.89993 2.00879 2.12739 2.24026 2.36803 2.52846 2.68545 2.83958 2.99657 3.14497 3.29795 3.44348 3.57812 3.71678 3.84226 3.96315 4.07258 4.17572 4.26796 4.3476 4.41865 4.46964 4.51319 4.53783 4.54871 4.54527 4.52407 4.48397 4.42954 4.35505 4.26051 4.15165 4.02446 3.88007 3.71678 3.54145 3.34665 3.15585 3.00173 2.86823 2.75765 2.74561 2.83385 2.95245 3.07736 3.1971 3.32201 3.44348 3.56437 3.68125
1.61001 1.50459 1.4937 1.4937 1.48224 1.48224 1.48224 1.4937 1.50459 1.51547 1.52636 1.54756 1.56876 1.57907 1.57907 1.5997 1.68965 1.79278 1.90852 2.01681 2.12739 2.26204 2.42247 2.58633 2.75134 2.9026 3.06647 3.21716 3.36613 3.51338 3.65891 3.7947 3.92591 4.04451 4.15165 4.25249 4.34359 4.42209 4.48053 4.53095 4.56304 4.5808 4.5808 4.56304 4.52407 4.46964 4.39974 4.30635 4.1952 4.07258 3.9219 3.76089 3.58271 3.38561 3.17648 3.01834 2.89115 2.81036 2.83385 2.95245 3.0934 3.23778 3.38102 3.52254 3.66349 3.79928 3.93393
1.65012 1.5997 1.57907 1.56876 1.55787 1.54756 1.54756 1.53667 1.53667 1.54756 1.54756 1.54756 1.54756 1.54756 1.55787 1.54756 1.5997 1.69882 1.80195 1.91712 2.02541 2.15776 2.32621 2.48263 2.64878 2.81609 2.97422 3.13007 3.2882 3.44348 3.59187 3.72996 3.87205 3.99638 4.11269 4.21869 4.31781 4.39974 4.46964 4.52407 4.56304 4.58481 4.58825 4.57392 4.54184 4.49142 4.42209 4.33271 4.22213 4.09665 3.95112 3.78611 3.60562 3.40967 3.1971 3.0235 2.90776 2.85677 2.91922 3.07736 3.23263 3.39535 3.55979 3.72136 3.88007 4.03248 4.18316
1.67991 1.65986 1.65012 1.63006 1.61975 1.61001 1.5997 1.5997 1.58938 1.57907 1.56876 1.54756 1.54756 1.53667 1.52636 1.51547 1.53667 1.61975 1.70856 1.81112 1.92571 2.06494 2.21792 2.38179 2.54794 2.71525 2.87396 3.03954 3.1971 3.35639 3.51338 3.65432 3.79928 3.92992 4.05654 4.1677 4.26796 4.35849 4.43297 4.49142 4.53783 4.56647 4.57392 4.56647 4.53783 4.49142 4.4261 4.33672 4.23015 4.10467 3.95513 3.7947 3.61479 3.41941 3.20742 3.02923 2.91922 2.90776 3.01261 3.19195 3.37128 3.55062 3.72996 3.90929 4.08462 4.2565 4.42209
1.73721 1.7183 1.69882 1.67991 1.65986 1.65012 1.64038 1.63006 1.61975 1.61001 1.58938 1.56876 1.54756 1.52636 1.51547 1.50459 1.4937 1.54756 1.64038 1.7183 1.82029 1.95952 2.11192 2.28324 2.44252 2.60524 2.77541 2.93584 3.09856 3.25784 3.41483 3.56437 3.70818 3.85085 3.97575 4.09665 4.20265 4.29489 4.3774 4.44386 4.49142 4.52751 4.53783 4.53439 4.50975 4.46964 4.40375 4.31781 4.21869 4.09264 3.95112 3.79069 3.61021 3.41483 3.20226 3.0235 2.93068 2.96334 3.10371 3.3031 3.49963 3.69902 3.89669 4.09264 4.28343 4.47308 4.65127
1.76528 1.75612 1.73721 1.7183 1.69882 1.67991 1.6696 1.65986 1.64038 1.63006 1.5997 1.58938 1.55787 1.52636 1.4937 1.48224 1.47136 1.4937 1.55787 1.65012 1.72804 1.86498 2.01681 2.17323 2.33308 2.4958 2.66139 2.82239 2.99084 3.15069 3.30769 3.46238 3.60562 3.75173 3.88465 4.00841 4.11269 4.21468 4.30234 4.36995 4.4261 4.4622 4.48053 4.48053 4.4622 4.42209 4.36594 4.28343 4.18718 4.06857 3.92992 3.76491 3.59187 3.39993 3.19195 3.00746 2.93584 3.00746 3.19195 3.40967 3.62339 3.83767 4.05253 4.26796 4.47652 4.67591 4.87644
1.78362 1.77445 1.75612 1.73721 1.7183 1.69882 1.68965 1.6696 1.65012 1.63006 1.61975 1.58938 1.55787 1.52636 1.4937 1.46047 1.43755 1.43755 1.50459 1.55787 1.65012 1.77445 1.91712 2.07239 2.22537 2.38179 2.54794 2.70321 2.86823 3.02923 3.18679 3.34206 3.48989 3.63198 3.76892 3.89268 4.01242 4.11269 4.20265 4.27942 4.33672 4.3774 4.40375 4.40719 4.39974 4.3625 4.31036 4.23015 4.14019 4.02446 3.88866 3.73454 3.55979 3.37128 3.16616 2.99084 2.95245 3.05616 3.27789 3.50879 3.74313 3.97174 4.20265 4.43297 4.65872 4.87644 5.08557
1.79278 1.77445 1.75612 1.73721 1.7183 1.70856 1.68965 1.67991 1.65986 1.64038 1.61975 1.5997 1.55787 1.52636 1.48224 1.44901 1.41463 1.40317 1.43755 1.4937 1.56876 1.67991 1.82029 1.96754 2.11192 2.26891 2.42247 2.58003 2.73931 2.89687 3.05616 3.20742 3.36154 3.50421 3.64115 3.76892 3.88866 3.99638 4.08863 4.1677 4.23416 4.27942 4.31036 4.31781 4.3138 4.28343 4.23015 4.1677 4.07258 3.96315 3.83767 3.68584 3.51796 3.33691 3.14038 2.98511 2.96334 3.12491 3.36154 3.60104 3.84627 4.09665 4.34359 4.58825 4.83003 5.06323 5.28897
1.78362 1.75612 1.74695 1.72804 1.7183 1.69882 1.68965 1.6696 1.65986 1.64038 1.61001 1.58938 1.55787 1.52636 1.48224 1.43755 1.40317 1.40317 1.40317 1.43755 1.4937 1.5997 1.7183 1.85581 2.00077 2.15031 2.29756 2.44939 2.59894 2.75765 2.90776 3.06131 3.212 3.35639 3.49963 3.62797 3.74772 3.85887 3.95513 4.0405 4.10467 4.15967 4.1952 4.21067 4.20666 4.18718 4.14019 4.08061 3.99638 3.89669 3.76892 3.63656 3.48989 3.32201 3.14038 3.01261 3.0235 3.20742 3.4578 3.70818 3.95513 4.21468 4.47652 4.73492 4.99218 5.2397 5.4792
1.75612 1.73721 1.7183 1.70856 1.69882 1.68965 1.67991 1.65986 1.65012 1.63006 1.61001 1.57907 1.55787 1.51547 1.47136 1.43755 1.40317 1.39171 1.39171 1.39171 1.41463 1.50459 1.61975 1.74695 1.88217 2.02541 2.15776 2.30501 2.45627 2.60524 2.75765 2.91349 3.05616 3.20226 3.33691 3.47155 3.59187 3.7036 3.80788 3.89268 3.96315 4.02446 4.06456 4.08462 4.08863 4.07258 4.0405 3.98378 3.9133 3.83767 3.73454 3.61479 3.47671 3.33175 3.17132 3.08767 3.11976 3.30769 3.56895 3.82507 4.08061 4.32125 4.59913 4.87014 5.14287 5.40414 5.65681
1.70856 1.69882 1.68965 1.67991 1.6696 1.65986 1.65012 1.64038 1.63006 1.61001 1.58938 1.56876 1.54756 1.51547 1.4937 1.44901 1.41463 1.39171 1.37968 1.36765 1.36765 1.41463 1.52636 1.64038 1.75612 1.89133 2.02541 2.15776 2.30501 2.44939 2.59263 2.74561 2.88542 3.03438 3.16616 3.29795 3.424 3.53687 3.64115 3.72996 3.81189 3.87205 3.91731 3.94653 3.95914 3.95513 3.94252 3.90929 3.85486 3.7947 3.71219 3.61479 3.48989 3.3518 3.20226 3.16616 3.22747 3.40509 3.67266 3.94252 4.20265 4.45131 4.71029 4.99562 5.27981 5.5554 5.82297
1.65986 1.64038 1.64038 1.64038 1.61975 1.61975 1.61975 1.61001 1.61001 1.58938 1.57907 1.56876 1.55787 1.52636 1.50459 1.47136 1.43755 1.40317 1.37968 1.36765 1.35562 1.34359 1.42609 1.52636 1.64038 1.74695 1.87357 2.00879 2.14286 2.27636 2.42247 2.56685 2.70321 2.84531 2.98511 3.11976 3.23778 3.36154 3.46697 3.55979 3.64115 3.70818 3.76892 3.82048 3.85085 3.86747 3.86747 3.85887 3.82507 3.77751 3.7036 3.61479 3.49447 3.36613 3.2481 3.2481 3.33691 3.50879 3.77751 4.04451 4.3138 4.57048 4.81972 5.10792 5.40414 5.69348 5.97366
1.58938 1.57907 1.57907 1.57907 1.57907 1.58938 1.57907 1.58938 1.5997 1.58938 1.58938 1.57907 1.57907 1.55787 1.53667 1.50459 1.46047 1.43755 1.39171 1.36765 1.33155 1.31895 1.31895 1.41463 1.50459 1.61975 1.7183 1.84722 1.97613 2.1039 2.24026 2.37491 2.51528 2.65509 2.79317 2.91922 3.04527 3.16616 3.27273 3.38561 3.4853 3.57354 3.64573 3.70818 3.76491 3.80329 3.82048 3.81647 3.7947 3.75631 3.695 3.61021 3.50421 3.38561 3.31284 3.34206 3.45264 3.60562 3.86747 4.1442 4.41464 4.67591 4.92686 5.20876 5.51701 5.82011 6.11289
1.51547 1.51547 1.50459 1.51547 1.54756 1.55787 1.57907 1.58938 1.5997 1.61975 1.61975 1.61975 1.61001 1.58938 1.56876 1.53667 1.4937 1.46047 1.41463 1.37968 1.34359 1.29374 1.25535 1.29374 1.37968 1.47136 1.56876 1.67991 1.79278 1.92571 2.0489 2.18813 2.31188 2.45627 2.58633 2.72155 2.8625 2.99084 3.11976 3.23263 3.3518 3.4578 3.55062 3.62797 3.69042 3.73912 3.76892 3.77293 3.76089 3.72996 3.67724 3.60562 3.50421 3.40967 3.38102 3.44348 3.55979 3.69902 3.94653 4.23015 4.50574 4.7693 5.02427 5.29871 5.61384 5.92782 6.23894
1.43755 1.44901 1.47136 1.4937 1.52636 1.55787 1.58938 1.61001 1.63006 1.65012 1.65012 1.65012 1.65012 1.63006 1.61001 1.57907 1.53667 1.4937 1.44901 1.40317 1.35562 1.28113 1.24217 1.21524 1.24217 1.33155 1.41463 1.50459 1.61975 1.72804 1.84722 1.98415 2.11937 2.26204 2.40241 2.54794 2.69806 2.83958 2.97995 3.1146 3.24294 3.3518 3.45264 3.54145 3.61479 3.67266 3.70818 3.72594 3.72594 3.7036 3.66349 3.59646 3.51338 3.424 3.44806 3.54604 3.65891 3.78611 4.02044 4.30635 4.58481 4.85353 5.11422 5.37721 5.69635 6.02522 6.34436
1.36765 1.41463 1.44901 1.48224 1.52636 1.55787 1.5997 1.63006 1.65012 1.6696 1.67991 1.68965 1.67991 1.6696 1.65012 1.61975 1.57907 1.52636 1.4937 1.42609 1.37968 1.31895 1.24217 1.17399 1.13159 1.18831 1.24217 1.34359 1.43755 1.53667 1.65986 1.79278 1.93373 2.08041 2.24026 2.39554 2.54794 2.70321 2.85104 2.98511 3.11976 3.24294 3.3518 3.45264 3.53228 3.59646 3.64573 3.67266 3.68584 3.67266 3.64115 3.58729 3.52254 3.47671 3.50879 3.63656 3.75631 3.86747 4.08462 4.36594 4.64783 4.92343 5.18355 5.44596 5.76453 6.10257 6.43489
1.36765 1.40317 1.43755 1.48224 1.53667 1.56876 1.61001 1.64038 1.67991 1.69882 1.70856 1.7183 1.7183 1.70856 1.69882 1.6696 1.63006 1.57907 1.52636 1.47136 1.41463 1.34359 1.28113 1.18831 1.11669 1.05653 1.072 1.16024 1.24217 1.35562 1.47136 1.61975 1.77445 1.93373 2.08041 2.24026 2.40241 2.55425 2.70952 2.8625 2.99657 3.12491 3.24294 3.3518 3.44348 3.52254 3.57812 3.61937 3.63656 3.64115 3.62339 3.57812 3.53228 3.53228 3.59646 3.72594 3.84627 3.95513 4.12873 4.41464 4.70055 4.97557 5.24256 5.49638 5.81438 6.1656 6.50995
1.4937 1.52636 1.53667 1.56876 1.5997 1.63006 1.65012 1.67991 1.7183 1.72804 1.75612 1.76528 1.76528 1.75612 1.73721 1.7183 1.67991 1.64038 1.58938 1.52636 1.44901 1.39171 1.30634 1.22899 1.16024 1.05653 0.99236 1.00898 1.072 1.18831 1.31895 1.44901 1.61001 1.76528 1.92571 2.08843 2.25459 2.41559 2.56685 2.72155 2.86823 3.00746 3.14038 3.25268 3.35639 3.44348 3.51338 3.56437 3.59646 3.60562 3.60104 3.57812 3.54604 3.57812 3.67724 3.80788 3.92591 4.03649 4.18316 4.45131 4.73836 5.0151 5.28611 5.54394 5.85047 6.21258 6.56438
1.68965 1.70856 1.73721 1.75612 1.77445 1.77445 1.77445 1.76528 1.76528 1.78362 1.80195 1.82029 1.81112 1.80195 1.79278 1.77445 1.73721 1.69882 1.65012 1.58938 1.52636 1.44901 1.35562 1.28113 1.17399 1.10237 1.00898 0.97575 0.95856 1.02502 1.14592 1.29374 1.44901 1.5997 1.76528 1.92571 2.09645 2.26891 2.42934 2.58633 2.73931 2.88542 3.0235 3.15069 3.26299 3.36154 3.44348 3.50421 3.54604 3.57354 3.58271 3.57354 3.56437 3.62797 3.74772 3.88007 4.00039 4.11269 4.23416 4.47308 4.75899 5.03744 5.31017 5.56972 5.87568 6.24123 6.60563
1.88217 1.89993 1.92571 1.93373 1.95092 1.94233 1.93373 1.91712 1.89133 1.85581 1.86498 1.87357 1.86498 1.85581 1.85581 1.82945 1.80195 1.76528 1.7183 1.65986 1.5997 1.51547 1.43755 1.34359 1.24217 1.17399 1.0869 1.02502 0.95856 0.94137 1.00898 1.13159 1.28113 1.43755 1.5997 1.76528 1.93373 2.11937 2.27636 2.44939 2.60524 2.76338 2.90776 3.04527 3.16616 3.27273 3.37128 3.44348 3.50421 3.54145 3.55979 3.57354 3.59646 3.67266 3.80788 3.94252 4.06456 4.17973 4.27598 4.47308 4.75899 5.04375 5.31934 5.58118 5.8837 6.24925 6.62511
2.05692 2.08041 2.09645 2.1039 2.11192 2.09645 2.08041 2.05692 2.02541 1.98415 1.93373 1.92571 1.92571 1.92571 1.90852 1.89993 1.87357 1.83805 1.79278 1.73721 1.6696 1.5997 1.51547 1.42609 1.34359 1.26853 1.20207 1.14592 1.072 1.00898 0.97575 1.04106 1.16024 1.29374 1.44901 1.61001 1.78362 1.95952 2.13484 2.31188 2.47575 2.64248 2.7989 2.94099 3.0722 3.19195 3.29795 3.39076 3.4578 3.51338 3.54604 3.57812 3.62339 3.71678 3.85887 3.99237 4.1167 4.23015 4.32927 4.46563 4.74524 5.0277 5.30387 5.57545 5.86995 6.24123 6.62511
2.24714 2.24714 2.26891 2.26891 2.26891 2.25459 2.22537 2.19557 2.14286 2.09645 2.03343 1.97613 1.98415 1.97613 1.97613 1.96754 1.95092 1.91712 1.88217 1.82029 1.76528 1.68965 1.5997 1.52636 1.46047 1.40317 1.33155 1.26853 1.20207 1.14592 1.10237 1.05653 1.11669 1.22899 1.35562 1.4937 1.65012 1.82029 1.99275 2.17323 2.34741 2.51528 2.67972 2.83385 2.97422 3.10887 3.22747 3.32717 3.41483 3.48129 3.53687 3.58271 3.64573 3.75631 3.89669 4.03248 4.15566 4.26796 4.36995 4.47308 4.71029 4.99562 5.2735 5.5468 5.84245 6.21487 6.61079
2.42247 2.42247 2.42247 2.41559 2.40929 2.38179 2.36116 2.31188 2.26204 2.19557 2.12739 2.05692 2.04088 2.04088 2.04088 2.04088 2.02541 2.00077 1.96754 1.90852 1.85581 1.78362 1.69882 1.64038 1.57907 1.52636 1.47136 1.40317 1.35562 1.29374 1.22899 1.17399 1.18831 1.25535 1.31895 1.43755 1.58938 1.72804 1.88217 2.0489 2.21792 2.38866 2.56685 2.72728 2.88542 3.0235 3.15585 3.27273 3.37128 3.45264 3.52254 3.58729 3.65891 3.77751 3.9219 4.05253 4.17973 4.29489 4.39974 4.48798 4.65471 4.94004 5.22423 5.49638 5.79203 6.1656 6.57354
