data/slope_sharpnack_modal.txt
ncols	401
nrows	401
xllcorner	0.0
yllcorner	0.0
cellsize	10.0
NODATA_value	-9999.0
[rows 120 to 149 of 401, columns 201 to 267 of 401]
2.22537 2.26891 2.34741 2.44252 2.56685 2.70321 2.84531 2.99084 3.14038 3.28305 3.41941 3.55062 3.67724 3.79069 3.9007 3.99638 4.08061 4.15566 4.22213 4.27598 4.31781 4.35104 4.36995 4.38485 4.38886 4.38141 4.36594 4.33958 4.3138 4.26796 4.22213 4.17171 4.10868 4.0405 3.96716 3.88866 3.80329 3.71678 3.62797 3.52713 3.42915 3.32201 3.21716 3.10887 2.99657 2.89115 2.77541 2.66139 2.55425 2.44252 2.33308 2.22537 2.12739 2.04088 1.95092 1.87357 1.79278 1.73721 1.68965 1.64038 1.61001 1.58938 1.57907 1.57907 1.57907 1.5997 1.61001
2.24026 2.26891 2.34053 2.43564 2.54794 2.67972 2.81609 2.95761 3.10371 3.2481 3.39076 3.52254 3.64573 3.76089 3.87205 3.97174 4.06055 4.13618 4.20265 4.26051 4.30635 4.33958 4.36594 4.38141 4.38485 4.38141 4.36594 4.3476 4.3138 4.27598 4.23015 4.17572 4.11269 4.04852 3.97575 3.89669 3.81189 3.72136 3.62797 3.53228 3.424 3.32201 3.212 3.10371 2.99084 2.87969 2.75765 2.64248 2.53477 2.41559 2.30501 2.20302 2.1039 2.00879 1.92571 1.84722 1.77445 1.70856 1.65986 1.63006 1.5997 1.58938 1.58938 1.5997 1.5997 1.63006 1.64038
2.24026 2.26204 2.32621 2.41559 2.52216 2.64878 2.78114 2.92495 3.0722 3.212 3.3518 3.4853 3.61479 3.72996 3.84226 3.93851 4.03248 4.10868 4.18316 4.23702 4.28744 4.32526 4.35104 4.36995 4.3774 4.37396 4.36594 4.33958 4.3138 4.27942 4.23416 4.18316 4.12071 4.05253 3.97976 3.90471 3.81647 3.72594 3.63198 3.52713 3.424 3.318 3.20742 3.0934 2.97422 2.8625 2.73931 2.61784 2.50211 2.38866 2.27636 2.17323 2.06494 1.96754 1.88217 1.80195 1.73721 1.68965 1.64038 1.61001 1.58938 1.58938 1.58938 1.61001 1.61975 1.65012 1.67991
2.24026 2.25459 2.31188 2.38866 2.4958 2.61154 2.74561 2.88542 3.02923 3.17132 3.31284 3.44348 3.57354 3.69042 3.80329 3.90471 4.00039 4.08061 4.15165 4.21468 4.26796 4.30635 4.33672 4.35505 4.36594 4.36594 4.35505 4.33958 4.3138 4.27942 4.23416 4.17973 4.12472 4.05654 3.97976 3.9007 3.81647 3.72594 3.62797 3.52254 3.41941 3.30769 3.19195 3.07736 2.95761 2.83958 2.71525 2.59894 2.47575 2.35428 2.24026 2.13484 2.02541 1.93373 1.84722 1.76528 1.68965 1.64038 1.61001 1.58938 1.57907 1.56876 1.58938 1.61001 1.63006 1.6696 1.69882
2.24026 2.24714 2.29069 2.36803 2.46257 2.58003 2.70952 2.84531 2.98511 3.13007 3.26815 3.39993 3.52713 3.65031 3.76491 3.86747 3.96315 4.04852 4.12472 4.18718 4.23702 4.28343 4.31781 4.33672 4.35104 4.35505 4.3476 4.32927 4.30635 4.27197 4.23015 4.17572 4.12071 4.05253 3.97976 3.9007 3.81647 3.72136 3.62339 3.51796 3.40967 3.29279 3.17648 3.05616 2.93584 2.81036 2.69176 2.56055 2.43564 2.31933 2.19557 2.08843 1.97613 1.87357 1.78362 1.70856 1.65012 1.5997 1.55787 1.54756 1.53667 1.54756 1.56876 1.5997 1.64038 1.67991 1.7183
2.22537 2.24026 2.26891 2.33308 2.42934 2.54107 2.66712 2.7989 2.94099 3.07736 3.21716 3.3518 3.48129 3.60562 3.72136 3.82908 3.92591 4.01242 4.08462 4.15165 4.20666 4.2565 4.29088 4.31781 4.33271 4.33672 4.33271 4.32125 4.29489 4.26452 4.22213 4.17171 4.1167 4.04852 3.97575 3.89669 3.81189 3.71219 3.61479 3.50879 3.39535 3.28305 3.16101 3.03954 2.91349 2.78687 2.65509 2.52846 2.39554 2.26891 2.14286 2.03343 1.91712 1.82029 1.72804 1.65012 1.58938 1.53667 1.50459 1.4937 1.50459 1.51547 1.54756 1.58938 1.63006 1.67991 1.72804
2.21792 2.21047 2.24714 2.30501 2.39554 2.50211 2.62415 2.75134 2.89115 3.02923 3.16616 3.29795 3.43374 3.5552 3.67266 3.78209 3.88007 3.96716 4.04852 4.1167 4.17572 4.22614 4.26051 4.29088 4.3138 4.31781 4.31781 4.30234 4.28343 4.25249 4.21067 4.16368 4.10868 4.0405 3.96716 3.88866 3.79928 3.70818 3.60104 3.49447 3.38561 3.26815 3.14497 3.01834 2.88542 2.75134 2.61784 2.48263 2.35428 2.21792 2.09645 1.96754 1.85581 1.74695 1.65012 1.56876 1.51547 1.47136 1.44901 1.43755 1.44901 1.48224 1.51547 1.56876 1.61975 1.67991 1.73721
2.21047 2.19557 2.21792 2.27636 2.35428 2.45627 2.57315 2.69806 2.83958 2.97422 3.10887 3.2481 3.37587 3.49963 3.61937 3.72996 3.83366 3.92591 4.0044 4.08061 4.13618 4.19119 4.23416 4.26452 4.28343 4.29489 4.29489 4.28744 4.26796 4.23702 4.19921 4.15566 4.10066 4.03248 3.95914 3.88007 3.7947 3.695 3.59646 3.4853 3.37128 3.2481 3.12491 2.99657 2.85677 2.72155 2.58003 2.44252 2.30501 2.16578 2.03343 1.89993 1.78362 1.67991 1.57907 1.4937 1.43755 1.40317 1.37968 1.37968 1.39171 1.42609 1.48224 1.53667 1.5997 1.6696 1.73721
2.20302 2.18068 2.18813 2.24026 2.31188 2.40929 2.52216 2.64878 2.78114 2.91349 3.05616 3.18679 3.32201 3.44348 3.56437 3.67724 3.77751 3.87606 3.95914 4.03649 4.09665 4.15165 4.19921 4.23015 4.2565 4.26796 4.27197 4.26452 4.24504 4.22213 4.18316 4.14019 4.08462 4.02446 3.94653 3.86747 3.77751 3.68125 3.58271 3.47155 3.3518 3.23263 3.09856 2.96907 2.82812 2.69176 2.54107 2.39554 2.25459 2.1039 1.96754 1.83805 1.7183 1.5997 1.4937 1.41463 1.34359 1.30634 1.29374 1.30634 1.33155 1.37968 1.43755 1.50459 1.57907 1.65986 1.72804
2.18813 2.15776 2.16578 2.21047 2.27636 2.36803 2.47575 2.59894 2.72155 2.8625 2.99657 3.13007 3.26299 3.38561 3.50879 3.62339 3.72594 3.82048 3.90929 3.98779 4.05253 4.11269 4.15967 4.19921 4.22213 4.23702 4.24504 4.23702 4.22614 4.20265 4.1677 4.12472 4.07258 4.00841 3.93851 3.85486 3.76892 3.67266 3.56895 3.4578 3.33691 3.20742 3.08251 2.94099 2.7989 2.65509 2.50898 2.35428 2.20302 2.05692 1.90852 1.77445 1.63006 1.51547 1.40317 1.31895 1.25535 1.21524 1.20207 1.21524 1.25535 1.31895 1.37968 1.47136 1.54756 1.63006 1.7183
2.17323 2.14286 2.14286 2.17323 2.23282 2.31933 2.42247 2.54107 2.66712 2.80463 2.93068 3.0722 3.1971 3.32717 3.44806 3.55979 3.66808 3.76892 3.85887 3.93851 4.0044 4.06857 4.1167 4.15566 4.18718 4.20265 4.21468 4.21067 4.20265 4.17973 4.14821 4.10467 4.05654 3.99237 3.9219 3.84627 3.75631 3.65891 3.5552 3.43832 3.318 3.19195 3.05616 2.91922 2.77541 2.62415 2.46945 2.31188 2.15776 2.00077 1.84722 1.69882 1.55787 1.42609 1.30634 1.21524 1.14592 1.10237 1.10237 1.11669 1.17399 1.24217 1.33155 1.42609 1.51547 1.61001 1.69882
2.16578 2.12739 2.11937 2.13484 2.19557 2.27636 2.36803 2.48263 2.61154 2.73931 2.87396 3.00746 3.14038 3.26299 3.38561 3.49963 3.61021 3.70818 3.79928 3.88465 3.95513 4.02044 4.07258 4.11269 4.1442 4.1677 4.17973 4.18316 4.17171 4.15165 4.12472 4.08462 4.03248 3.97575 3.90471 3.83366 3.74313 3.64573 3.54145 3.424 3.30769 3.17648 3.03954 2.9026 2.74561 2.59263 2.43564 2.27636 2.11192 1.95092 1.79278 1.63006 1.47136 1.34359 1.22899 1.11669 1.04106 0.99236 0.99236 1.02502 1.0869 1.17399 1.26853 1.36765 1.47136 1.57907 1.68965
2.15776 2.1039 2.09645 2.1039 2.15776 2.23282 2.31933 2.42934 2.54794 2.67972 2.81036 2.94099 3.0722 3.20226 3.32201 3.43832 3.54604 3.64573 3.73912 3.82507 3.89669 3.96716 4.02446 4.06857 4.10066 4.12873 4.14019 4.14821 4.14019 4.12873 4.09665 4.06456 4.01242 3.95914 3.89268 3.81647 3.72996 3.63198 3.52713 3.41483 3.29279 3.16101 3.0235 2.87969 2.72728 2.57315 2.40929 2.24026 2.07239 1.90852 1.73721 1.56876 1.40317 1.25535 1.11669 1.00898 0.92361 0.86918 0.88751 0.92361 0.99236 1.0869 1.20207 1.31895 1.42609 1.55787 1.6696
2.14286 2.09645 2.07239 2.08843 2.11937 2.18813 2.27636 2.37491 2.48893 2.61784 2.74561 2.87396 3.00173 3.13007 3.25268 3.37128 3.48129 3.58271 3.67724 3.76491 3.84226 3.90929 3.96716 4.01586 4.05253 4.08462 4.10066 4.10868 4.10467 4.09264 4.07258 4.03649 3.99237 3.93393 3.87205 3.79928 3.71219 3.61937 3.51338 3.40509 3.28305 3.15069 3.01261 2.8625 2.71525 2.54794 2.38866 2.21792 2.04088 1.86498 1.68965 1.51547 1.34359 1.17399 1.02502 0.88751 0.81016 0.74714 0.74714 0.81016 0.90585 1.00898 1.13159 1.25535 1.39171 1.51547 1.64038
2.14286 2.08041 2.05692 2.05692 2.09645 2.15031 2.23282 2.32621 2.44252 2.56055 2.67972 2.81036 2.93584 3.06647 3.18163 3.3031 3.40967 3.51796 3.61021 3.69902 3.78209 3.85085 3.9133 3.95914 4.0044 4.03649 4.05654 4.06456 4.06857 4.06055 4.0405 4.00841 3.96716 3.91731 3.85486 3.78209 3.69902 3.60562 3.50421 3.39076 3.27273 3.14038 3.00173 2.85677 2.69806 2.54107 2.36803 2.19557 2.01681 1.83805 1.65012 1.47136 1.28113 1.11669 0.94137 0.81016 0.67781 0.62739 0.62739 0.67781 0.78954 0.92361 1.072 1.21524 1.34359 1.48224 1.61001
2.14286 2.08041 2.0489 2.04088 2.06494 2.11192 2.18813 2.28324 2.38179 2.50211 2.62415 2.73931 2.86823 2.99657 3.1146 3.22747 3.33691 3.44348 3.54145 3.63198 3.71678 3.78611 3.85085 3.9007 3.94653 3.98378 4.00841 4.02044 4.02446 4.02044 4.0044 3.97575 3.94252 3.88866 3.83366 3.76491 3.68584 3.59646 3.49447 3.38561 3.26815 3.13523 2.99657 2.85104 2.69176 2.52846 2.36116 2.18813 2.00077 1.82029 1.63006 1.42609 1.24217 1.05653 0.88751 0.70187 0.60103 0.51222 0.47957 0.57296 0.70187 0.83022 0.99236 1.16024 1.30634 1.44901 1.57907
2.14286 2.07239 2.04088 2.02541 2.04088 2.08041 2.15031 2.24026 2.33308 2.44252 2.56055 2.67972 2.80463 2.92495 3.03954 3.15585 3.26815 3.37128 3.47155 3.55979 3.64573 3.71678 3.78209 3.84226 3.88866 3.92591 3.95513 3.97174 3.97976 3.97976 3.96716 3.94653 3.90929 3.86747 3.81189 3.74772 3.66808 3.58271 3.4853 3.37587 3.25784 3.13007 2.99657 2.84531 2.69176 2.53477 2.36116 2.18813 2.00077 1.81112 1.61001 1.42609 1.22899 1.02502 0.83022 0.65317 0.47957 0.36211 0.36211 0.44404 0.57296 0.76891 0.92361 1.0869 1.25535 1.40317 1.54756
2.15031 2.08041 2.03343 2.01681 2.02541 2.06494 2.11937 2.19557 2.29069 2.38866 2.50211 2.61784 2.73358 2.85104 2.96907 3.08251 3.19195 3.29795 3.39535 3.4853 3.56895 3.64573 3.71678 3.77751 3.82507 3.86747 3.89669 3.9219 3.92992 3.93393 3.92591 3.90471 3.87606 3.83767 3.78611 3.72594 3.65031 3.56895 3.47671 3.37128 3.25784 3.13523 2.99657 2.85677 2.70321 2.54107 2.36803 2.19557 2.00879 1.82029 1.61975 1.42609 1.21524 1.00898 0.78954 0.62739 0.40508 0.25611 0.18105 0.36211 0.51222 0.67781 0.86918 1.04106 1.21524 1.36765 1.51547
2.15776 2.08041 2.03343 2.00879 2.01681 2.04088 2.09645 2.15776 2.24714 2.34053 2.44252 2.55425 2.66712 2.78687 2.89687 3.00746 3.11976 3.21716 3.318 3.40967 3.48989 3.56895 3.64115 3.7036 3.75631 3.79928 3.83767 3.86345 3.87606 3.88007 3.88007 3.86345 3.84226 3.80329 3.75631 3.69902 3.63656 3.55979 3.46697 3.36613 3.25784 3.13523 3.00173 2.8625 2.71525 2.55425 2.38866 2.21792 2.03343 1.84722 1.64038 1.43755 1.24217 1.02502 0.83022 0.60103 0.40508 0.18105 0.0 0.25611 0.40508 0.62739 0.83022 1.00898 1.17399 1.33155 1.48224
2.18068 2.1039 2.0489 2.01681 2.00879 2.03343 2.06494 2.12739 2.20302 2.29069 2.39554 2.4958 2.60524 2.70952 2.82239 2.93068 3.03438 3.13523 3.23778 3.32717 3.40967 3.48989 3.55979 3.62797 3.68125 3.72996 3.76892 3.79928 3.81647 3.82908 3.82908 3.82048 3.79928 3.76892 3.72996 3.67724 3.61479 3.54145 3.46238 3.36154 3.25784 3.14497 3.01834 2.87969 2.73358 2.58003 2.41559 2.24026 2.06494 1.88217 1.67991 1.48224 1.28113 1.072 0.86918 0.65317 0.44404 0.18105 0.0 0.18105 0.40508 0.60103 0.78954 0.97575 1.14592 1.30634 1.46047
2.19557 2.11937 2.06494 2.02541 2.00879 2.02541 2.05692 2.1039 2.18068 2.25459 2.34053 2.43564 2.54107 2.64248 2.74561 2.85104 2.95761 3.05616 3.15069 3.23778 3.32717 3.40509 3.47671 3.54604 3.60104 3.65432 3.695 3.72594 3.75173 3.76892 3.77293 3.76892 3.75631 3.72996 3.69902 3.65031 3.59187 3.52713 3.45264 3.36154 3.26299 3.15069 3.03438 2.9026 2.76338 2.61154 2.45627 2.28324 2.1039 1.92571 1.73721 1.54756 1.34359 1.14592 0.94137 0.72479 0.54374 0.36211 0.25611 0.31398 0.40508 0.60103 0.78954 0.94137 1.11669 1.28113 1.43755
2.22537 2.15031 2.08843 2.04088 2.03343 2.02541 2.05692 2.08843 2.14286 2.22537 2.29756 2.38866 2.48263 2.57315 2.67972 2.77541 2.87396 2.97422 3.06647 3.15069 3.23778 3.318 3.39076 3.46238 3.51796 3.56895 3.61937 3.65432 3.68125 3.69902 3.71219 3.71678 3.70818 3.69042 3.65891 3.61937 3.56895 3.51338 3.44348 3.36154 3.26815 3.16101 3.05043 2.92495 2.79317 2.64878 2.4958 2.33308 2.16578 1.98415 1.81112 1.61975 1.42609 1.24217 1.04106 0.8497 0.67781 0.51222 0.40508 0.40508 0.51222 0.62739 0.76891 0.95856 1.10237 1.26853 1.42609
2.26204 2.18068 2.11937 2.07239 2.0489 2.04088 2.05692 2.08843 2.13484 2.19557 2.26204 2.34053 2.42247 2.50898 2.60524 2.69806 2.79317 2.88542 2.97422 3.06131 3.14497 3.22231 3.29279 3.36613 3.424 3.48129 3.53228 3.57354 3.60562 3.63198 3.64573 3.65432 3.65031 3.64115 3.61937 3.58729 3.54604 3.49447 3.42915 3.35639 3.26815 3.17648 3.06647 2.95245 2.82812 2.69176 2.54794 2.39554 2.23282 2.06494 1.88217 1.70856 1.52636 1.34359 1.16024 0.99236 0.83022 0.67781 0.57296 0.54374 0.60103 0.70187 0.83022 0.97575 1.11669 1.26853 1.41463
2.29756 2.21047 2.15031 2.1039 2.07239 2.06494 2.07239 2.08843 2.11937 2.17323 2.23282 2.29756 2.37491 2.44939 2.54107 2.62415 2.70952 2.79317 2.88542 2.96907 3.04527 3.12491 3.1971 3.26815 3.33175 3.39076 3.43832 3.4853 3.52254 3.55062 3.57354 3.58729 3.59187 3.59187 3.57354 3.55062 3.51796 3.47155 3.41483 3.3518 3.27273 3.19195 3.08767 2.97995 2.8625 2.73931 2.60524 2.45627 2.30501 2.14286 1.98415 1.81112 1.64038 1.47136 1.29374 1.13159 0.97575 0.83022 0.76891 0.70187 0.70187 0.78954 0.86918 1.00898 1.14592 1.26853 1.40317
2.34053 2.26204 2.19557 2.15031 2.11192 2.09645 2.08843 2.1039 2.12739 2.15776 2.20302 2.26204 2.32621 2.39554 2.46945 2.54794 2.62415 2.70952 2.79317 2.86823 2.94099 3.01834 3.0934 3.16101 3.22747 3.28305 3.34206 3.39076 3.43374 3.46697 3.49447 3.51338 3.52713 3.52713 3.52254 3.50421 3.4853 3.44806 3.40509 3.34206 3.27789 3.20226 3.1146 3.01834 2.90776 2.79317 2.66712 2.52846 2.38866 2.23282 2.08843 1.91712 1.75612 1.58938 1.42609 1.29374 1.13159 1.00898 0.92361 0.86918 0.86918 0.88751 0.95856 1.05653 1.17399 1.29374 1.41463
2.38866 2.31188 2.24714 2.19557 2.15776 2.12739 2.11937 2.11937 2.13484 2.15776 2.19557 2.23282 2.28324 2.34053 2.40929 2.47575 2.54794 2.62415 2.69176 2.76338 2.83958 2.91349 2.98511 3.05043 3.1146 3.17648 3.23778 3.2882 3.33175 3.37587 3.40509 3.43374 3.45264 3.46697 3.46697 3.46238 3.44348 3.41941 3.38561 3.33691 3.27789 3.21716 3.14038 3.05616 2.95245 2.85104 2.73358 2.60524 2.47575 2.33308 2.18813 2.04088 1.88217 1.73721 1.57907 1.43755 1.30634 1.18831 1.0869 1.02502 0.99236 1.00898 1.05653 1.11669 1.21524 1.33155 1.43755
2.44252 2.36803 2.30501 2.25459 2.21047 2.18068 2.15776 2.15031 2.15776 2.16578 2.18813 2.21792 2.26204 2.29756 2.35428 2.40929 2.46945 2.52846 2.59894 2.66712 2.73358 2.7989 2.86823 2.93584 2.99657 3.06131 3.12491 3.18163 3.22747 3.27273 3.318 3.34665 3.37587 3.39535 3.40509 3.40967 3.40509 3.38561 3.36154 3.33175 3.28305 3.22747 3.16101 3.08767 3.00173 2.90776 2.7989 2.68545 2.56685 2.43564 2.29756 2.16578 2.02541 1.87357 1.73721 1.5997 1.47136 1.35562 1.26853 1.18831 1.16024 1.13159 1.16024 1.21524 1.29374 1.37968 1.47136
2.48893 2.42934 2.36116 2.31188 2.26891 2.23282 2.20302 2.18813 2.18068 2.18068 2.18813 2.21047 2.23282 2.26204 2.30501 2.34053 2.38866 2.44252 2.4958 2.56055 2.61784 2.68545 2.75134 2.81609 2.87396 2.94099 3.00173 3.06131 3.1146 3.16616 3.212 3.25268 3.2882 3.318 3.33691 3.3518 3.35639 3.3518 3.33691 3.31284 3.28305 3.23778 3.18679 3.12491 3.05043 2.96907 2.87396 2.76911 2.66139 2.54794 2.42247 2.29069 2.15776 2.02541 1.89133 1.76528 1.65012 1.53667 1.43755 1.35562 1.30634 1.28113 1.29374 1.30634 1.36765 1.42609 1.50459
2.55425 2.48893 2.43564 2.37491 2.33308 2.29756 2.26204 2.24026 2.21792 2.20302 2.20302 2.20302 2.21792 2.23282 2.25459 2.28324 2.32621 2.35428 2.40241 2.45627 2.50898 2.56685 2.62988 2.68545 2.75134 2.81036 2.87396 2.93584 2.99657 3.04527 3.10371 3.15585 3.1971 3.23263 3.26815 3.2882 3.3031 3.30769 3.30769 3.29795 3.27789 3.2481 3.20742 3.15585 3.0934 3.02923 2.94099 2.85677 2.75765 2.65509 2.53477 2.42247 2.30501 2.17323 2.0489 1.93373 1.81112 1.70856 1.61001 1.52636 1.46047 1.41463 1.41463 1.42609 1.44901 1.4937 1.55787
2.62415 2.56055 2.50211 2.45627 2.40929 2.36116 2.32621 2.29069 2.26204 2.24714 2.22537 2.21792 2.21047 2.21047 2.22537 2.23282 2.25459 2.28324 2.31188 2.34741 2.39554 2.44252 2.4958 2.55425 2.61154 2.67342 2.73931 2.7989 2.8625 2.92495 2.98511 3.03954 3.0934 3.14038 3.18163 3.21716 3.24294 3.26299 3.27273 3.27789 3.27273 3.2481 3.22747 3.18679 3.14038 3.08251 3.01834 2.93584 2.85104 2.76338 2.66139 2.55425 2.43564 2.32621 2.21047 2.09645 1.97613 1.88217 1.78362 1.68965 1.61975 1.57907 1.54756 1.52636 1.54756 1.56876 1.61001
