data/slope_4cell_modal.txt
ncols	401
nrows	401
xllcorner	0.0
yllcorner	0.0
cellsize	10.0
NODATA_value	-9999.0
[rows 30 to 59 of 401, columns 134 to 200 of 401]
2.77541 2.85677 2.94099 3.02923 3.1146 3.19195 3.26815 3.34206 3.41483 3.48989 3.5552 3.62339 3.68125 3.73912 3.79069 3.83767 3.88007 3.90929 3.93393 3.95112 3.95914 3.95513 3.93851 3.9219 3.88465 3.84627 3.79928 3.73912 3.67266 3.59187 3.51338 3.42915 3.33691 3.25268 3.15585 3.0722 2.97995 2.9026 2.83385 2.76911 2.70952 2.67342 2.64878 2.62988 2.62415 2.62988 2.64878 2.67972 2.70321 2.74561 2.78687 2.82812 2.86823 2.90776 2.94099 2.97422 3.00746 3.0235 3.03954 3.05043 3.05043 3.05043 3.04527 3.03438 3.01261 2.99657 2.97422
2.83385 2.91349 2.99657 3.0722 3.15069 3.22231 3.29279 3.36613 3.42915 3.49447 3.5552 3.61479 3.67266 3.72594 3.76892 3.81189 3.84226 3.87205 3.89268 3.90471 3.90929 3.9007 3.88866 3.86345 3.82908 3.78611 3.73912 3.67724 3.60562 3.53228 3.45264 3.36613 3.27273 3.18163 3.0934 3.00746 2.91349 2.83958 2.76338 2.70321 2.64878 2.61154 2.58633 2.57315 2.56685 2.58003 2.60524 2.63618 2.66712 2.70952 2.75134 2.79317 2.83958 2.87969 2.91922 2.95245 2.97995 3.00746 3.0235 3.03438 3.03954 3.03954 3.03438 3.0235 3.01261 2.99084 2.96334
2.89115 2.96907 3.04527 3.1146 3.18163 3.2481 3.31284 3.37128 3.43374 3.48989 3.55062 3.60104 3.65031 3.69902 3.73454 3.77293 3.80329 3.82908 3.84226 3.85085 3.85085 3.84226 3.82908 3.80329 3.76892 3.72136 3.66808 3.60562 3.53687 3.46238 3.37587 3.29279 3.20226 3.10887 3.0235 2.93068 2.84531 2.76338 2.69806 2.62988 2.58633 2.54794 2.51528 2.50898 2.50898 2.52216 2.54794 2.58003 2.61784 2.66139 2.70952 2.75765 2.7989 2.84531 2.88542 2.91922 2.95245 2.97995 3.00173 3.01261 3.01834 3.01834 3.01834 3.01261 2.99657 2.97995 2.95761
2.95245 3.0235 3.08767 3.14497 3.20742 3.26815 3.32717 3.38102 3.43374 3.4853 3.53687 3.58271 3.62339 3.66349 3.69902 3.72996 3.75631 3.77751 3.78611 3.79069 3.78611 3.77751 3.76089 3.73454 3.695 3.65031 3.59646 3.53228 3.46238 3.38561 3.3031 3.212 3.13007 3.03438 2.94099 2.85104 2.76338 2.69176 2.61784 2.56055 2.50898 2.47575 2.44252 2.43564 2.44252 2.45627 2.48263 2.52216 2.56055 2.61154 2.65509 2.70321 2.75134 2.80463 2.84531 2.89115 2.91922 2.94099 2.96907 2.97995 2.99084 3.00173 2.99657 2.98511 2.97422 2.95761 2.93584
3.00746 3.0722 3.12491 3.18163 3.23263 3.28305 3.33175 3.37587 3.42915 3.46697 3.51338 3.5552 3.58729 3.62339 3.65432 3.68125 3.69902 3.71678 3.72594 3.72594 3.72136 3.70818 3.68584 3.65432 3.61479 3.57354 3.51796 3.45264 3.38561 3.3031 3.22231 3.13523 3.04527 2.95245 2.85677 2.76911 2.68545 2.60524 2.53477 2.46945 2.42934 2.39554 2.36803 2.36116 2.36803 2.38179 2.41559 2.44939 2.50211 2.54794 2.59894 2.65509 2.70952 2.75134 2.7989 2.84531 2.87969 2.9026 2.93068 2.94672 2.95761 2.96907 2.96334 2.95761 2.95245 2.93068 2.91922
3.05616 3.10887 3.15585 3.20226 3.2481 3.29279 3.33175 3.37128 3.40967 3.44806 3.48129 3.51796 3.54604 3.57354 3.59646 3.62339 3.63656 3.64573 3.65432 3.65031 3.64573 3.62797 3.60562 3.57812 3.53687 3.4853 3.43374 3.36613 3.29795 3.21716 3.13523 3.05043 2.95761 2.86823 2.77541 2.67972 2.59894 2.52216 2.44939 2.38866 2.34741 2.31188 2.28324 2.28324 2.28324 2.30501 2.34741 2.38179 2.42934 2.48263 2.53477 2.59263 2.64878 2.69806 2.74561 2.78687 2.82812 2.8625 2.89115 2.90776 2.91922 2.93068 2.93068 2.92495 2.91922 2.9026 2.88542
3.10371 3.14497 3.18679 3.22747 3.25784 3.29279 3.32717 3.36154 3.39076 3.41941 3.44348 3.47155 3.49963 3.52254 3.53687 3.55979 3.56895 3.57812 3.57812 3.57354 3.56437 3.54604 3.52254 3.48989 3.44806 3.39993 3.34665 3.27789 3.20742 3.13007 3.04527 2.95761 2.86823 2.77541 2.68545 2.59894 2.50211 2.42934 2.36116 2.29756 2.25459 2.21792 2.20302 2.19557 2.20302 2.22537 2.26204 2.30501 2.35428 2.40929 2.46257 2.52846 2.58633 2.63618 2.69176 2.73358 2.77541 2.81036 2.83958 2.8625 2.87396 2.88542 2.88542 2.88542 2.87969 2.86823 2.85104
3.15069 3.17648 3.212 3.23778 3.26299 3.29279 3.31284 3.34206 3.36154 3.38561 3.40509 3.424 3.44348 3.46238 3.47155 3.4853 3.49447 3.49447 3.49963 3.48989 3.47671 3.4578 3.43374 3.39535 3.35639 3.30769 3.2481 3.18679 3.1146 3.03438 2.95245 2.8625 2.77541 2.68545 2.58633 2.50211 2.41559 2.33308 2.26204 2.20302 2.15776 2.12739 2.11192 2.1039 2.11192 2.14286 2.18068 2.22537 2.27636 2.33308 2.38866 2.45627 2.51528 2.57315 2.62415 2.67972 2.71525 2.75134 2.78687 2.80463 2.82239 2.83958 2.83958 2.83958 2.82812 2.82239 2.80463
3.18679 3.20742 3.22747 3.2481 3.26815 3.28305 3.29795 3.31284 3.32717 3.34206 3.3518 3.36613 3.38102 3.39076 3.39993 3.40509 3.40967 3.40967 3.40509 3.39535 3.38561 3.36154 3.33691 3.29795 3.26299 3.212 3.15585 3.0934 3.01834 2.94099 2.85677 2.76911 2.67972 2.58633 2.4958 2.40241 2.31933 2.24026 2.16578 2.1039 2.06494 2.02541 2.00879 2.00879 2.01681 2.0489 2.08843 2.14286 2.19557 2.24714 2.31188 2.38179 2.44252 2.50211 2.56055 2.61154 2.65509 2.69806 2.72728 2.74561 2.76911 2.78114 2.78687 2.78687 2.78114 2.76911 2.75765
3.21716 3.23263 3.24294 3.25268 3.26299 3.26815 3.27273 3.27789 3.2882 3.29795 3.29795 3.30769 3.31284 3.318 3.32201 3.32201 3.32201 3.32201 3.318 3.3031 3.28305 3.26815 3.23778 3.20226 3.16101 3.1146 3.05616 2.99084 2.91922 2.83958 2.75765 2.67972 2.58003 2.4958 2.39554 2.30501 2.22537 2.14286 2.06494 2.01681 1.95952 1.92571 1.90852 1.90852 1.92571 1.95092 1.99275 2.0489 2.1039 2.16578 2.23282 2.29756 2.36116 2.42247 2.48263 2.54107 2.58633 2.62988 2.66139 2.69176 2.70952 2.72728 2.72728 2.73358 2.72728 2.71525 2.70321
3.24294 3.2481 3.25268 3.25268 3.2481 3.2481 3.2481 3.24294 3.24294 3.24294 3.24294 3.24294 3.24294 3.23778 3.23778 3.23778 3.23263 3.22747 3.21716 3.20226 3.18679 3.16101 3.13523 3.09856 3.05616 3.00746 2.95761 2.89115 2.82239 2.74561 2.66712 2.58003 2.48263 2.39554 2.29756 2.21047 2.12739 2.0489 1.97613 1.90852 1.85581 1.82029 1.81112 1.81112 1.82945 1.85581 1.89993 1.95092 2.01681 2.08041 2.15031 2.21792 2.28324 2.34741 2.40929 2.46257 2.51528 2.56055 2.59263 2.62415 2.64248 2.66139 2.67342 2.67342 2.67342 2.66139 2.64878
3.26815 3.26299 3.2481 3.24294 3.23263 3.22231 3.212 3.20226 3.19195 3.18163 3.17648 3.16616 3.16101 3.15069 3.14497 3.14038 3.13523 3.12491 3.10887 3.09856 3.07736 3.05616 3.02923 2.99657 2.95245 2.90776 2.85104 2.78687 2.72155 2.64878 2.56685 2.48263 2.39554 2.29756 2.21047 2.11192 2.03343 1.95092 1.87357 1.81112 1.76528 1.72804 1.70856 1.70856 1.72804 1.75612 1.79278 1.85581 1.91712 1.98415 2.05692 2.12739 2.19557 2.26891 2.32621 2.38866 2.43564 2.48263 2.52216 2.55425 2.58003 2.59894 2.61154 2.61154 2.60524 2.60524 2.59263
3.27789 3.26815 3.25268 3.23263 3.20742 3.19195 3.17132 3.15585 3.13523 3.11976 3.09856 3.08767 3.0722 3.06647 3.05043 3.03954 3.02923 3.01834 3.00746 2.99084 2.97422 2.94672 2.91922 2.88542 2.85104 2.80463 2.74561 2.68545 2.61784 2.54794 2.46945 2.38866 2.29756 2.21047 2.11937 2.02541 1.93373 1.85581 1.77445 1.7183 1.65986 1.61975 1.61001 1.61001 1.61975 1.65986 1.69882 1.75612 1.82029 1.89133 1.96754 2.03343 2.11192 2.18068 2.24714 2.31188 2.36116 2.40929 2.44939 2.48263 2.50898 2.52846 2.54107 2.54107 2.54794 2.54107 2.52846
3.29279 3.26815 3.23778 3.212 3.18163 3.15585 3.12491 3.09856 3.0722 3.04527 3.0235 3.00746 2.98511 2.96907 2.95245 2.94099 2.93068 2.91349 2.89687 2.87969 2.8625 2.83958 2.81036 2.77541 2.73931 2.69806 2.64248 2.58633 2.52216 2.45627 2.37491 2.29069 2.20302 2.11937 2.02541 1.93373 1.83805 1.76528 1.67991 1.61975 1.56876 1.52636 1.50459 1.50459 1.51547 1.55787 1.58938 1.65012 1.72804 1.79278 1.86498 1.95092 2.01681 2.08843 2.15776 2.22537 2.27636 2.33308 2.37491 2.40929 2.43564 2.45627 2.46945 2.48263 2.47575 2.47575 2.46257
3.29795 3.26299 3.22231 3.19195 3.15069 3.1146 3.0722 3.03954 3.00746 2.97422 2.94099 2.91349 2.89115 2.86823 2.85104 2.83385 2.81036 2.7989 2.78687 2.76911 2.74561 2.72155 2.69806 2.66712 2.62988 2.59263 2.54107 2.48263 2.42247 2.35428 2.28324 2.20302 2.11192 2.02541 1.93373 1.84722 1.75612 1.6696 1.5997 1.52636 1.47136 1.42609 1.40317 1.40317 1.41463 1.44901 1.4937 1.54756 1.61975 1.69882 1.77445 1.85581 1.93373 2.00077 2.07239 2.14286 2.20302 2.24714 2.29756 2.33308 2.36803 2.38866 2.40241 2.40929 2.40929 2.40241 2.39554
3.29795 3.25268 3.20742 3.16101 3.1146 3.06647 3.0235 2.97422 2.93584 2.89687 2.85677 2.82239 2.79317 2.76911 2.73931 2.72155 2.69806 2.67972 2.66712 2.64248 2.62988 2.60524 2.58633 2.55425 2.52216 2.48263 2.43564 2.38866 2.32621 2.26204 2.19557 2.11937 2.03343 1.94233 1.86498 1.76528 1.67991 1.58938 1.50459 1.43755 1.37968 1.34359 1.30634 1.29374 1.31895 1.34359 1.39171 1.46047 1.52636 1.5997 1.67991 1.75612 1.83805 1.91712 1.99275 2.05692 2.11192 2.17323 2.21792 2.25459 2.29069 2.31188 2.33308 2.34053 2.34741 2.34053 2.32621
3.2882 3.23778 3.18163 3.12491 3.06647 3.01261 2.96334 2.91349 2.85677 2.81609 2.76338 2.73358 2.69176 2.66139 2.62988 2.60524 2.58633 2.56685 2.54794 2.52846 2.51528 2.48893 2.46945 2.44252 2.40929 2.38179 2.33308 2.29069 2.24026 2.17323 2.1039 2.02541 1.95092 1.86498 1.78362 1.68965 1.5997 1.51547 1.42609 1.35562 1.29374 1.25535 1.22899 1.21524 1.21524 1.24217 1.29374 1.35562 1.42609 1.4937 1.57907 1.6696 1.74695 1.82945 1.89993 1.97613 2.03343 2.08843 2.14286 2.18068 2.21047 2.24026 2.26204 2.26891 2.27636 2.26891 2.26891
3.27789 3.21716 3.15585 3.08767 3.0235 2.96334 2.9026 2.83385 2.78114 2.72155 2.67972 2.62988 2.58633 2.54794 2.51528 2.48263 2.46945 2.44252 2.42247 2.40929 2.38866 2.36803 2.35428 2.33308 2.30501 2.26891 2.24026 2.18813 2.14286 2.08041 2.02541 1.95092 1.87357 1.79278 1.70856 1.61975 1.53667 1.44901 1.36765 1.28113 1.22899 1.16024 1.13159 1.11669 1.13159 1.14592 1.20207 1.25535 1.33155 1.40317 1.4937 1.56876 1.65986 1.73721 1.81112 1.88217 1.95092 2.00879 2.05692 2.1039 2.13484 2.16578 2.18813 2.20302 2.21047 2.20302 2.20302
3.25784 3.18679 3.11976 3.04527 2.97422 2.9026 2.83385 2.76338 2.69806 2.63618 2.58003 2.52846 2.48263 2.43564 2.40241 2.36803 2.34053 2.31933 2.30501 2.28324 2.26891 2.26204 2.24026 2.21792 2.19557 2.17323 2.13484 2.09645 2.05692 2.00879 1.94233 1.88217 1.81112 1.72804 1.65012 1.55787 1.47136 1.37968 1.30634 1.22899 1.14592 1.0869 1.05653 1.04106 1.04106 1.05653 1.10237 1.16024 1.22899 1.31895 1.39171 1.47136 1.56876 1.65012 1.7183 1.80195 1.87357 1.92571 1.98415 2.02541 2.06494 2.09645 2.11937 2.13484 2.14286 2.14286 2.13484
3.23778 3.15585 3.08251 3.00173 2.91922 2.83958 2.76338 2.69176 2.61154 2.54107 2.48263 2.42247 2.37491 2.32621 2.28324 2.24026 2.21792 2.19557 2.18068 2.15776 2.15031 2.14286 2.11937 2.11192 2.08843 2.07239 2.0489 2.00879 1.97613 1.92571 1.86498 1.81112 1.73721 1.6696 1.57907 1.50459 1.42609 1.33155 1.25535 1.16024 1.0869 1.02502 0.97575 0.95856 0.94137 0.95856 1.00898 1.072 1.14592 1.21524 1.30634 1.37968 1.47136 1.55787 1.64038 1.7183 1.78362 1.84722 1.89993 1.95092 1.99275 2.02541 2.0489 2.06494 2.07239 2.07239 2.06494
3.212 3.11976 3.03954 2.95245 2.8625 2.78114 2.69176 2.61154 2.52846 2.45627 2.38179 2.31933 2.26204 2.20302 2.15776 2.12739 2.08843 2.07239 2.05692 2.04088 2.02541 2.01681 2.00879 2.00077 1.99275 1.97613 1.95092 1.93373 1.89993 1.85581 1.81112 1.75612 1.68965 1.61001 1.53667 1.46047 1.36765 1.29374 1.20207 1.11669 1.04106 0.95856 0.92361 0.86918 0.86918 0.88751 0.92361 0.97575 1.04106 1.11669 1.20207 1.30634 1.37968 1.47136 1.55787 1.64038 1.69882 1.77445 1.82945 1.88217 1.92571 1.95952 1.98415 2.00077 2.00879 2.01681 2.00879
3.17648 3.08767 2.99084 2.89687 2.80463 2.71525 2.62415 2.52846 2.44252 2.35428 2.28324 2.21047 2.14286 2.08843 2.04088 1.99275 1.96754 1.94233 1.92571 1.90852 1.90852 1.90852 1.89993 1.89133 1.89133 1.88217 1.86498 1.84722 1.82029 1.78362 1.74695 1.69882 1.63006 1.56876 1.50459 1.42609 1.34359 1.25535 1.17399 1.0869 0.99236 0.94137 0.86918 0.83022 0.81016 0.81016 0.8497 0.88751 0.95856 1.04106 1.13159 1.21524 1.29374 1.39171 1.47136 1.54756 1.63006 1.68965 1.75612 1.81112 1.84722 1.89133 1.91712 1.93373 1.95092 1.95092 1.95092
3.14038 3.03954 2.94672 2.83958 2.73931 2.64248 2.54794 2.44939 2.35428 2.26204 2.18068 2.1039 2.03343 1.96754 1.91712 1.87357 1.84722 1.82029 1.79278 1.79278 1.78362 1.78362 1.79278 1.79278 1.79278 1.78362 1.78362 1.76528 1.75612 1.7183 1.67991 1.65012 1.58938 1.53667 1.47136 1.39171 1.30634 1.22899 1.14592 1.05653 0.95856 0.88751 0.83022 0.76891 0.74714 0.74714 0.76891 0.81016 0.88751 0.94137 1.04106 1.11669 1.22899 1.30634 1.39171 1.48224 1.55787 1.61975 1.67991 1.73721 1.78362 1.82945 1.85581 1.88217 1.89133 1.89993 1.89993
3.09856 2.99084 2.89115 2.78114 2.67972 2.58003 2.46945 2.36803 2.26891 2.17323 2.08041 2.00077 1.92571 1.85581 1.80195 1.74695 1.7183 1.68965 1.6696 1.6696 1.6696 1.6696 1.67991 1.68965 1.69882 1.69882 1.70856 1.69882 1.68965 1.6696 1.64038 1.5997 1.55787 1.50459 1.43755 1.36765 1.29374 1.21524 1.13159 1.04106 0.95856 0.86918 0.81016 0.72479 0.70187 0.70187 0.72479 0.74714 0.78954 0.88751 0.95856 1.05653 1.14592 1.22899 1.31895 1.40317 1.48224 1.55787 1.61975 1.67991 1.7183 1.76528 1.80195 1.82945 1.83805 1.84722 1.84722
3.05616 2.94672 2.83385 2.72728 2.61784 2.50898 2.40241 2.28324 2.18068 2.08041 1.98415 1.89993 1.81112 1.73721 1.67991 1.63006 1.58938 1.55787 1.54756 1.54756 1.54756 1.56876 1.56876 1.58938 1.5997 1.61001 1.63006 1.61975 1.61975 1.61975 1.58938 1.56876 1.51547 1.47136 1.41463 1.35562 1.28113 1.21524 1.13159 1.04106 0.95856 0.86918 0.78954 0.72479 0.67781 0.65317 0.65317 0.67781 0.72479 0.81016 0.88751 0.97575 1.05653 1.14592 1.25535 1.33155 1.41463 1.48224 1.55787 1.61975 1.65986 1.69882 1.73721 1.76528 1.78362 1.79278 1.80195
3.00746 2.89687 2.78114 2.66712 2.55425 2.43564 2.32621 2.21047 2.1039 1.99275 1.89133 1.79278 1.69882 1.63006 1.55787 1.50459 1.46047 1.42609 1.41463 1.42609 1.43755 1.44901 1.46047 1.4937 1.51547 1.53667 1.55787 1.56876 1.56876 1.56876 1.55787 1.52636 1.4937 1.46047 1.40317 1.34359 1.28113 1.20207 1.13159 1.04106 0.95856 0.86918 0.78954 0.70187 0.67781 0.62739 0.62739 0.62739 0.67781 0.72479 0.83022 0.90585 0.99236 1.0869 1.17399 1.25535 1.34359 1.41463 1.4937 1.55787 1.5997 1.65986 1.68965 1.7183 1.73721 1.75612 1.75612
2.95761 2.84531 2.72155 2.60524 2.48893 2.36803 2.25459 2.14286 2.01681 1.90852 1.80195 1.69882 1.5997 1.51547 1.44901 1.37968 1.34359 1.30634 1.30634 1.30634 1.31895 1.33155 1.36765 1.39171 1.42609 1.46047 1.48224 1.50459 1.51547 1.52636 1.52636 1.50459 1.47136 1.43755 1.40317 1.34359 1.29374 1.22899 1.14592 1.05653 0.97575 0.88751 0.81016 0.72479 0.65317 0.60103 0.57296 0.60103 0.62739 0.67781 0.76891 0.83022 0.92361 1.02502 1.11669 1.20207 1.29374 1.35562 1.42609 1.50459 1.55787 1.5997 1.64038 1.6696 1.69882 1.70856 1.7183
2.9026 2.78687 2.66712 2.54794 2.42934 2.31188 2.18813 2.06494 1.94233 1.82029 1.70856 1.5997 1.4937 1.41463 1.33155 1.26853 1.21524 1.18831 1.18831 1.17399 1.20207 1.24217 1.26853 1.30634 1.35562 1.39171 1.42609 1.44901 1.48224 1.48224 1.48224 1.48224 1.47136 1.43755 1.40317 1.35562 1.29374 1.22899 1.16024 1.0869 0.99236 0.90585 0.83022 0.74714 0.67781 0.60103 0.60103 0.57296 0.57296 0.62739 0.70187 0.78954 0.86918 0.97575 1.04106 1.13159 1.22899 1.30634 1.37968 1.44901 1.50459 1.55787 1.5997 1.63006 1.65986 1.67991 1.68965
2.85104 2.72728 2.61784 2.4958 2.37491 2.24714 2.12739 1.99275 1.87357 1.74695 1.63006 1.50459 1.40317 1.30634 1.21524 1.14592 1.0869 1.072 1.05653 1.05653 1.0869 1.11669 1.17399 1.22899 1.26853 1.31895 1.36765 1.40317 1.42609 1.44901 1.47136 1.47136 1.46047 1.43755 1.40317 1.36765 1.31895 1.25535 1.18831 1.10237 1.04106 0.94137 0.8497 0.76891 0.70187 0.62739 0.57296 0.54374 0.57296 0.60103 0.65317 0.72479 0.81016 0.90585 0.99236 1.0869 1.17399 1.25535 1.31895 1.40317 1.46047 1.51547 1.55787 1.5997 1.63006 1.65012 1.65986
2.79317 2.67342 2.56055 2.43564 2.31188 2.18813 2.06494 1.94233 1.81112 1.68965 1.55787 1.43755 1.31895 1.21524 1.11669 1.04106 0.97575 0.94137 0.94137 0.94137 0.99236 1.02502 1.0869 1.13159 1.20207 1.26853 1.30634 1.35562 1.39171 1.42609 1.44901 1.44901 1.44901 1.43755 1.41463 1.37968 1.33155 1.28113 1.21524 1.14592 1.05653 0.97575 0.88751 0.78954 0.72479 0.65317 0.60103 0.57296 0.57296 0.57296 0.62739 0.67781 0.76891 0.8497 0.94137 1.04106 1.11669 1.20207 1.28113 1.35562 1.41463 1.48224 1.52636 1.55787 1.58938 1.61975 1.64038
