data/slope_horn_min.txt
ncols	401
nrows	401
xllcorner	0.0
yllcorner	0.0
cellsize	10.0
NODATA_value	-9999.0
[rows 66 to 98 of 401, columns 0 to 73 of 401]
-9999.0 3.77751 3.83366 3.85887 3.83366 3.77293 3.7036 3.61937 3.53228 3.44348 3.34206 3.24294 3.14038 3.02923 2.92495 2.82239 2.71525 2.62415 2.54107 2.46257 2.38866 2.33308 2.28324 2.24714 2.21792 2.19557 2.18068 2.17323 2.16578 2.15776 2.15031 2.15776 2.17323 2.19557 2.23282 2.27636 2.33308 2.40241 2.46945 2.54794 2.63618 2.69806 2.66139 2.48263 2.21792 1.93373 1.64038 1.35562 1.05653 0.74714 0.44404 0.18105 0.0 0.0 0.0 0.0 0.0 0.0 0.0 0.0 0.0 0.0 0.0 0.0 0.0 0.0 0.0 0.0 0.0 0.0 0.18105 0.44404 0.81016 1.22899
-9999.0 3.7036 3.73454 3.72996 3.67724 3.60562 3.52254 3.43832 3.33691 3.23778 3.13007 3.01834 2.90776 2.79317 2.68545 2.58003 2.47575 2.38866 2.29756 2.23282 2.16578 2.11192 2.07239 2.04088 2.00879 1.99275 1.98415 1.98415 1.96754 1.95952 1.96754 1.98415 2.00879 2.0489 2.09645 2.15776 2.22537 2.30501 2.39554 2.48893 2.58633 2.67342 2.67972 2.53477 2.27636 1.99275 1.69882 1.40317 1.10237 0.78954 0.47957 0.18105 0.0 0.0 0.0 0.0 0.0 0.0 0.0 0.0 0.0 0.0 0.0 0.0 0.0 0.0 0.0 0.0 0.0 0.0 0.18105 0.44404 0.70187 1.05653
-9999.0 3.63198 3.64115 3.60104 3.52713 3.44348 3.3518 3.25268 3.14497 3.03438 2.91922 2.7989 2.67972 2.56685 2.44939 2.34741 2.24026 2.15031 2.07239 2.00077 1.95092 1.89993 1.85581 1.82945 1.80195 1.79278 1.78362 1.77445 1.76528 1.76528 1.78362 1.81112 1.84722 1.89993 1.95952 2.03343 2.11937 2.21792 2.31933 2.42934 2.54107 2.64878 2.69806 2.58633 2.34053 2.0489 1.75612 1.44901 1.13159 0.83022 0.51222 0.25611 0.0 0.0 0.0 0.0 0.0 0.0 0.0 0.0 0.0 0.0 0.0 0.0 0.0 0.0 0.0 0.0 0.0 0.0 0.18105 0.44404 0.70187 0.95856
-9999.0 3.56437 3.53687 3.47155 3.39076 3.29279 3.18679 3.07736 2.96334 2.83958 2.71525 2.58633 2.46257 2.34053 2.22537 2.11192 2.00879 1.92571 1.84722 1.78362 1.72804 1.68965 1.65012 1.61975 1.5997 1.58938 1.57907 1.56876 1.56876 1.57907 1.5997 1.64038 1.68965 1.75612 1.82945 1.91712 2.01681 2.12739 2.24026 2.36803 2.4958 2.62988 2.71525 2.63618 2.40241 2.1039 1.79278 1.48224 1.16024 0.8497 0.54374 0.25611 0.0 0.0 0.0 0.0 0.0 0.0 0.0 0.0 0.0 0.0 0.0 0.0 0.0 0.0 0.0 0.0 0.0 0.0 0.25611 0.44404 0.70187 0.95856
-9999.0 3.49447 3.43832 3.3518 3.25268 3.14497 3.03438 2.91349 2.78687 2.65509 2.52216 2.38179 2.24714 2.12739 2.00077 1.89133 1.79278 1.69882 1.63006 1.56876 1.51547 1.47136 1.43755 1.41463 1.40317 1.39171 1.36765 1.36765 1.36765 1.39171 1.42609 1.47136 1.53667 1.61001 1.69882 1.80195 1.91712 2.04088 2.17323 2.31188 2.45627 2.60524 2.72155 2.67972 2.44939 2.15031 1.82945 1.50459 1.20207 0.88751 0.60103 0.31398 0.0 0.0 0.0 0.0 0.0 0.0 0.0 0.0 0.0 0.0 0.0 0.0 0.0 0.0 0.0 0.0 0.0 0.0 0.25611 0.47957 0.72479 0.97575
-9999.0 3.424 3.33691 3.23778 3.13007 3.01261 2.88542 2.75765 2.61784 2.47575 2.33308 2.18813 2.0489 1.91712 1.79278 1.67991 1.57907 1.4937 1.42609 1.36765 1.30634 1.26853 1.24217 1.21524 1.20207 1.18831 1.17399 1.17399 1.18831 1.21524 1.25535 1.31895 1.39171 1.48224 1.57907 1.69882 1.82029 1.95952 2.1039 2.25459 2.41559 2.58003 2.73358 2.70952 2.48893 2.18068 1.84722 1.52636 1.22899 0.92361 0.62739 0.31398 0.0 0.0 0.0 0.0 0.0 0.0 0.0 0.0 0.0 0.0 0.0 0.0 0.0 0.0 0.0 0.0 0.0 0.0 0.25611 0.51222 0.74714 1.00898
-9999.0 3.3518 3.2481 3.14038 3.01834 2.88542 2.75134 2.61154 2.46257 2.30501 2.15776 2.00879 1.85581 1.7183 1.58938 1.47136 1.36765 1.29374 1.21524 1.16024 1.11669 1.072 1.04106 1.02502 0.99236 0.97575 0.97575 0.97575 1.00898 1.04106 1.10237 1.16024 1.25535 1.35562 1.46047 1.58938 1.72804 1.88217 2.04088 2.20302 2.38179 2.56055 2.73358 2.73358 2.52216 2.19557 1.87357 1.55787 1.24217 0.94137 0.65317 0.36211 0.0 0.0 0.0 0.0 0.0 0.0 0.0 0.0 0.0 0.0 0.0 0.0 0.0 0.0 0.0 0.0 0.0 0.0 0.31398 0.54374 0.78954 1.04106
-9999.0 3.28305 3.17132 3.05043 2.91922 2.78114 2.63618 2.48263 2.31933 2.15776 2.00077 1.83805 1.67991 1.53667 1.39171 1.28113 1.17399 1.0869 1.02502 0.95856 0.92361 0.88751 0.8497 0.83022 0.81016 0.78954 0.78954 0.81016 0.83022 0.88751 0.94137 1.02502 1.11669 1.22899 1.35562 1.4937 1.65012 1.81112 1.98415 2.15776 2.34741 2.54794 2.72728 2.73931 2.52846 2.21047 1.88217 1.56876 1.26853 0.97575 0.70187 0.40508 0.18105 0.0 0.0 0.0 0.0 0.0 0.0 0.0 0.0 0.0 0.0 0.0 0.0 0.0 0.0 0.0 0.0 0.18105 0.36211 0.60103 0.83022 1.0869
-9999.0 3.23263 3.10887 2.97995 2.83385 2.68545 2.52846 2.36803 2.19557 2.02541 1.86498 1.67991 1.51547 1.35562 1.21524 1.0869 0.99236 0.90585 0.83022 0.78954 0.72479 0.70187 0.67781 0.62739 0.62739 0.60103 0.60103 0.62739 0.67781 0.72479 0.81016 0.88751 0.99236 1.11669 1.25535 1.40317 1.56876 1.73721 1.92571 2.11937 2.31933 2.52846 2.72728 2.72728 2.52846 2.21047 1.89993 1.57907 1.28113 1.00898 0.72479 0.44404 0.18105 0.0 0.0 0.0 0.0 0.0 0.0 0.0 0.0 0.0 0.0 0.0 0.0 0.0 0.0 0.0 0.0 0.25611 0.44404 0.67781 0.90585 1.14592
-9999.0 3.17648 3.05616 2.91922 2.76911 2.60524 2.44252 2.26891 2.08843 1.90852 1.73721 1.55787 1.36765 1.20207 1.05653 0.90585 0.81016 0.72479 0.65317 0.60103 0.57296 0.51222 0.47957 0.47957 0.44404 0.44404 0.44404 0.47957 0.51222 0.60103 0.67781 0.76891 0.88751 1.00898 1.16024 1.31895 1.4937 1.67991 1.87357 2.08041 2.29069 2.52216 2.71525 2.70952 2.50211 2.19557 1.89133 1.5997 1.29374 1.02502 0.74714 0.47957 0.25611 0.0 0.0 0.0 0.0 0.0 0.0 0.0 0.0 0.0 0.0 0.0 0.0 0.0 0.0 0.0 0.0 0.31398 0.51222 0.74714 0.97575 1.21524
-9999.0 3.13007 3.01261 2.87396 2.71525 2.55425 2.37491 2.19557 2.00077 1.82029 1.63006 1.43755 1.25535 1.072 0.90585 0.74714 0.65317 0.57296 0.51222 0.44404 0.40508 0.36211 0.31398 0.31398 0.25611 0.25611 0.31398 0.31398 0.40508 0.44404 0.54374 0.65317 0.78954 0.92361 1.072 1.24217 1.42609 1.61975 1.82945 2.04088 2.26204 2.50211 2.69176 2.67972 2.47575 2.18068 1.89133 1.5997 1.30634 1.04106 0.78954 0.54374 0.31398 0.0 0.0 0.0 0.0 0.0 0.0 0.0 0.0 0.0 0.0 0.0 0.0 0.0 0.0 0.0 0.18105 0.40508 0.62739 0.83022 1.072 1.30634
-9999.0 3.06647 2.96907 2.83385 2.67972 2.50898 2.31933 2.13484 1.94233 1.74695 1.54756 1.35562 1.16024 0.97575 0.78954 0.62739 0.47957 0.40508 0.36211 0.31398 0.25611 0.18105 0.18105 0.18105 0.18105 0.18105 0.18105 0.18105 0.25611 0.36211 0.44404 0.54374 0.67781 0.83022 0.99236 1.17399 1.36765 1.56876 1.78362 2.00879 2.24026 2.47575 2.66139 2.63618 2.43564 2.15031 1.86498 1.58938 1.31895 1.072 0.83022 0.57296 0.36211 0.18105 0.0 0.0 0.0 0.0 0.0 0.0 0.0 0.0 0.0 0.0 0.0 0.0 0.0 0.18105 0.31398 0.51222 0.72479 0.94137 1.17399 1.40317
-9999.0 2.99084 2.91922 2.7989 2.64878 2.48263 2.29069 2.09645 1.89993 1.69882 1.4937 1.28113 1.0869 0.90585 0.70187 0.51222 0.36211 0.25611 0.18105 0.18105 0.0 0.0 0.0 0.0 0.0 0.0 0.0 0.0 0.18105 0.25611 0.36211 0.47957 0.60103 0.74714 0.92361 1.11669 1.31895 1.52636 1.74695 1.97613 2.21047 2.44939 2.61154 2.58633 2.38179 2.11937 1.84722 1.58938 1.31895 1.0869 0.8497 0.62739 0.40508 0.18105 0.0 0.0 0.0 0.0 0.0 0.0 0.0 0.0 0.0 0.0 0.0 0.0 0.0 0.25611 0.44404 0.62739 0.8497 1.072 1.29374 1.52636
-9999.0 2.90776 2.8625 2.76338 2.62415 2.46257 2.27636 2.08041 1.87357 1.6696 1.46047 1.25535 1.04106 0.8497 0.65317 0.44404 0.31398 0.18105 0.0 0.0 0.0 0.0 0.0 0.0 0.0 0.0 0.0 0.0 0.0 0.18105 0.25611 0.36211 0.54374 0.67781 0.86918 1.05653 1.26853 1.48224 1.7183 1.95092 2.17323 2.40241 2.56055 2.52846 2.32621 2.07239 1.82029 1.57907 1.33155 1.10237 0.88751 0.67781 0.47957 0.25611 0.0 0.0 0.0 0.0 0.0 0.0 0.0 0.0 0.0 0.0 0.0 0.0 0.25611 0.40508 0.57296 0.76891 0.97575 1.20207 1.42609 1.65986
-9999.0 2.78687 2.78687 2.71525 2.60524 2.44939 2.27636 2.08041 1.87357 1.6696 1.46047 1.25535 1.04106 0.83022 0.65317 0.44404 0.25611 0.0 0.0 0.0 0.0 0.0 0.0 0.0 0.0 0.0 0.0 0.0 0.0 0.0 0.18105 0.31398 0.47957 0.62739 0.81016 1.00898 1.22899 1.44901 1.67991 1.90852 2.12739 2.34741 2.4958 2.45627 2.25459 2.01681 1.78362 1.54756 1.33155 1.11669 0.92361 0.72479 0.54374 0.36211 0.18105 0.0 0.0 0.0 0.0 0.0 0.0 0.0 0.0 0.0 0.0 0.18105 0.36211 0.54374 0.72479 0.92361 1.13159 1.35562 1.57907 1.81112
-9999.0 2.64878 2.69176 2.66139 2.57315 2.44252 2.28324 2.09645 1.88217 1.67991 1.47136 1.26853 1.072 0.86918 0.65317 0.47957 0.31398 0.18105 0.0 0.0 0.0 0.0 0.0 0.0 0.0 0.0 0.0 0.0 0.0 0.0 0.0 0.25611 0.40508 0.57296 0.76891 0.97575 1.18831 1.41463 1.64038 1.85581 2.07239 2.28324 2.40929 2.36116 2.17323 1.95952 1.73721 1.53667 1.33155 1.13159 0.95856 0.76891 0.60103 0.44404 0.25611 0.0 0.0 0.0 0.0 0.0 0.0 0.0 0.0 0.0 0.18105 0.36211 0.51222 0.70187 0.88751 1.0869 1.30634 1.52636 1.74695 1.98415
-9999.0 2.48893 2.56685 2.58633 2.54107 2.42934 2.28324 2.11192 1.92571 1.70856 1.51547 1.30634 1.11669 0.92361 0.72479 0.54374 0.40508 0.25611 0.0 0.0 0.0 0.0 0.0 0.0 0.0 0.0 0.0 0.0 0.0 0.0 0.0 0.18105 0.36211 0.54374 0.72479 0.94137 1.14592 1.36765 1.58938 1.80195 2.01681 2.21047 2.31188 2.25459 2.09645 1.89133 1.69882 1.51547 1.31895 1.14592 0.97575 0.83022 0.65317 0.51222 0.36211 0.25611 0.0 0.0 0.0 0.0 0.0 0.0 0.0 0.18105 0.36211 0.51222 0.67781 0.86918 1.05653 1.26853 1.48224 1.70856 1.93373 2.16578
-9999.0 2.33308 2.42247 2.48893 2.48893 2.41559 2.29069 2.13484 1.96754 1.76528 1.55787 1.36765 1.17399 0.99236 0.81016 0.65317 0.47957 0.31398 0.18105 0.0 0.0 0.0 0.0 0.0 0.0 0.0 0.0 0.0 0.0 0.0 0.0 0.18105 0.31398 0.51222 0.70187 0.90585 1.11669 1.31895 1.53667 1.75612 1.96754 2.13484 2.21047 2.15031 2.00077 1.82029 1.65012 1.48224 1.31895 1.16024 1.00898 0.86918 0.72479 0.60103 0.47957 0.36211 0.25611 0.18105 0.0 0.0 0.0 0.18105 0.25611 0.36211 0.54374 0.70187 0.86918 1.05653 1.25535 1.46047 1.67991 1.90852 2.13484 2.36803
-9999.0 2.18068 2.27636 2.35428 2.40929 2.38179 2.29069 2.15776 2.00077 1.82029 1.63006 1.42609 1.24217 1.072 0.90585 0.74714 0.60103 0.44404 0.31398 0.18105 0.0 0.0 0.0 0.0 0.0 0.0 0.0 0.0 0.0 0.0 0.0 0.18105 0.31398 0.47957 0.67781 0.86918 1.05653 1.26853 1.48224 1.69882 1.89993 2.04088 2.08843 2.03343 1.90852 1.75612 1.61001 1.46047 1.31895 1.17399 1.04106 0.92361 0.81016 0.67781 0.57296 0.47957 0.40508 0.31398 0.25611 0.18105 0.18105 0.25611 0.40508 0.54374 0.70187 0.88751 1.05653 1.25535 1.46047 1.67991 1.89993 2.11937 2.35428 2.58003
-9999.0 2.02541 2.13484 2.22537 2.30501 2.32621 2.27636 2.17323 2.03343 1.88217 1.69882 1.52636 1.34359 1.17399 1.00898 0.8497 0.70187 0.54374 0.40508 0.25611 0.18105 0.0 0.0 0.0 0.0 0.0 0.0 0.0 0.0 0.0 0.0 0.0 0.25611 0.44404 0.62739 0.81016 1.00898 1.21524 1.42609 1.64038 1.82945 1.94233 1.96754 1.91712 1.81112 1.67991 1.54756 1.42609 1.30634 1.18831 1.0869 0.97575 0.86918 0.76891 0.67781 0.60103 0.51222 0.44404 0.40508 0.36211 0.44404 0.51222 0.60103 0.74714 0.92361 1.0869 1.26853 1.47136 1.67991 1.89993 2.12739 2.35428 2.58633 2.81609
-9999.0 1.86498 1.99275 2.09645 2.17323 2.23282 2.24714 2.17323 2.06494 1.92571 1.78362 1.61001 1.42609 1.26853 1.11669 0.95856 0.81016 0.67781 0.54374 0.40508 0.25611 0.18105 0.0 0.0 0.0 0.0 0.0 0.0 0.0 0.0 0.0 0.0 0.25611 0.40508 0.57296 0.76891 0.95856 1.16024 1.37968 1.57907 1.73721 1.81112 1.82945 1.80195 1.70856 1.61001 1.50459 1.40317 1.29374 1.20207 1.11669 1.02502 0.94137 0.86918 0.78954 0.72479 0.67781 0.65317 0.62739 0.62739 0.67781 0.76891 0.88751 1.00898 1.16024 1.34359 1.53667 1.73721 1.94233 2.16578 2.38866 2.61784 2.83958 3.06131
-9999.0 1.7183 1.85581 1.96754 2.05692 2.12739 2.17323 2.15776 2.08041 1.96754 1.83805 1.69882 1.52636 1.37968 1.22899 1.072 0.94137 0.78954 0.65317 0.54374 0.40508 0.31398 0.18105 0.0 0.0 0.0 0.0 0.0 0.0 0.0 0.0 0.0 0.18105 0.36211 0.54374 0.72479 0.92361 1.11669 1.31895 1.50459 1.64038 1.68965 1.69882 1.67991 1.61975 1.53667 1.44901 1.36765 1.29374 1.21524 1.14592 1.072 1.00898 0.95856 0.90585 0.8497 0.83022 0.81016 0.8497 0.88751 0.94137 1.04106 1.16024 1.30634 1.47136 1.65012 1.82945 2.04088 2.24714 2.46257 2.67972 2.89115 3.10371 3.3031
-9999.0 1.57907 1.7183 1.83805 1.93373 2.00879 2.07239 2.11937 2.08843 2.00077 1.88217 1.75612 1.61975 1.48224 1.33155 1.18831 1.05653 0.92361 0.78954 0.67781 0.54374 0.44404 0.36211 0.25611 0.18105 0.0 0.0 0.0 0.0 0.0 0.0 0.0 0.18105 0.31398 0.51222 0.67781 0.86918 1.072 1.25535 1.42609 1.51547 1.55787 1.56876 1.56876 1.52636 1.46047 1.39171 1.33155 1.28113 1.21524 1.17399 1.11669 1.0869 1.04106 1.00898 0.99236 1.00898 1.02502 1.072 1.13159 1.21524 1.33155 1.47136 1.61001 1.78362 1.96754 2.15776 2.35428 2.56055 2.75134 2.94672 3.13523 3.32717 3.49963
-9999.0 1.44901 1.58938 1.7183 1.82029 1.90852 1.96754 2.03343 2.05692 2.01681 1.92571 1.82029 1.69882 1.57907 1.44901 1.30634 1.17399 1.04106 0.92361 0.81016 0.70187 0.60103 0.51222 0.40508 0.31398 0.25611 0.18105 0.18105 0.0 0.0 0.0 0.0 0.18105 0.31398 0.47957 0.65317 0.83022 1.00898 1.18831 1.31895 1.39171 1.41463 1.43755 1.44901 1.42609 1.37968 1.34359 1.29374 1.25535 1.22899 1.20207 1.17399 1.14592 1.13159 1.13159 1.14592 1.17399 1.21524 1.28113 1.37968 1.4937 1.61975 1.76528 1.93373 2.1039 2.28324 2.46945 2.64878 2.82239 3.00173 3.17132 3.33691 3.49963 3.66349
-9999.0 1.30634 1.46047 1.58938 1.70856 1.80195 1.87357 1.93373 1.98415 2.00077 1.95092 1.86498 1.76528 1.6696 1.54756 1.42609 1.29374 1.17399 1.05653 0.94137 0.8497 0.74714 0.65317 0.57296 0.47957 0.44404 0.36211 0.31398 0.25611 0.18105 0.18105 0.18105 0.25611 0.25611 0.44404 0.60103 0.78954 0.94137 1.10237 1.18831 1.24217 1.28113 1.30634 1.33155 1.31895 1.30634 1.28113 1.25535 1.24217 1.22899 1.21524 1.21524 1.21524 1.22899 1.24217 1.29374 1.35562 1.42609 1.52636 1.64038 1.76528 1.90852 2.06494 2.22537 2.38866 2.55425 2.72155 2.87969 3.03438 3.18163 3.33691 3.48989 3.65432 3.81647
-9999.0 1.17399 1.31895 1.44901 1.57907 1.67991 1.76528 1.83805 1.89133 1.93373 1.94233 1.89993 1.82029 1.73721 1.64038 1.52636 1.41463 1.29374 1.18831 1.0869 0.99236 0.88751 0.81016 0.72479 0.65317 0.60103 0.54374 0.47957 0.44404 0.40508 0.36211 0.36211 0.31398 0.40508 0.47957 0.62739 0.74714 0.88751 0.97575 1.04106 1.0869 1.13159 1.17399 1.21524 1.21524 1.21524 1.21524 1.21524 1.21524 1.22899 1.24217 1.25535 1.28113 1.31895 1.36765 1.43755 1.52636 1.63006 1.74695 1.87357 2.02541 2.16578 2.31933 2.46257 2.61154 2.75765 2.89687 3.03954 3.18163 3.33691 3.48989 3.65031 3.81647 3.97976
-9999.0 1.02502 1.17399 1.31895 1.44901 1.55787 1.65986 1.72804 1.79278 1.83805 1.88217 1.89133 1.84722 1.78362 1.70856 1.61975 1.52636 1.42609 1.31895 1.21524 1.13159 1.04106 0.95856 0.88751 0.83022 0.76891 0.72479 0.67781 0.62739 0.60103 0.54374 0.51222 0.51222 0.54374 0.57296 0.65317 0.74714 0.78954 0.8497 0.88751 0.94137 0.99236 1.04106 1.0869 1.11669 1.13159 1.14592 1.17399 1.20207 1.22899 1.25535 1.29374 1.34359 1.40317 1.4937 1.58938 1.68965 1.81112 1.94233 2.08041 2.21047 2.35428 2.48893 2.61784 2.75134 2.89115 3.03438 3.18163 3.32717 3.4853 3.64573 3.80788 3.97174 4.13618
-9999.0 0.88751 1.04106 1.17399 1.30634 1.42609 1.53667 1.61975 1.68965 1.73721 1.78362 1.82029 1.82945 1.80195 1.74695 1.67991 1.61001 1.52636 1.43755 1.35562 1.26853 1.18831 1.11669 1.05653 0.99236 0.94137 0.88751 0.8497 0.81016 0.76891 0.74714 0.72479 0.67781 0.67781 0.67781 0.70187 0.72479 0.70187 0.67781 0.72479 0.78954 0.8497 0.90585 0.95856 0.99236 1.04106 1.072 1.11669 1.16024 1.21524 1.26853 1.31895 1.40317 1.48224 1.57907 1.69882 1.82029 1.94233 2.07239 2.20302 2.33308 2.46257 2.58633 2.72728 2.86823 3.01261 3.16101 3.318 3.47671 3.63198 3.79928 3.96315 4.12472 4.29489
-9999.0 0.74714 0.88751 1.04106 1.17399 1.29374 1.40317 1.4937 1.57907 1.64038 1.67991 1.72804 1.75612 1.76528 1.75612 1.7183 1.65986 1.61001 1.53667 1.47136 1.40317 1.33155 1.26853 1.20207 1.16024 1.10237 1.05653 1.02502 0.99236 0.95856 0.92361 0.88751 0.8497 0.83022 0.78954 0.72479 0.65317 0.60103 0.57296 0.60103 0.62739 0.70187 0.76891 0.83022 0.88751 0.94137 1.00898 1.072 1.13159 1.20207 1.26853 1.34359 1.43755 1.53667 1.64038 1.75612 1.87357 2.00077 2.13484 2.25459 2.39554 2.52846 2.66712 2.82239 2.96907 3.13007 3.2882 3.44806 3.61479 3.77751 3.94252 4.10467 4.2565 4.40719
-9999.0 0.60103 0.74714 0.88751 1.02502 1.16024 1.26853 1.36765 1.46047 1.52636 1.57907 1.61975 1.65986 1.68965 1.69882 1.70856 1.67991 1.64038 1.5997 1.55787 1.50459 1.44901 1.40317 1.34359 1.30634 1.25535 1.21524 1.18831 1.14592 1.11669 1.072 1.02502 0.97575 0.90585 0.83022 0.74714 0.62739 0.54374 0.47957 0.44404 0.47957 0.54374 0.62739 0.70187 0.76891 0.83022 0.92361 0.99236 1.072 1.16024 1.24217 1.33155 1.42609 1.53667 1.64038 1.76528 1.88217 2.01681 2.15031 2.29069 2.44252 2.59263 2.74561 2.90776 3.0722 3.23263 3.38561 3.53687 3.68125 3.82908 3.97575 4.12873 4.27197 4.4112
-9999.0 0.47957 0.62739 0.76891 0.88751 1.02502 1.13159 1.24217 1.33155 1.41463 1.47136 1.52636 1.55787 1.58938 1.61975 1.64038 1.64038 1.63006 1.61001 1.58938 1.55787 1.52636 1.48224 1.44901 1.41463 1.37968 1.34359 1.29374 1.25535 1.21524 1.17399 1.10237 1.04106 0.95856 0.86918 0.76891 0.65317 0.54374 0.47957 0.40508 0.36211 0.40508 0.47957 0.57296 0.65317 0.72479 0.83022 0.92361 1.00898 1.10237 1.18831 1.28113 1.37968 1.48224 1.61001 1.73721 1.87357 2.01681 2.16578 2.31933 2.47575 2.62988 2.76911 2.90776 3.03954 3.18163 3.32717 3.46697 3.60104 3.74313 3.88007 4.02446 4.15967 4.29489
-9999.0 0.36211 0.47957 0.62739 0.74714 0.88751 0.99236 1.10237 1.20207 1.28113 1.35562 1.41463 1.46047 1.4937 1.52636 1.54756 1.55787 1.56876 1.56876 1.55787 1.54756 1.52636 1.50459 1.48224 1.46047 1.42609 1.37968 1.34359 1.29374 1.25535 1.18831 1.13159 1.05653 0.97575 0.88751 0.81016 0.70187 0.60103 0.51222 0.36211 0.31398 0.25611 0.31398 0.44404 0.51222 0.62739 0.72479 0.83022 0.92361 1.02502 1.11669 1.21524 1.30634 1.42609 1.55787 1.69882 1.83805 1.98415 2.11192 2.22537 2.34741 2.48263 2.61154 2.73931 2.86823 2.99657 3.13007 3.26299 3.39993 3.53687 3.67724 3.81189 3.95914 4.10066
-9999.0 0.25611 0.36211 0.51222 0.62739 0.74714 0.86918 0.97575 1.072 1.16024 1.22899 1.29374 1.35562 1.39171 1.42609 1.44901 1.47136 1.48224 1.4937 1.4937 1.4937 1.48224 1.47136 1.44901 1.42609 1.40317 1.36765 1.33155 1.28113 1.24217 1.18831 1.13159 1.05653 0.99236 0.90585 0.83022 0.74714 0.65317 0.54374 0.44404 0.31398 0.18105 0.18105 0.31398 0.40508 0.51222 0.60103 0.72479 0.83022 0.92361 1.02502 1.13159 1.22899 1.34359 1.46047 1.55787 1.65986 1.76528 1.88217 1.99275 2.1039 2.21792 2.34053 2.46257 2.58633 2.70952 2.84531 2.97995 3.12491 3.26815 3.41483 3.56895 3.72594 3.88465
