data/slope_sharpnack_modal.txt
ncols	401
nrows	401
xllcorner	0.0
yllcorner	0.0
cellsize	10.0
NODATA_value	-9999.0
[rows 270 to 299 of 401, columns 268 to 334 of 401]
2.66712 2.62988 2.58633 2.53477 2.4958 2.44939 2.40241 2.34741 2.29756 2.25459 2.20302 2.16578 2.11937 2.08041 2.0489 2.01681 1.98415 1.95952 1.93373 1.90852 1.89133 1.87357 1.85581 1.82945 1.80195 1.77445 1.73721 1.69882 1.65012 1.5997 1.53667 1.48224 1.39171 1.31895 1.22899 1.13159 1.02502 0.94137 0.83022 0.72479 0.62739 0.54374 0.51222 0.47957 0.54374 0.62739 0.72479 0.83022 0.95856 1.11669 1.24217 1.40317 1.53667 1.67991 1.82029 1.95952 2.09645 2.22537 2.36803 2.4958 2.62415 2.75134 2.87969 3.00173 3.12491 3.2481 3.37128
2.67972 2.64878 2.61784 2.58633 2.54794 2.50211 2.46257 2.42247 2.38866 2.34741 2.30501 2.26891 2.23282 2.20302 2.17323 2.15031 2.11937 2.1039 2.08041 2.05692 2.03343 2.01681 1.98415 1.95952 1.92571 1.89133 1.85581 1.81112 1.76528 1.69882 1.63006 1.55787 1.47136 1.37968 1.29374 1.18831 1.072 0.95856 0.8497 0.72479 0.62739 0.47957 0.40508 0.36211 0.36211 0.40508 0.54374 0.65317 0.78954 0.94137 1.10237 1.22899 1.37968 1.52636 1.65986 1.80195 1.93373 2.08041 2.21047 2.34053 2.46945 2.59894 2.72728 2.85104 2.97995 3.10887 3.22747
2.69176 2.66139 2.63618 2.61154 2.58003 2.55425 2.52216 2.48893 2.45627 2.42247 2.39554 2.36803 2.34053 2.31933 2.29069 2.27636 2.25459 2.23282 2.21047 2.19557 2.17323 2.15031 2.11937 2.08843 2.05692 2.01681 1.97613 1.92571 1.87357 1.80195 1.73721 1.65986 1.56876 1.48224 1.36765 1.26853 1.16024 1.02502 0.90585 0.76891 0.65317 0.51222 0.36211 0.31398 0.18105 0.25611 0.36211 0.47957 0.62739 0.76891 0.92361 1.072 1.21524 1.36765 1.50459 1.64038 1.78362 1.91712 2.0489 2.17323 2.31188 2.44252 2.56685 2.69806 2.82812 2.95245 3.08251
2.67972 2.66712 2.64878 2.62415 2.60524 2.58633 2.56685 2.54107 2.52216 2.4958 2.47575 2.45627 2.43564 2.41559 2.40241 2.38179 2.36803 2.35428 2.33308 2.31933 2.29756 2.27636 2.24714 2.21792 2.18813 2.14286 2.09645 2.0489 1.98415 1.91712 1.84722 1.76528 1.6696 1.57907 1.47136 1.36765 1.24217 1.13159 0.99236 0.86918 0.72479 0.60103 0.44404 0.31398 0.18105 0.0 0.18105 0.31398 0.47957 0.62739 0.76891 0.92361 1.05653 1.20207 1.33155 1.48224 1.61001 1.74695 1.88217 2.00879 2.14286 2.26891 2.40929 2.53477 2.66712 2.7989 2.92495
2.66712 2.65509 2.64878 2.63618 2.62415 2.61154 2.59894 2.58633 2.57315 2.56055 2.54794 2.52846 2.52216 2.50898 2.4958 2.48893 2.47575 2.46257 2.44939 2.42934 2.41559 2.39554 2.36803 2.33308 2.30501 2.26204 2.21792 2.16578 2.09645 2.03343 1.96754 1.88217 1.79278 1.68965 1.58938 1.47136 1.36765 1.24217 1.10237 0.97575 0.8497 0.70187 0.54374 0.40508 0.25611 0.0 0.0 0.18105 0.36211 0.44404 0.62739 0.74714 0.90585 1.04106 1.17399 1.31895 1.43755 1.57907 1.69882 1.83805 1.96754 2.09645 2.23282 2.36116 2.4958 2.62415 2.76338
2.63618 2.63618 2.63618 2.62988 2.62988 2.62415 2.61784 2.61154 2.61154 2.60524 2.60524 2.59894 2.59263 2.58633 2.58633 2.57315 2.57315 2.56055 2.55425 2.53477 2.52216 2.50898 2.48263 2.44939 2.41559 2.38179 2.33308 2.27636 2.21792 2.15031 2.08041 2.00077 1.90852 1.80195 1.70856 1.5997 1.48224 1.35562 1.22899 1.10237 0.97575 0.8497 0.70187 0.54374 0.40508 0.31398 0.18105 0.0 0.18105 0.31398 0.47957 0.62739 0.72479 0.88751 1.00898 1.13159 1.26853 1.40317 1.52636 1.65986 1.78362 1.92571 2.0489 2.18813 2.31933 2.45627 2.59263
2.59263 2.59894 2.61154 2.61154 2.61784 2.62415 2.62988 2.63618 2.63618 2.64248 2.64248 2.64878 2.64878 2.64878 2.65509 2.65509 2.65509 2.65509 2.64248 2.63618 2.62415 2.60524 2.58003 2.55425 2.52846 2.48893 2.44252 2.38866 2.33308 2.26891 2.18813 2.1039 2.01681 1.93373 1.82945 1.7183 1.61001 1.4937 1.37968 1.24217 1.11669 0.97575 0.8497 0.72479 0.60103 0.47957 0.36211 0.25611 0.25611 0.25611 0.36211 0.47957 0.60103 0.70187 0.8497 0.97575 1.10237 1.21524 1.34359 1.48224 1.61001 1.73721 1.87357 2.00077 2.14286 2.27636 2.41559
2.54107 2.55425 2.57315 2.58633 2.59894 2.61154 2.62988 2.64248 2.64878 2.66712 2.67342 2.68545 2.69806 2.70321 2.70952 2.72155 2.72155 2.72155 2.72728 2.72155 2.70952 2.69806 2.67972 2.65509 2.62415 2.58633 2.54107 2.4958 2.44252 2.36803 2.29756 2.22537 2.14286 2.0489 1.95092 1.84722 1.73721 1.61975 1.50459 1.37968 1.26853 1.14592 1.00898 0.88751 0.76891 0.65317 0.54374 0.40508 0.36211 0.31398 0.31398 0.36211 0.47957 0.57296 0.67781 0.81016 0.92361 1.04106 1.16024 1.29374 1.42609 1.54756 1.67991 1.82029 1.95092 2.09645 2.23282
2.47575 2.50211 2.52216 2.54107 2.56685 2.58633 2.61154 2.62988 2.65509 2.67342 2.69806 2.71525 2.72728 2.74561 2.76338 2.76911 2.78114 2.78687 2.79317 2.79317 2.78687 2.77541 2.76338 2.73931 2.71525 2.67972 2.64248 2.59263 2.53477 2.47575 2.40929 2.33308 2.25459 2.16578 2.07239 1.97613 1.87357 1.75612 1.64038 1.52636 1.41463 1.29374 1.17399 1.05653 0.92361 0.81016 0.70187 0.60103 0.47957 0.40508 0.36211 0.31398 0.36211 0.44404 0.51222 0.62739 0.72479 0.8497 0.97575 1.10237 1.22899 1.36765 1.4937 1.61975 1.76528 1.89993 2.04088
2.40241 2.42934 2.45627 2.48893 2.52216 2.55425 2.58003 2.61154 2.64248 2.66712 2.69806 2.72155 2.74561 2.76911 2.79317 2.81609 2.82812 2.83958 2.85104 2.85677 2.85104 2.84531 2.83385 2.81609 2.79317 2.76338 2.72728 2.67972 2.62988 2.57315 2.50898 2.43564 2.35428 2.27636 2.18068 2.08843 1.99275 1.88217 1.78362 1.6696 1.55787 1.44901 1.33155 1.21524 1.0869 0.97575 0.86918 0.74714 0.62739 0.54374 0.44404 0.40508 0.36211 0.36211 0.40508 0.47957 0.57296 0.67781 0.78954 0.90585 1.02502 1.16024 1.29374 1.42609 1.56876 1.69882 1.85581
2.31933 2.34741 2.38179 2.42247 2.46257 2.50211 2.54107 2.58003 2.61154 2.64878 2.68545 2.72155 2.75765 2.78687 2.81036 2.83385 2.8625 2.87969 2.89115 2.9026 2.9026 2.9026 2.89687 2.88542 2.86823 2.83385 2.80463 2.76338 2.71525 2.66139 2.60524 2.53477 2.46257 2.38179 2.29756 2.21047 2.11192 2.01681 1.90852 1.80195 1.69882 1.58938 1.48224 1.36765 1.25535 1.14592 1.02502 0.92361 0.81016 0.70187 0.60103 0.51222 0.44404 0.40508 0.36211 0.36211 0.40508 0.51222 0.60103 0.72479 0.8497 0.95856 1.10237 1.22899 1.36765 1.51547 1.65012
2.21792 2.26204 2.30501 2.34741 2.39554 2.44252 2.48263 2.52846 2.58003 2.61784 2.66712 2.70321 2.74561 2.78114 2.82239 2.85104 2.87396 2.9026 2.92495 2.93584 2.94099 2.95245 2.94672 2.94099 2.92495 2.9026 2.87396 2.83385 2.79317 2.74561 2.69176 2.62415 2.56055 2.48263 2.40241 2.31933 2.22537 2.13484 2.04088 1.93373 1.83805 1.72804 1.63006 1.51547 1.40317 1.29374 1.18831 1.072 0.95856 0.8497 0.74714 0.65317 0.54374 0.44404 0.36211 0.31398 0.31398 0.36211 0.44404 0.54374 0.65317 0.76891 0.88751 1.04106 1.17399 1.30634 1.46047
2.1039 2.15776 2.21047 2.26204 2.31933 2.36803 2.42247 2.47575 2.52846 2.58003 2.62988 2.67972 2.72155 2.76911 2.81036 2.85104 2.87969 2.91349 2.94099 2.95761 2.97422 2.98511 2.98511 2.98511 2.97422 2.95761 2.93584 2.89687 2.8625 2.81609 2.76338 2.70952 2.64878 2.58003 2.50211 2.42247 2.34053 2.24714 2.15776 2.06494 1.96754 1.86498 1.76528 1.65986 1.55787 1.44901 1.33155 1.22899 1.11669 1.00898 0.90585 0.81016 0.67781 0.57296 0.47957 0.36211 0.31398 0.25611 0.25611 0.36211 0.44404 0.54374 0.67781 0.83022 0.95856 1.10237 1.24217
1.98415 2.04088 2.1039 2.15776 2.22537 2.28324 2.34741 2.40241 2.46945 2.52846 2.58003 2.63618 2.69176 2.74561 2.79317 2.83958 2.87396 2.91349 2.94099 2.96907 2.99084 3.00173 3.01261 3.01261 3.00746 2.99657 2.97995 2.95761 2.92495 2.88542 2.83385 2.78687 2.72728 2.66139 2.59263 2.52216 2.44252 2.35428 2.26891 2.18068 2.08843 1.99275 1.89993 1.79278 1.69882 1.5997 1.4937 1.39171 1.26853 1.16024 1.05653 0.95856 0.83022 0.70187 0.60103 0.47957 0.36211 0.25611 0.18105 0.18105 0.25611 0.36211 0.47957 0.62739 0.74714 0.90585 1.04106
1.85581 1.92571 1.98415 2.05692 2.11937 2.19557 2.26204 2.32621 2.39554 2.45627 2.52216 2.58633 2.64878 2.70321 2.75765 2.81036 2.85677 2.89687 2.93584 2.96907 2.99084 3.01261 3.0235 3.03438 3.03438 3.0235 3.01834 2.99657 2.96907 2.93584 2.89687 2.85104 2.79317 2.73931 2.67972 2.60524 2.53477 2.45627 2.37491 2.29069 2.21047 2.11937 2.02541 1.93373 1.82945 1.73721 1.63006 1.53667 1.42609 1.33155 1.21524 1.10237 0.99236 0.86918 0.76891 0.62739 0.51222 0.40508 0.25611 0.18105 0.0 0.0 0.31398 0.44404 0.57296 0.72479 0.8497
1.72804 1.80195 1.87357 1.93373 2.01681 2.08843 2.16578 2.23282 2.31188 2.38179 2.45627 2.52216 2.59263 2.64878 2.71525 2.77541 2.82239 2.86823 2.91349 2.95245 2.97995 3.00746 3.02923 3.03954 3.04527 3.05043 3.03954 3.02923 3.00746 2.97995 2.94672 2.90776 2.8625 2.81036 2.75134 2.68545 2.62415 2.55425 2.47575 2.39554 2.31933 2.23282 2.15031 2.05692 1.96754 1.86498 1.77445 1.67991 1.57907 1.46047 1.35562 1.24217 1.14592 1.02502 0.90585 0.78954 0.67781 0.57296 0.40508 0.25611 0.18105 0.0 0.0 0.25611 0.36211 0.51222 0.65317
1.58938 1.65986 1.73721 1.81112 1.89133 1.97613 2.0489 2.13484 2.21792 2.29069 2.36803 2.44939 2.52216 2.58633 2.65509 2.71525 2.77541 2.83385 2.87969 2.92495 2.96334 2.99084 3.01834 3.03438 3.05043 3.05616 3.05043 3.04527 3.03438 3.01261 2.97995 2.95245 2.91349 2.86823 2.81609 2.76338 2.70321 2.63618 2.57315 2.4958 2.42247 2.34053 2.26204 2.17323 2.08041 2.00077 1.90852 1.81112 1.70856 1.61001 1.50459 1.40317 1.29374 1.17399 1.072 0.94137 0.8497 0.72479 0.60103 0.47957 0.36211 0.25611 0.0 0.0 0.18105 0.31398 0.47957
1.43755 1.51547 1.5997 1.67991 1.76528 1.85581 1.94233 2.02541 2.11192 2.19557 2.28324 2.35428 2.43564 2.50898 2.58633 2.65509 2.72155 2.78114 2.83385 2.88542 2.93068 2.96334 2.99657 3.0235 3.03954 3.05043 3.05616 3.05616 3.04527 3.03438 3.01834 2.99084 2.95761 2.91922 2.87396 2.82239 2.77541 2.70952 2.65509 2.58633 2.51528 2.43564 2.36116 2.29069 2.20302 2.11937 2.02541 1.94233 1.83805 1.75612 1.65012 1.54756 1.44901 1.33155 1.22899 1.11669 1.00898 0.88751 0.78954 0.65317 0.54374 0.40508 0.31398 0.25611 0.18105 0.25611 0.31398
1.28113 1.36765 1.46047 1.54756 1.63006 1.7183 1.82029 1.90852 2.00077 2.08843 2.18068 2.26204 2.34741 2.42934 2.50898 2.58003 2.64878 2.71525 2.78114 2.82812 2.87969 2.92495 2.95761 2.99657 3.01834 3.03438 3.05043 3.05616 3.05616 3.05043 3.03438 3.01261 2.98511 2.95761 2.91922 2.87969 2.83385 2.78114 2.72728 2.66712 2.60524 2.53477 2.46945 2.38866 2.31188 2.23282 2.15031 2.06494 1.97613 1.88217 1.79278 1.68965 1.58938 1.4937 1.37968 1.28113 1.17399 1.05653 0.95856 0.8497 0.72479 0.62739 0.51222 0.44404 0.31398 0.25611 0.25611
1.13159 1.21524 1.31895 1.40317 1.4937 1.58938 1.68965 1.77445 1.87357 1.97613 2.06494 2.15776 2.24714 2.33308 2.41559 2.48893 2.57315 2.64248 2.70952 2.76911 2.82812 2.87396 2.91922 2.95761 2.98511 3.01261 3.03438 3.04527 3.05043 3.05043 3.04527 3.03438 3.01261 2.99084 2.96334 2.92495 2.88542 2.83958 2.79317 2.73931 2.68545 2.62415 2.56055 2.48893 2.41559 2.34053 2.26891 2.18068 2.09645 2.00879 1.92571 1.82945 1.73721 1.64038 1.53667 1.43755 1.34359 1.24217 1.13159 1.02502 0.92361 0.81016 0.70187 0.62739 0.54374 0.44404 0.36211
0.97575 1.05653 1.16024 1.25535 1.34359 1.46047 1.54756 1.65012 1.75612 1.84722 1.94233 2.04088 2.13484 2.22537 2.31933 2.39554 2.47575 2.55425 2.62415 2.69176 2.75765 2.81609 2.8625 2.90776 2.94672 2.97995 3.00173 3.0235 3.03954 3.04527 3.04527 3.03954 3.02923 3.01261 2.99084 2.96334 2.93068 2.89687 2.85104 2.80463 2.75134 2.70321 2.64248 2.58003 2.51528 2.44252 2.36803 2.29756 2.21792 2.13484 2.0489 1.96754 1.87357 1.78362 1.68965 1.5997 1.50459 1.40317 1.30634 1.20207 1.11669 1.00898 0.90585 0.81016 0.72479 0.62739 0.54374
0.81016 0.90585 1.00898 1.11669 1.20207 1.30634 1.41463 1.51547 1.61975 1.7183 1.82029 1.91712 2.01681 2.11192 2.20302 2.29756 2.38179 2.46257 2.53477 2.61154 2.67972 2.73931 2.79317 2.84531 2.89115 2.93584 2.96334 2.99084 3.01261 3.0235 3.03438 3.03954 3.03438 3.02923 3.01261 2.99657 2.96907 2.93584 2.9026 2.8625 2.81609 2.76911 2.71525 2.66712 2.59894 2.54107 2.47575 2.40241 2.33308 2.25459 2.17323 2.09645 2.00879 1.92571 1.83805 1.74695 1.65012 1.56876 1.48224 1.37968 1.28113 1.18831 1.10237 1.00898 0.90585 0.83022 0.72479
0.67781 0.74714 0.86918 0.95856 1.05653 1.17399 1.28113 1.37968 1.4937 1.57907 1.68965 1.79278 1.89133 1.99275 2.08843 2.18068 2.26891 2.36116 2.44252 2.51528 2.59263 2.66139 2.72155 2.78114 2.82812 2.87396 2.91922 2.95245 2.97995 3.00173 3.01834 3.02923 3.03438 3.03438 3.0235 3.01261 2.99657 2.96907 2.94099 2.91349 2.87969 2.83385 2.78687 2.73931 2.68545 2.62988 2.57315 2.50898 2.43564 2.36803 2.29069 2.21792 2.14286 2.06494 1.97613 1.89133 1.81112 1.7183 1.64038 1.55787 1.46047 1.37968 1.29374 1.20207 1.10237 1.00898 0.90585
0.51222 0.62739 0.70187 0.83022 0.92361 1.02502 1.13159 1.24217 1.34359 1.44901 1.55787 1.65012 1.75612 1.86498 1.95952 2.05692 2.15031 2.24714 2.33308 2.40929 2.48893 2.56685 2.63618 2.69806 2.75765 2.81036 2.85677 2.9026 2.93584 2.96334 2.99084 3.00746 3.0235 3.02923 3.03438 3.0235 3.01261 3.00173 2.97995 2.95761 2.92495 2.89115 2.85677 2.81036 2.76338 2.70952 2.65509 2.59894 2.54107 2.47575 2.40929 2.33308 2.26891 2.18813 2.11192 2.04088 1.95952 1.87357 1.80195 1.7183 1.64038 1.55787 1.47136 1.37968 1.29374 1.20207 1.10237
0.40508 0.51222 0.60103 0.67781 0.78954 0.88751 0.99236 1.10237 1.20207 1.30634 1.41463 1.51547 1.63006 1.72804 1.82945 1.92571 2.02541 2.12739 2.21047 2.30501 2.38866 2.46257 2.54107 2.61154 2.67972 2.73931 2.79317 2.84531 2.88542 2.92495 2.95761 2.97995 3.00173 3.01834 3.02923 3.02923 3.02923 3.0235 3.00746 2.99084 2.96334 2.94099 2.90776 2.87396 2.83385 2.78687 2.73931 2.68545 2.63618 2.57315 2.51528 2.45627 2.38179 2.31933 2.24714 2.17323 2.1039 2.03343 1.95952 1.88217 1.80195 1.72804 1.65012 1.55787 1.48224 1.39171 1.30634
0.36211 0.40508 0.47957 0.57296 0.67781 0.76891 0.8497 0.95856 1.05653 1.17399 1.26853 1.37968 1.48224 1.58938 1.68965 1.79278 1.89133 1.99275 2.09645 2.18068 2.27636 2.35428 2.44252 2.51528 2.58633 2.65509 2.72155 2.77541 2.82812 2.87396 2.91349 2.94672 2.97422 2.99657 3.01261 3.0235 3.02923 3.02923 3.02923 3.01834 3.00173 2.97995 2.95245 2.93068 2.89115 2.85104 2.81036 2.76911 2.72155 2.67342 2.61154 2.56055 2.50211 2.43564 2.37491 2.30501 2.24026 2.17323 2.1039 2.03343 1.95952 1.89133 1.82029 1.73721 1.65986 1.56876 1.4937
0.36211 0.40508 0.44404 0.51222 0.57296 0.65317 0.74714 0.83022 0.94137 1.04106 1.13159 1.24217 1.33155 1.44901 1.54756 1.65012 1.75612 1.86498 1.95952 2.05692 2.15031 2.24026 2.33308 2.40929 2.4958 2.56685 2.63618 2.70321 2.76338 2.81609 2.8625 2.9026 2.94099 2.96907 2.99657 3.01261 3.02923 3.03438 3.03954 3.03438 3.02923 3.01834 2.99657 2.97422 2.95245 2.91922 2.88542 2.84531 2.80463 2.75765 2.70952 2.66139 2.60524 2.54794 2.4958 2.43564 2.37491 2.31188 2.24714 2.18068 2.11937 2.0489 1.98415 1.90852 1.83805 1.75612 1.67991
0.44404 0.44404 0.44404 0.47957 0.51222 0.57296 0.62739 0.70187 0.78954 0.90585 0.99236 1.0869 1.18831 1.29374 1.40317 1.51547 1.61975 1.7183 1.82029 1.92571 2.02541 2.11937 2.21047 2.30501 2.39554 2.47575 2.54794 2.62415 2.68545 2.75134 2.80463 2.85104 2.9026 2.94099 2.96907 3.00173 3.0235 3.03438 3.04527 3.05043 3.05043 3.04527 3.03438 3.01834 2.99657 2.97422 2.94672 2.91349 2.87969 2.83958 2.7989 2.75134 2.70321 2.66139 2.60524 2.55425 2.4958 2.44939 2.38866 2.32621 2.26891 2.20302 2.14286 2.08041 2.00879 1.93373 1.85581
0.54374 0.51222 0.51222 0.47957 0.51222 0.51222 0.57296 0.62739 0.67781 0.76891 0.8497 0.95856 1.04106 1.16024 1.24217 1.35562 1.47136 1.57907 1.67991 1.78362 1.89133 1.99275 2.08843 2.18813 2.28324 2.36803 2.45627 2.52846 2.61154 2.67342 2.73931 2.7989 2.85104 2.89687 2.93584 2.97995 3.00173 3.02923 3.04527 3.05616 3.06647 3.06131 3.06131 3.05616 3.03954 3.0235 3.00173 2.97422 2.94672 2.91922 2.87969 2.84531 2.7989 2.76338 2.71525 2.66712 2.62415 2.56685 2.52216 2.46945 2.40929 2.35428 2.29756 2.23282 2.17323 2.1039 2.03343
0.67781 0.62739 0.60103 0.57296 0.54374 0.51222 0.54374 0.57296 0.60103 0.65317 0.74714 0.83022 0.88751 1.00898 1.10237 1.20207 1.31895 1.42609 1.53667 1.64038 1.74695 1.85581 1.95952 2.06494 2.16578 2.26204 2.35428 2.43564 2.52216 2.59894 2.67342 2.73358 2.7989 2.85677 2.89687 2.94099 2.98511 3.01261 3.03954 3.05616 3.0722 3.07736 3.08767 3.08251 3.07736 3.06647 3.05616 3.03438 3.01261 2.98511 2.95761 2.92495 2.89115 2.85677 2.82239 2.77541 2.73358 2.69176 2.64248 2.59894 2.55425 2.4958 2.44939 2.39554 2.33308 2.26891 2.21047
