data/slope_sharpnack_max.txt
ncols	401
nrows	401
xllcorner	0.0
yllcorner	0.0
cellsize	10.0
NODATA_value	-9999.0
[rows 210 to 239 of 401, columns 201 to 267 of 401]
3.33691 3.13523 2.94672 2.78114 2.64878 2.55425 2.48263 2.45627 2.48263 2.54794 2.64878 2.77541 2.9026 3.03954 3.17648 3.33175 3.47671 3.61021 3.73454 3.87606 4.01242 4.13618 4.29088 4.45818 4.65872 4.8604 5.05005 5.2397 5.41331 5.57545 5.72786 5.86136 5.97939 6.07851 6.16044 6.21774 6.25899 6.27733 6.27733 6.25899 6.21487 6.15758 6.08137 5.99314 5.88657 5.76739 5.63619 5.56399 5.49638 5.40414 5.28897 5.15261 4.98874 4.85353 4.80253 4.85009 4.94348 5.05693 5.20532 5.39841 5.59321 5.76166 5.89975 6.00574 6.08367 6.13122 6.15013
3.53687 3.32201 3.11976 2.93584 2.78114 2.65509 2.56685 2.50898 2.47575 2.50211 2.54794 2.62988 2.73358 2.83385 2.96907 3.13007 3.29795 3.46238 3.61937 3.79069 3.95914 4.12873 4.32927 4.53783 4.73836 4.94004 5.13026 5.31648 5.48779 5.64478 5.79203 5.92209 6.03038 6.12606 6.20227 6.25383 6.2905 6.30024 6.2928 6.2693 6.2206 6.15758 6.07851 5.98225 5.87282 5.75593 5.63046 5.57832 5.49925 5.39841 5.2735 5.12396 4.99218 4.9366 4.979 5.08557 5.19615 5.33481 5.51415 5.71926 5.89975 6.05215 6.17362 6.26186 6.32087 6.34608 6.3415
3.71219 3.49447 3.2882 3.0934 2.92495 2.78114 2.66139 2.58633 2.54107 2.52846 2.54107 2.59263 2.66712 2.75765 2.89115 3.05043 3.22747 3.40509 3.58729 3.78209 3.98779 4.1952 4.40375 4.61288 4.81285 5.0151 5.20532 5.38294 5.55253 5.70781 5.85047 5.97652 6.08137 6.17362 6.24123 6.28764 6.31285 6.31571 6.30024 6.26701 6.21487 6.14726 6.06247 5.96277 5.85047 5.73302 5.64192 5.57545 5.48779 5.37721 5.24256 5.10104 5.04031 5.07927 5.19615 5.31361 5.44596 5.61384 5.82297 6.01663 6.1868 6.32087 6.42744 6.49963 6.53688 6.54146 6.51739
3.86345 3.64573 3.42915 3.23263 3.05616 2.9026 2.77541 2.67972 2.61784 2.59263 2.59894 2.63618 2.69806 2.7989 2.93068 3.08767 3.25784 3.44806 3.64115 3.84627 4.05253 4.26452 4.47308 4.68278 4.88332 5.08271 5.2735 5.45227 5.619 5.76969 5.90834 6.02752 6.13122 6.21487 6.27733 6.31801 6.33921 6.33405 6.3054 6.2567 6.19998 6.12606 6.03611 5.93298 5.82011 5.69635 5.63619 5.56113 5.46086 5.33767 5.19272 5.12052 5.14917 5.27064 5.40127 5.53477 5.69635 5.89975 6.11289 6.29795 6.45208 6.57354 6.66121 6.71449 6.73397 6.71908 6.67095
3.99237 3.76491 3.54604 3.3518 3.16616 3.00173 2.87396 2.76911 2.69806 2.66712 2.66712 2.70321 2.76338 2.88542 3.01834 3.17132 3.33691 3.51796 3.71219 3.9133 4.12472 4.33672 4.54527 4.75555 4.95608 5.15547 5.34111 5.52331 5.68489 5.83443 5.9685 6.0894 6.18909 6.26701 6.32087 6.3541 6.36155 6.34436 6.30254 6.24409 6.17591 6.09169 5.9983 5.89516 5.77828 5.67916 5.61613 5.52618 5.41674 5.28611 5.18985 5.19902 5.30731 5.45513 5.59608 5.7502 5.94959 6.17591 6.38218 6.55406 6.69558 6.80044 6.87091 6.90815 6.90815 6.87091 6.80502
4.08863 3.85887 3.64115 3.43832 3.24294 3.08251 2.94672 2.83958 2.76338 2.72728 2.72155 2.74561 2.83385 2.96334 3.10887 3.26815 3.43374 3.61479 3.79928 3.99638 4.20265 4.4112 4.6232 4.83003 5.03057 5.23053 5.41961 5.59894 5.76739 5.91407 6.04642 6.15758 6.24639 6.31571 6.35926 6.37931 6.37416 6.34436 6.2928 6.2206 6.13924 6.04929 5.95475 5.84474 5.72499 5.65681 5.57832 5.4792 5.35601 5.24256 5.22423 5.31648 5.47289 5.62186 5.77828 5.97079 6.20227 6.42973 6.62225 6.78325 6.91044 7.00097 7.0554 7.0766 7.05769 7.00556 6.91789
4.15566 3.9219 3.69902 3.48989 3.29795 3.13007 2.98511 2.87396 2.7989 2.75765 2.74561 2.78687 2.90776 3.03954 3.18679 3.3518 3.52254 3.7036 3.9007 4.10066 4.30635 4.51319 4.72404 4.9303 5.13313 5.33195 5.51701 5.69062 5.84761 5.99027 6.11518 6.21774 6.29795 6.3541 6.38733 6.39421 6.37702 6.33634 6.27217 6.1868 6.09455 5.9983 5.89516 5.78401 5.68202 5.61384 5.52904 5.41331 5.28324 5.23053 5.29241 5.44883 5.61384 5.77255 5.96277 6.19195 6.43489 6.65204 6.83825 6.98722 7.10124 7.17802 7.21812 7.22041 7.1826 7.11041 7.00556
4.23015 3.95914 3.73454 3.51796 3.32201 3.15069 3.00173 2.89115 2.80463 2.75765 2.74561 2.84531 2.96334 3.10371 3.25784 3.424 3.60104 3.79069 3.98779 4.19119 4.39631 4.60945 4.81628 5.02427 5.22423 5.41674 5.59894 5.76739 5.91923 6.05674 6.16789 6.26415 6.33405 6.37931 6.40223 6.39937 6.37186 6.31801 6.24409 6.14726 6.04127 5.93584 5.8287 5.71354 5.63905 5.56113 5.458 5.33481 5.2397 5.26147 5.38924 5.56686 5.73302 5.91636 6.14497 6.40223 6.6423 6.84971 7.02618 7.16426 7.2651 7.3287 7.35048 7.3373 7.28459 7.19349 7.06743
4.38485 3.99638 3.73454 3.51796 3.31284 3.14038 2.99084 2.86823 2.78114 2.73358 2.76911 2.88542 3.01261 3.16101 3.318 3.4853 3.66808 3.85887 4.06055 4.26796 4.47308 4.68679 4.89363 5.10104 5.30158 5.49065 5.66827 5.83156 5.97939 6.10487 6.21258 6.29795 6.35926 6.39421 6.40681 6.39192 6.3541 6.2905 6.20227 6.09742 5.97939 5.86422 5.7502 5.64478 5.57832 5.48779 5.37377 5.24256 5.21162 5.29528 5.4792 5.65337 5.84245 6.06247 6.32603 6.58615 6.81877 7.01701 7.1826 7.31094 7.3986 7.44788 7.45647 7.42668 7.35678 7.24906 7.15109
4.52407 4.13217 3.73454 3.4853 3.27789 3.0934 2.94099 2.81609 2.73358 2.69176 2.79317 2.91922 3.05043 3.1971 3.36154 3.53228 3.72136 3.91731 4.1167 4.32526 4.53783 4.74867 4.95952 5.16521 5.36231 5.5468 5.71926 5.88084 6.01949 6.14211 6.24123 6.31801 6.369 6.39707 6.39937 6.37416 6.32603 6.25154 6.15471 6.0384 5.90834 5.78401 5.65968 5.58462 5.50498 5.40127 5.27694 5.18641 5.21506 5.35028 5.54107 5.73072 5.94673 6.20456 6.48703 6.74314 6.96889 7.15796 7.31323 7.4284 7.50403 7.54012 7.53382 7.48684 7.40261 7.28 7.22958
4.6444 4.24504 3.84226 3.43832 3.20742 3.0235 2.8625 2.73358 2.64878 2.69806 2.80463 2.93068 3.06647 3.22231 3.38561 3.56437 3.75631 3.95513 4.15967 4.36995 4.58481 4.79566 5.00536 5.20876 5.40414 5.58748 5.75593 5.91121 6.04642 6.16044 6.25383 6.32374 6.369 6.38447 6.37931 6.34608 6.28535 6.20227 6.09742 5.97366 5.83156 5.69348 5.57832 5.50498 5.41331 5.29871 5.16521 5.12396 5.20532 5.39211 5.58462 5.7949 6.04929 6.3415 6.61766 6.86862 7.08577 7.2651 7.41121 7.51434 7.58023 7.60143 7.58252 7.52294 7.4198 7.33902 7.28
4.74867 4.34359 3.93393 3.52713 3.12491 2.92495 2.75134 2.62988 2.58633 2.68545 2.7989 2.92495 3.06647 3.22747 3.39535 3.58271 3.77293 3.97575 4.18718 4.39631 4.61288 4.82316 5.03401 5.23626 5.42878 5.6104 5.77828 5.92782 6.05674 6.16789 6.25383 6.31571 6.35124 6.36155 6.34608 6.30254 6.23607 6.14497 6.03038 5.89745 5.74447 5.59608 5.50498 5.41331 5.31017 5.18641 5.07297 5.08557 5.20532 5.40758 5.61613 5.85907 6.14726 6.44463 6.71678 6.96201 7.17114 7.3436 7.47767 7.57221 7.62263 7.63294 7.59971 7.52752 7.41121 7.37626 7.30865
4.83691 4.42209 4.0044 3.59187 3.18163 2.79317 2.61784 2.48893 2.55425 2.65509 2.76911 2.9026 3.04527 3.20742 3.38561 3.57354 3.77293 3.97575 4.18718 4.40375 4.61689 4.83347 5.04031 5.24256 5.43393 5.61384 5.77828 5.92496 6.05215 6.15471 6.23607 6.2928 6.32087 6.32374 6.30024 6.24925 6.17362 6.07564 5.95189 5.80865 5.65051 5.52331 5.41961 5.30387 5.19272 5.05693 4.98244 5.03401 5.19902 5.40127 5.63619 5.91407 6.22576 6.52198 6.7884 7.02389 7.225 7.38944 7.51434 7.59742 7.63925 7.63695 7.59284 7.50403 7.43298 7.38714 7.30865
4.90681 4.48798 4.06456 3.64115 3.23263 2.82812 2.45627 2.41559 2.50211 2.60524 2.72728 2.8625 3.01261 3.17648 3.35639 3.54604 3.74772 3.95513 4.17171 4.38485 4.60257 4.81628 5.0277 5.22767 5.42247 5.59894 5.76166 5.90548 6.02752 6.12606 6.20227 6.25154 6.27446 6.27217 6.24123 6.18393 6.10257 5.99314 5.86422 5.7164 5.55253 5.44023 5.31648 5.18985 5.05979 4.91655 4.88676 4.96926 5.16521 5.38924 5.65337 5.96564 6.28019 6.56667 6.82851 7.0554 7.24906 7.40491 7.52064 7.59284 7.62263 7.60773 7.55273 7.45418 7.4284 7.37397 7.28917
4.95608 4.53439 4.10467 3.68125 3.26299 2.85677 2.46257 2.34741 2.43564 2.54107 2.66139 2.7989 2.95245 3.12491 3.30769 3.49963 3.7036 3.91731 4.12873 4.3476 4.57048 4.78305 4.99562 5.19615 5.38638 5.56399 5.72499 5.86422 5.98225 6.08137 6.15299 6.19711 6.21258 6.20456 6.17076 6.10487 6.01434 5.90261 5.76739 5.61384 5.47003 5.34398 5.20532 5.05979 4.91655 4.78935 4.79279 4.90681 5.11709 5.36804 5.66541 5.99027 6.30024 6.58329 6.83825 7.05999 7.24219 7.39173 7.49773 7.56132 7.58023 7.55273 7.48856 7.4221 7.39631 7.33501 7.23989
4.99218 4.56304 4.13217 3.69902 3.28305 2.86823 2.58633 2.41559 2.35428 2.45627 2.58633 2.72155 2.87969 3.05043 3.23778 3.43374 3.63656 3.85486 4.07258 4.29088 4.51319 4.72747 4.94004 5.14287 5.33195 5.50842 5.66827 5.80635 5.92209 6.01434 6.08367 6.1232 6.13924 6.1232 6.08137 6.01434 5.91923 5.80062 5.65681 5.49638 5.38007 5.2397 5.08557 4.91999 4.75899 4.65471 4.69023 4.83003 5.05979 5.33767 5.66541 5.98741 6.2905 6.56667 6.81705 7.02847 7.20666 7.3436 7.44329 7.49543 7.50403 7.47194 7.39402 7.36996 7.33902 7.27313 7.17343
5.0151 4.57736 4.14019 3.70818 3.2882 2.88542 2.67972 2.50898 2.37491 2.36116 2.48893 2.62988 2.78687 2.95761 3.14497 3.34665 3.55062 3.76892 3.98779 4.21067 4.43297 4.65127 4.86384 5.06667 5.25803 5.43164 5.59035 5.73072 5.84474 5.93298 5.9983 6.0384 6.04929 6.02752 5.98454 5.91121 5.80865 5.68775 5.54107 5.39211 5.2735 5.12396 4.94921 4.77274 4.59512 4.51663 4.57048 4.7418 4.99562 5.30387 5.63905 5.95762 6.25154 6.52484 6.76491 6.97347 7.13963 7.26854 7.35907 7.40491 7.40491 7.36136 7.29318 7.29547 7.25823 7.18718 7.07889
5.01854 4.57392 4.13618 3.7036 3.27273 2.95761 2.75134 2.57315 2.43564 2.33308 2.37491 2.51528 2.67342 2.85104 3.03438 3.23778 3.44348 3.66349 3.88866 4.10868 4.33271 4.55215 4.76586 4.96926 5.16178 5.33767 5.49409 5.63046 5.74734 5.83729 5.89745 5.93584 5.94157 5.92209 5.86995 5.79203 5.69062 5.56113 5.41044 5.28611 5.15547 4.99562 4.80941 4.61689 4.42209 4.3625 4.42954 4.64096 4.92343 5.25803 5.58462 5.89745 6.1868 6.45208 6.68584 6.88523 7.04452 7.16656 7.24677 7.28229 7.27542 7.225 7.1975 7.19349 7.15338 7.07889 6.96889
5.0088 4.5596 4.12071 3.68125 3.25268 3.01834 2.7989 2.61154 2.46945 2.36116 2.30501 2.39554 2.54794 2.72155 2.90776 3.10887 3.318 3.53687 3.76089 3.98378 4.21067 4.43297 4.64783 4.85009 5.04375 5.21793 5.37721 5.51415 5.63046 5.71926 5.77828 5.81438 5.82011 5.7949 5.74161 5.66254 5.5554 5.42534 5.2735 5.16521 5.02427 4.85696 4.66216 4.45475 4.24906 4.20265 4.29489 4.54527 4.85009 5.18355 5.50498 5.81151 6.09455 6.35124 6.5787 6.7695 6.92248 7.03764 7.10811 7.13734 7.12187 7.06514 7.0766 7.06973 7.02847 6.94769 6.83309
4.98244 4.53439 4.08863 3.65031 3.29795 3.05043 2.83385 2.65509 2.50898 2.40929 2.34053 2.31933 2.44252 2.59263 2.76911 2.96334 3.17132 3.39076 3.61479 3.84226 4.06857 4.29088 4.50975 4.71372 4.90681 5.08557 5.24256 5.38007 5.49409 5.58462 5.64478 5.67916 5.68489 5.65968 5.60467 5.52331 5.41331 5.27981 5.14631 5.03057 4.88676 4.71029 4.50975 4.28343 4.08061 4.03248 4.15566 4.43297 4.75899 5.08557 5.40127 5.69921 5.97652 6.22576 6.44463 6.6274 6.77465 6.88008 6.94539 6.96889 6.94539 6.90815 6.93394 6.92706 6.88008 6.79814 6.68069
4.94921 4.49886 4.05253 3.61479 3.33691 3.10371 2.89687 2.72155 2.58003 2.47575 2.40241 2.37491 2.38866 2.53477 2.68545 2.84531 3.02923 3.22747 3.44806 3.67724 3.90471 4.13217 4.3476 4.55616 4.75211 4.9303 5.08901 5.22767 5.34398 5.43393 5.49409 5.52904 5.53191 5.50498 5.45227 5.37091 5.26147 5.12396 5.00192 4.88332 4.73091 4.55215 4.3476 4.1167 3.9133 3.88866 4.02446 4.32526 4.64096 4.96239 5.27064 5.56113 5.83156 6.07335 6.28535 6.46239 6.60105 6.6996 6.75746 6.77465 6.74772 6.74543 6.7695 6.76205 6.71449 6.62969 6.51224
4.90337 4.45475 4.01586 3.64115 3.39993 3.17648 2.97995 2.80463 2.66139 2.54794 2.46945 2.42247 2.42247 2.48263 2.62415 2.77541 2.93584 3.09856 3.29279 3.49447 3.72594 3.94653 4.1677 4.3774 4.57392 4.75555 4.91999 5.05693 5.17381 5.26434 5.32851 5.36231 5.36804 5.34398 5.28897 5.20532 5.09474 4.95608 4.85009 4.72404 4.57048 4.38485 4.17572 3.94252 3.76892 3.74772 3.89669 4.19119 4.50975 4.81972 5.11709 5.40127 5.66254 5.89745 6.10257 6.2693 6.40452 6.49963 6.54891 6.55636 6.52656 6.56667 6.58844 6.5787 6.52943 6.44463 6.32374
4.85696 4.42209 4.00039 3.72136 3.4853 3.26815 3.06131 2.88542 2.72728 2.61154 2.52216 2.46257 2.44939 2.46945 2.56685 2.70952 2.8625 3.01834 3.18163 3.34665 3.54145 3.74772 3.96716 4.17973 4.38141 4.56304 4.72747 4.87014 4.98874 5.07927 5.14631 5.18355 5.18641 5.16521 5.11078 5.0277 4.91999 4.78305 4.68278 4.55215 4.39229 4.20265 3.99237 3.78209 3.63656 3.62339 3.76491 4.04451 4.3476 4.64783 4.94348 5.21793 5.47003 5.69921 5.89745 6.0596 6.1868 6.27446 6.32087 6.32374 6.3054 6.36384 6.38963 6.37702 6.32889 6.24639 6.12606
4.82316 4.4112 4.05253 3.80788 3.57354 3.34665 3.14038 2.95245 2.78687 2.64878 2.55425 2.4958 2.46945 2.47575 2.51528 2.63618 2.78114 2.93068 3.08767 3.24294 3.39993 3.56895 3.76089 3.96716 4.1677 4.35505 4.52064 4.6656 4.78649 4.88332 4.94921 4.98874 4.99848 4.9727 4.91999 4.84035 4.73091 4.60601 4.50574 4.36995 4.21067 4.02044 3.81647 3.63198 3.50421 3.49447 3.62339 3.88866 4.1677 4.46563 4.74867 5.0151 5.26147 5.48206 5.67114 5.8287 5.94673 6.03038 6.07335 6.07564 6.0894 6.14726 6.17362 6.16273 6.11289 6.03325 5.91407
4.81972 4.43641 4.1442 3.89268 3.65031 3.41483 3.1971 3.00173 2.82239 2.68545 2.59263 2.52216 2.48893 2.48263 2.50211 2.56055 2.69806 2.83958 2.98511 3.13523 3.2882 3.43374 3.58729 3.75631 3.93851 4.12873 4.2989 4.4473 4.57048 4.66903 4.7418 4.78305 4.79279 4.77274 4.72404 4.6444 4.53439 4.41464 4.3138 4.17973 4.01586 3.82908 3.64573 3.48129 3.36613 3.35639 3.47155 3.71219 3.97976 4.2565 4.53439 4.79279 5.03057 5.246 5.42878 5.57832 5.69348 5.77255 5.80865 5.80635 5.85907 5.91636 5.94157 5.93298 5.88943 5.80865 5.69062
4.85009 4.48053 4.22213 3.96716 3.71219 3.47155 3.24294 3.03954 2.87396 2.74561 2.66139 2.61154 2.58003 2.56685 2.56055 2.56685 2.62415 2.73931 2.87969 3.0235 3.16616 3.31284 3.45264 3.59187 3.73454 3.89669 4.06055 4.21067 4.33958 4.44386 4.52064 4.56304 4.57736 4.56304 4.51319 4.43641 4.33271 4.21067 4.10868 3.97976 3.81647 3.64115 3.4853 3.33175 3.22747 3.212 3.32201 3.53228 3.77293 4.03649 4.30234 4.55215 4.78649 4.99218 5.16751 5.31648 5.42534 5.49638 5.53191 5.52904 5.61613 5.67629 5.70208 5.69348 5.65337 5.57259 5.46086
4.89363 4.5596 4.29489 4.02847 3.76491 3.50879 3.2882 3.10887 2.98511 2.90776 2.85104 2.81036 2.76911 2.73931 2.71525 2.69806 2.68545 2.72728 2.81036 2.90776 3.03438 3.18163 3.318 3.44806 3.57354 3.695 3.82908 3.96716 4.09665 4.20666 4.28343 4.33271 4.35104 4.33672 4.2989 4.22213 4.12071 4.00039 3.89669 3.76892 3.61479 3.46697 3.32201 3.18163 3.0722 3.05616 3.15069 3.34206 3.56437 3.80788 4.05654 4.2989 4.52407 4.72404 4.8965 5.03744 5.14631 5.21162 5.246 5.26777 5.35945 5.42247 5.44883 5.44596 5.40414 5.32851 5.22423
4.94577 4.6232 4.35104 4.07659 3.80329 3.57354 3.39993 3.27789 3.20226 3.14038 3.07736 3.01834 2.96907 2.91349 2.87396 2.83958 2.7989 2.78687 2.82239 2.85677 2.93068 3.03438 3.16616 3.29795 3.41941 3.53228 3.64115 3.74313 3.85085 3.95914 4.0405 4.09264 4.1167 4.10868 4.07258 4.00039 3.90471 3.78209 3.68125 3.5552 3.424 3.2882 3.16616 3.0235 2.90776 2.88542 2.97422 3.15069 3.34206 3.56437 3.79928 4.03248 4.25249 4.4473 4.61288 4.74867 4.85009 4.91655 4.94577 5.00192 5.09818 5.15891 5.19272 5.18985 5.15547 5.08557 4.979
4.99218 4.67935 4.39631 4.10868 3.88007 3.71219 3.60562 3.52713 3.44806 3.37587 3.3031 3.22747 3.16101 3.0934 3.02923 2.96907 2.91349 2.86823 2.86823 2.88542 2.89687 2.93584 3.01261 3.13523 3.25784 3.37128 3.47155 3.55979 3.64115 3.71678 3.79069 3.84627 3.87606 3.87205 3.83767 3.77751 3.68125 3.5552 3.4578 3.34665 3.23263 3.11976 2.99657 2.8625 2.73931 2.70321 2.78687 2.95245 3.13007 3.32201 3.54145 3.75631 3.96716 4.15566 4.31781 4.4473 4.54871 4.61288 4.6444 4.73091 4.8266 4.89363 4.92686 4.9303 4.89994 4.83347 4.73492
5.03401 4.7206 4.43297 4.19921 4.03649 3.93851 3.85486 3.77751 3.69902 3.61937 3.53228 3.44348 3.35639 3.27273 3.18679 3.09856 3.0235 2.95245 2.90776 2.91349 2.90776 2.89687 2.91349 2.97995 3.08251 3.1971 3.29795 3.38561 3.4578 3.51796 3.56437 3.60562 3.62797 3.63198 3.60104 3.54145 3.45264 3.34206 3.24294 3.15069 3.05043 2.94672 2.82239 2.68545 2.56055 2.52216 2.59263 2.73931 2.9026 3.08251 3.27273 3.47671 3.67724 3.85887 4.01586 4.1442 4.24103 4.30234 4.33271 4.45475 4.55215 4.61976 4.65872 4.6656 4.64096 4.5808 4.48798
