data/slope_sharpnack_min.txt
ncols	401
nrows	401
xllcorner	0.0
yllcorner	0.0
cellsize	10.0
NODATA_value	-9999.0
[rows 165 to 197 of 401, columns 296 to 369 of 401]
1.53667 1.47136 1.40317 1.35562 1.30634 1.28113 1.25535 1.24217 1.24217 1.25535 1.28113 1.30634 1.34359 1.39171 1.44901 1.50459 1.56876 1.64038 1.7183 1.80195 1.89133 2.00077 2.11192 2.17323 2.18068 2.07239 1.88217 1.61001 1.31895 1.04106 0.74714 0.44404 0.18105 0.0 0.0 0.0 0.0 0.0 0.0 0.0 0.0 0.0 0.0 0.0 0.0 0.0 0.0 0.25611 0.44404 0.65317 0.86918 1.0869 1.30634 1.55787 1.82945 2.11937 2.41559 2.70952 2.99657 3.27789 3.54604 3.7947 4.02446 4.23702 4.42209 4.5808 4.6444 4.61976 4.50975 4.35104 4.15967 3.93393 3.7036 3.4853
1.53667 1.53667 1.4937 1.43755 1.37968 1.33155 1.29374 1.26853 1.25535 1.24217 1.24217 1.25535 1.28113 1.31895 1.35562 1.40317 1.44901 1.50459 1.56876 1.64038 1.7183 1.80195 1.89133 1.95952 2.01681 2.0489 1.95952 1.76528 1.48224 1.18831 0.90585 0.60103 0.25611 0.0 0.0 0.0 0.0 0.0 0.0 0.0 0.0 0.0 0.0 0.0 0.0 0.0 0.0 0.0 0.18105 0.40508 0.62739 0.8497 1.05653 1.29374 1.54756 1.82945 2.11937 2.40241 2.68545 2.95761 3.22747 3.47155 3.7036 3.91731 4.10467 4.27197 4.40375 4.48798 4.48397 4.41865 4.27598 4.09665 3.9007 3.69902
1.47136 1.52636 1.53667 1.50459 1.43755 1.37968 1.31895 1.28113 1.24217 1.21524 1.20207 1.20207 1.21524 1.22899 1.24217 1.28113 1.31895 1.36765 1.41463 1.47136 1.52636 1.57907 1.64038 1.69882 1.74695 1.81112 1.85581 1.79278 1.61975 1.33155 1.02502 0.72479 0.40508 0.0 0.0 0.0 0.0 0.0 0.0 0.0 0.0 0.0 0.0 0.0 0.0 0.0 0.0 0.0 0.0 0.18105 0.40508 0.60103 0.81016 1.04106 1.26853 1.54756 1.82945 2.1039 2.38179 2.65509 2.91922 3.16101 3.39076 3.60562 3.7947 3.95513 4.08863 4.19119 4.25249 4.27598 4.23702 4.14019 3.98779 3.81189
1.37968 1.46047 1.51547 1.52636 1.48224 1.40317 1.34359 1.28113 1.22899 1.18831 1.16024 1.13159 1.13159 1.13159 1.13159 1.14592 1.17399 1.20207 1.24217 1.29374 1.33155 1.35562 1.37968 1.41463 1.47136 1.51547 1.57907 1.64038 1.61001 1.43755 1.16024 0.83022 0.51222 0.18105 0.0 0.0 0.0 0.0 0.0 0.0 0.0 0.0 0.0 0.0 0.0 0.0 0.0 0.0 0.0 0.0 0.18105 0.36211 0.57296 0.78954 1.00898 1.28113 1.54756 1.82945 2.09645 2.36116 2.62415 2.86823 3.09856 3.3031 3.48989 3.65031 3.77751 3.87606 3.94252 3.97174 3.97575 3.94252 3.86747 3.75631
1.28113 1.36765 1.46047 1.4937 1.4937 1.43755 1.34359 1.26853 1.20207 1.14592 1.10237 1.05653 1.04106 1.02502 1.00898 1.00898 1.02502 1.04106 1.072 1.0869 1.11669 1.11669 1.13159 1.14592 1.18831 1.24217 1.29374 1.35562 1.41463 1.39171 1.24217 0.95856 0.62739 0.31398 0.0 0.0 0.0 0.0 0.0 0.0 0.0 0.0 0.0 0.0 0.0 0.0 0.0 0.0 0.0 0.0 0.0 0.18105 0.36211 0.54374 0.76891 1.02502 1.29374 1.55787 1.82029 2.08843 2.34053 2.58003 2.80463 3.00746 3.18679 3.34206 3.46697 3.56437 3.63198 3.67266 3.68125 3.66808 3.61479 3.53228
1.18831 1.26853 1.36765 1.43755 1.47136 1.43755 1.34359 1.25535 1.17399 1.10237 1.02502 0.97575 0.94137 0.90585 0.88751 0.86918 0.86918 0.86918 0.88751 0.88751 0.88751 0.86918 0.86918 0.88751 0.90585 0.94137 0.99236 1.05653 1.13159 1.18831 1.17399 1.02502 0.74714 0.40508 0.0 0.0 0.0 0.0 0.0 0.0 0.0 0.0 0.0 0.0 0.0 0.0 0.0 0.0 0.0 0.0 0.0 0.0 0.18105 0.36211 0.54374 0.78954 1.04106 1.29374 1.56876 1.82029 2.06494 2.29756 2.51528 2.70952 2.88542 3.03438 3.15585 3.26299 3.33175 3.38102 3.39993 3.38561 3.3518 3.28305
1.072 1.17399 1.26853 1.37968 1.42609 1.41463 1.33155 1.22899 1.13159 1.04106 0.95856 0.88751 0.83022 0.78954 0.74714 0.72479 0.70187 0.70187 0.67781 0.67781 0.62739 0.62739 0.62739 0.62739 0.62739 0.65317 0.70187 0.76891 0.8497 0.94137 1.00898 0.99236 0.83022 0.51222 0.18105 0.0 0.0 0.0 0.0 0.0 0.0 0.0 0.0 0.0 0.0 0.0 0.0 0.0 0.0 0.0 0.0 0.0 0.0 0.18105 0.31398 0.54374 0.81016 1.05653 1.31895 1.55787 1.79278 2.01681 2.22537 2.40929 2.58633 2.73358 2.86823 2.96907 3.05043 3.10371 3.12491 3.12491 3.08767 3.02923
0.95856 1.05653 1.17399 1.28113 1.35562 1.36765 1.30634 1.18831 1.072 0.97575 0.86918 0.78954 0.72479 0.65317 0.60103 0.57296 0.54374 0.51222 0.47957 0.44404 0.40508 0.36211 0.36211 0.36211 0.36211 0.36211 0.40508 0.47957 0.57296 0.70187 0.81016 0.86918 0.8497 0.65317 0.36211 0.0 0.0 0.0 0.0 0.0 0.0 0.0 0.0 0.0 0.0 0.0 0.0 0.0 0.0 0.0 0.0 0.0 0.0 0.0 0.18105 0.31398 0.57296 0.81016 1.05653 1.29374 1.52636 1.73721 1.94233 2.12739 2.29756 2.45627 2.58633 2.69176 2.77541 2.83385 2.86823 2.86823 2.84531 2.79317
0.83022 0.94137 1.072 1.17399 1.28113 1.31895 1.26853 1.14592 1.00898 0.88751 0.78954 0.67781 0.60103 0.51222 0.44404 0.40508 0.36211 0.31398 0.25611 0.18105 0.18105 0.0 0.0 0.0 0.0 0.0 0.0 0.25611 0.36211 0.47957 0.62739 0.74714 0.81016 0.76891 0.57296 0.31398 0.0 0.0 0.0 0.0 0.0 0.0 0.0 0.0 0.0 0.0 0.0 0.0 0.0 0.0 0.0 0.0 0.0 0.0 0.0 0.0 0.36211 0.57296 0.78954 1.02502 1.24217 1.46047 1.6696 1.85581 2.02541 2.18068 2.31933 2.42934 2.52216 2.58003 2.61784 2.62988 2.61154 2.56685
0.72479 0.83022 0.94137 1.05653 1.18831 1.24217 1.21524 1.0869 0.95856 0.81016 0.70187 0.57296 0.47957 0.40508 0.31398 0.25611 0.18105 0.0 0.0 0.0 0.0 0.0 0.0 0.0 0.0 0.0 0.0 0.0 0.25611 0.36211 0.51222 0.65317 0.76891 0.83022 0.74714 0.54374 0.25611 0.0 0.0 0.0 0.0 0.0 0.0 0.0 0.0 0.0 0.0 0.0 0.0 0.0 0.0 0.0 0.0 0.0 0.0 0.0 0.0 0.31398 0.54374 0.76891 0.99236 1.20207 1.40317 1.5997 1.77445 1.93373 2.07239 2.18813 2.27636 2.35428 2.39554 2.40929 2.40241 2.36116
0.60103 0.72479 0.83022 0.95856 1.072 1.14592 1.13159 1.02502 0.88751 0.72479 0.60103 0.47957 0.36211 0.25611 0.18105 0.0 0.0 0.0 0.0 0.0 0.0 0.0 0.0 0.0 0.0 0.0 0.0 0.0 0.18105 0.36211 0.51222 0.62739 0.76891 0.88751 0.88751 0.74714 0.47957 0.18105 0.0 0.0 0.0 0.0 0.0 0.0 0.0 0.0 0.0 0.0 0.0 0.0 0.0 0.0 0.0 0.0 0.0 0.0 0.0 0.0 0.31398 0.54374 0.74714 0.95856 1.17399 1.35562 1.53667 1.69882 1.83805 1.96754 2.06494 2.14286 2.18813 2.21047 2.20302 2.16578
0.47957 0.60103 0.70187 0.83022 0.95856 1.05653 1.05653 0.95856 0.81016 0.65317 0.47957 0.36211 0.25611 0.0 0.0 0.0 0.0 0.0 0.0 0.0 0.0 0.0 0.0 0.0 0.0 0.0 0.0 0.0 0.18105 0.31398 0.47957 0.65317 0.78954 0.92361 0.99236 0.92361 0.70187 0.40508 0.0 0.0 0.0 0.0 0.0 0.0 0.0 0.0 0.0 0.0 0.0 0.0 0.0 0.0 0.0 0.0 0.0 0.0 0.0 0.0 0.0 0.36211 0.54374 0.76891 0.95856 1.14592 1.31895 1.4937 1.64038 1.75612 1.86498 1.94233 2.00879 2.03343 2.03343 2.00077
0.36211 0.47957 0.60103 0.70187 0.83022 0.94137 0.95856 0.88751 0.72479 0.54374 0.40508 0.25611 0.0 0.0 0.0 0.0 0.0 0.0 0.0 0.0 0.0 0.0 0.0 0.0 0.0 0.0 0.0 0.0 0.18105 0.31398 0.51222 0.65317 0.81016 0.95856 1.0869 1.072 0.86918 0.60103 0.31398 0.0 0.0 0.0 0.0 0.0 0.0 0.0 0.0 0.0 0.0 0.0 0.0 0.0 0.0 0.0 0.0 0.0 0.0 0.0 0.0 0.18105 0.31398 0.57296 0.74714 0.95856 1.14592 1.30634 1.46047 1.58938 1.69882 1.78362 1.83805 1.87357 1.87357 1.86498
0.18105 0.36211 0.47957 0.57296 0.70187 0.83022 0.86918 0.78954 0.62739 0.44404 0.25611 0.0 0.0 0.0 0.0 0.0 0.0 0.0 0.0 0.0 0.0 0.0 0.0 0.0 0.0 0.0 0.0 0.0 0.18105 0.36211 0.51222 0.67781 0.8497 1.00898 1.16024 1.20207 1.04106 0.78954 0.47957 0.18105 0.0 0.0 0.0 0.0 0.0 0.0 0.0 0.0 0.0 0.0 0.0 0.0 0.0 0.0 0.0 0.0 0.0 0.0 0.0 0.0 0.25611 0.40508 0.60103 0.78954 0.97575 1.14592 1.30634 1.44901 1.55787 1.65012 1.7183 1.75612 1.76528 1.74695
0.0 0.18105 0.31398 0.44404 0.57296 0.70187 0.74714 0.70187 0.54374 0.36211 0.18105 0.0 0.0 0.0 0.0 0.0 0.0 0.0 0.0 0.0 0.0 0.0 0.0 0.0 0.0 0.0 0.0 0.0 0.18105 0.36211 0.54374 0.72479 0.90585 1.05653 1.21524 1.31895 1.21524 0.97575 0.65317 0.31398 0.0 0.0 0.0 0.0 0.0 0.0 0.0 0.0 0.0 0.0 0.0 0.0 0.0 0.0 0.0 0.0 0.0 0.0 0.0 0.0 0.18105 0.31398 0.51222 0.70187 0.8497 1.04106 1.18831 1.33155 1.44901 1.54756 1.61975 1.6696 1.67991 1.6696
0.0 0.0 0.18105 0.31398 0.44404 0.57296 0.62739 0.60103 0.44404 0.25611 0.0 0.0 0.0 0.0 0.0 0.0 0.0 0.0 0.0 0.0 0.0 0.0 0.0 0.0 0.0 0.0 0.0 0.0 0.25611 0.44404 0.60103 0.78954 0.95856 1.13159 1.29374 1.42609 1.35562 1.13159 0.81016 0.47957 0.0 0.0 0.0 0.0 0.0 0.0 0.0 0.0 0.0 0.0 0.0 0.0 0.0 0.0 0.0 0.0 0.0 0.0 0.0 0.0 0.0 0.25611 0.44404 0.62739 0.78954 0.97575 1.13159 1.25535 1.37968 1.4937 1.55787 1.61001 1.63006 1.61975
0.0 0.0 0.0 0.18105 0.31398 0.44404 0.51222 0.47957 0.36211 0.18105 0.0 0.0 0.0 0.0 0.0 0.0 0.0 0.0 0.0 0.0 0.0 0.0 0.0 0.0 0.0 0.0 0.0 0.18105 0.31398 0.47957 0.67781 0.8497 1.04106 1.20207 1.37968 1.52636 1.50459 1.26853 0.95856 0.62739 0.25611 0.0 0.0 0.0 0.0 0.0 0.0 0.0 0.0 0.0 0.0 0.0 0.0 0.0 0.0 0.0 0.0 0.0 0.0 0.0 0.0 0.25611 0.40508 0.60103 0.76891 0.94137 1.0869 1.24217 1.35562 1.46047 1.54756 1.58938 1.61975 1.61975
0.0 0.0 0.0 0.0 0.18105 0.31398 0.36211 0.36211 0.25611 0.0 0.0 0.0 0.0 0.0 0.0 0.0 0.0 0.0 0.0 0.0 0.0 0.0 0.0 0.0 0.0 0.0 0.0 0.18105 0.36211 0.57296 0.74714 0.94137 1.11669 1.29374 1.46047 1.61975 1.63006 1.39171 1.0869 0.74714 0.36211 0.0 0.0 0.0 0.0 0.0 0.0 0.0 0.0 0.0 0.0 0.0 0.0 0.0 0.0 0.0 0.0 0.0 0.0 0.0 0.0 0.18105 0.40508 0.60103 0.78954 0.95856 1.10237 1.25535 1.36765 1.47136 1.55787 1.61975 1.65012 1.65012
0.0 0.0 0.0 0.0 0.0 0.18105 0.25611 0.25611 0.18105 0.0 0.0 0.0 0.0 0.0 0.0 0.0 0.0 0.0 0.0 0.0 0.0 0.0 0.0 0.0 0.0 0.0 0.0 0.25611 0.47957 0.65317 0.8497 1.02502 1.21524 1.39171 1.56876 1.72804 1.74695 1.51547 1.20207 0.86918 0.44404 0.0 0.0 0.0 0.0 0.0 0.0 0.0 0.0 0.0 0.0 0.0 0.0 0.0 0.0 0.0 0.0 0.0 0.0 0.0 0.0 0.18105 0.40508 0.62739 0.81016 0.99236 1.14592 1.29374 1.41463 1.52636 1.61001 1.67991 1.70856 1.7183
0.0 0.0 0.0 0.0 0.0 0.0 0.0 0.0 0.0 0.0 0.0 0.0 0.0 0.0 0.0 0.0 0.0 0.0 0.0 0.0 0.0 0.0 0.0 0.0 0.0 0.0 0.18105 0.36211 0.57296 0.74714 0.94137 1.13159 1.31895 1.50459 1.6696 1.83805 1.84722 1.61001 1.30634 0.95856 0.54374 0.18105 0.0 0.0 0.0 0.0 0.0 0.0 0.0 0.0 0.0 0.0 0.0 0.0 0.0 0.0 0.0 0.0 0.0 0.0 0.0 0.25611 0.44404 0.65317 0.86918 1.04106 1.21524 1.36765 1.4937 1.61001 1.69882 1.75612 1.80195 1.81112
0.0 0.0 0.0 0.0 0.0 0.0 0.0 0.0 0.0 0.0 0.0 0.0 0.0 0.0 0.0 0.0 0.0 0.0 0.0 0.0 0.0 0.0 0.0 0.0 0.0 0.18105 0.31398 0.47957 0.67781 0.86918 1.05653 1.25535 1.43755 1.61975 1.78362 1.95092 1.94233 1.69882 1.37968 1.02502 0.62739 0.18105 0.0 0.0 0.0 0.0 0.0 0.0 0.0 0.0 0.0 0.0 0.0 0.0 0.0 0.0 0.0 0.0 0.0 0.0 0.0 0.25611 0.47957 0.70187 0.92361 1.11669 1.29374 1.46047 1.5997 1.70856 1.80195 1.87357 1.92571 1.94233
0.0 0.0 0.0 0.0 0.0 0.0 0.0 0.0 0.0 0.0 0.0 0.0 0.0 0.0 0.0 0.0 0.0 0.0 0.0 0.0 0.0 0.0 0.0 0.0 0.0 0.25611 0.44404 0.62739 0.81016 0.99236 1.18831 1.37968 1.55787 1.73721 1.90852 2.06494 2.03343 1.76528 1.44901 1.072 0.67781 0.25611 0.0 0.0 0.0 0.0 0.0 0.0 0.0 0.0 0.0 0.0 0.0 0.0 0.0 0.0 0.0 0.0 0.0 0.0 0.0 0.31398 0.54374 0.78954 1.00898 1.20207 1.39171 1.55787 1.70856 1.83805 1.93373 2.00879 2.05692 2.08041
0.0 0.0 0.0 0.0 0.0 0.0 0.0 0.0 0.0 0.0 0.0 0.0 0.0 0.0 0.0 0.0 0.0 0.0 0.0 0.0 0.0 0.0 0.0 0.0 0.25611 0.40508 0.57296 0.74714 0.94137 1.13159 1.31895 1.50459 1.68965 1.86498 2.03343 2.19557 2.09645 1.82029 1.4937 1.11669 0.72479 0.31398 0.0 0.0 0.0 0.0 0.0 0.0 0.0 0.0 0.0 0.0 0.0 0.0 0.0 0.0 0.0 0.0 0.0 0.0 0.0 0.36211 0.62739 0.86918 1.10237 1.30634 1.50459 1.67991 1.83805 1.96754 2.08041 2.15776 2.21047 2.24026
0.0 0.0 0.0 0.0 0.0 0.0 0.0 0.0 0.0 0.0 0.0 0.0 0.0 0.0 0.0 0.0 0.0 0.0 0.0 0.0 0.0 0.0 0.0 0.18105 0.36211 0.54374 0.72479 0.90585 1.0869 1.26853 1.46047 1.65012 1.82945 2.00077 2.16578 2.29756 2.13484 1.84722 1.51547 1.13159 0.74714 0.36211 0.0 0.0 0.0 0.0 0.0 0.0 0.0 0.0 0.0 0.0 0.0 0.0 0.0 0.0 0.0 0.0 0.0 0.0 0.18105 0.44404 0.72479 0.95856 1.20207 1.42609 1.63006 1.81112 1.97613 2.11937 2.23282 2.31933 2.37491 2.40929
0.0 0.0 0.0 0.0 0.0 0.0 0.0 0.0 0.0 0.0 0.0 0.0 0.0 0.0 0.0 0.0 0.0 0.0 0.0 0.0 0.0 0.0 0.25611 0.36211 0.54374 0.70187 0.86918 1.05653 1.24217 1.42609 1.61001 1.79278 1.96754 2.13484 2.30501 2.38179 2.15776 1.86498 1.50459 1.13159 0.74714 0.36211 0.0 0.0 0.0 0.0 0.0 0.0 0.0 0.0 0.0 0.0 0.0 0.0 0.0 0.0 0.0 0.0 0.0 0.0 0.25611 0.54374 0.83022 1.0869 1.31895 1.55787 1.76528 1.95952 2.12739 2.26891 2.38866 2.48263 2.54794 2.58633
0.0 0.0 0.0 0.0 0.0 0.0 0.0 0.0 0.0 0.0 0.0 0.0 0.0 0.0 0.0 0.0 0.0 0.0 0.0 0.0 0.0 0.25611 0.40508 0.54374 0.70187 0.86918 1.04106 1.21524 1.39171 1.57907 1.75612 1.93373 2.1039 2.27636 2.44252 2.41559 2.15776 1.84722 1.48224 1.11669 0.72479 0.31398 0.0 0.0 0.0 0.0 0.0 0.0 0.0 0.0 0.0 0.0 0.0 0.0 0.0 0.0 0.0 0.0 0.0 0.0 0.36211 0.65317 0.94137 1.20207 1.46047 1.68965 1.90852 2.11192 2.28324 2.43564 2.56055 2.65509 2.72728 2.76338
0.0 0.0 0.0 0.0 0.0 0.0 0.0 0.0 0.0 0.0 0.0 0.0 0.0 0.0 0.0 0.0 0.0 0.0 0.0 0.18105 0.31398 0.40508 0.54374 0.70187 0.86918 1.02502 1.20207 1.37968 1.55787 1.73721 1.91712 2.08843 2.25459 2.42934 2.54107 2.41559 2.14286 1.81112 1.44901 1.0869 0.70187 0.31398 0.0 0.0 0.0 0.0 0.0 0.0 0.0 0.0 0.0 0.0 0.0 0.0 0.0 0.0 0.0 0.0 0.0 0.18105 0.51222 0.78954 1.072 1.34359 1.5997 1.84722 2.06494 2.26891 2.44939 2.60524 2.73358 2.83385 2.90776 2.95245
0.0 0.0 0.0 0.0 0.0 0.0 0.0 0.0 0.0 0.0 0.0 0.0 0.0 0.0 0.0 0.0 0.0 0.0 0.18105 0.36211 0.47957 0.60103 0.72479 0.88751 1.04106 1.20207 1.36765 1.54756 1.7183 1.89993 2.06494 2.23282 2.40929 2.57315 2.59263 2.38179 2.09645 1.74695 1.40317 1.04106 0.65317 0.25611 0.0 0.0 0.0 0.0 0.0 0.0 0.0 0.0 0.0 0.0 0.0 0.0 0.0 0.0 0.0 0.0 0.0 0.31398 0.62739 0.92361 1.21524 1.4937 1.75612 2.00077 2.23282 2.43564 2.62415 2.78114 2.91349 3.01834 3.0934 3.13007
0.0 0.0 0.0 0.0 0.0 0.0 0.0 0.0 0.0 0.0 0.0 0.0 0.0 0.0 0.0 0.0 0.0 0.25611 0.36211 0.51222 0.62739 0.76891 0.90585 1.05653 1.21524 1.37968 1.54756 1.7183 1.89133 2.05692 2.22537 2.39554 2.56685 2.67342 2.58003 2.32621 2.02541 1.67991 1.33155 0.97575 0.57296 0.18105 0.0 0.0 0.0 0.0 0.0 0.0 0.0 0.0 0.0 0.0 0.0 0.0 0.0 0.0 0.0 0.0 0.18105 0.44404 0.76891 1.05653 1.35562 1.64038 1.91712 2.16578 2.40241 2.61154 2.79317 2.95245 3.08251 3.18679 3.25268 3.26815
0.0 0.0 0.0 0.0 0.0 0.0 0.0 0.0 0.0 0.0 0.0 0.0 0.0 0.0 0.0 0.0 0.25611 0.36211 0.51222 0.65317 0.78954 0.94137 1.0869 1.24217 1.39171 1.55787 1.7183 1.88217 2.0489 2.21792 2.38866 2.56055 2.69806 2.69806 2.51528 2.23282 1.92571 1.58938 1.25535 0.88751 0.47957 0.0 0.0 0.0 0.0 0.0 0.0 0.0 0.0 0.0 0.0 0.0 0.0 0.0 0.0 0.0 0.0 0.0 0.25611 0.60103 0.90585 1.21524 1.51547 1.80195 2.08041 2.33308 2.56685 2.77541 2.95245 3.10887 3.23778 3.32717 3.37587 3.35639
0.0 0.0 0.0 0.0 0.0 0.0 0.0 0.0 0.0 0.0 0.0 0.0 0.0 0.0 0.18105 0.25611 0.36211 0.51222 0.62739 0.78954 0.94137 1.10237 1.26853 1.41463 1.56876 1.72804 1.89133 2.0489 2.21792 2.38179 2.55425 2.70952 2.76911 2.66139 2.41559 2.12739 1.81112 1.4937 1.14592 0.78954 0.40508 0.0 0.0 0.0 0.0 0.0 0.0 0.0 0.0 0.0 0.0 0.0 0.0 0.0 0.0 0.0 0.0 0.0 0.40508 0.74714 1.05653 1.37968 1.67991 1.97613 2.24714 2.4958 2.72155 2.92495 3.09856 3.2481 3.35639 3.43832 3.45264 3.3518
0.0 0.0 0.0 0.0 0.0 0.0 0.0 0.0 0.0 0.0 0.0 0.0 0.0 0.18105 0.25611 0.36211 0.51222 0.62739 0.76891 0.92361 1.0869 1.25535 1.42609 1.58938 1.74695 1.89993 2.06494 2.23282 2.39554 2.56685 2.72155 2.7989 2.75134 2.56055 2.29069 1.99275 1.69882 1.37968 1.02502 0.67781 0.31398 0.0 0.0 0.0 0.0 0.0 0.0 0.0 0.0 0.0 0.0 0.0 0.0 0.0 0.0 0.0 0.0 0.25611 0.57296 0.88751 1.21524 1.53667 1.84722 2.13484 2.39554 2.64248 2.85677 3.05616 3.22747 3.36613 3.47671 3.51796 3.45264 3.2882
0.0 0.0 0.0 0.0 0.0 0.0 0.0 0.0 0.0 0.0 0.0 0.0 0.18105 0.25611 0.36211 0.51222 0.62739 0.76891 0.90585 1.072 1.22899 1.39171 1.56876 1.73721 1.90852 2.08041 2.24026 2.40929 2.58003 2.72728 2.81609 2.80463 2.66139 2.42247 2.14286 1.86498 1.55787 1.24217 0.90585 0.54374 0.18105 0.0 0.0 0.0 0.0 0.0 0.0 0.0 0.0 0.0 0.0 0.0 0.0 0.0 0.0 0.0 0.0 0.36211 0.72479 1.05653 1.39171 1.70856 2.00077 2.28324 2.53477 2.77541 2.99084 3.18679 3.3518 3.4853 3.56437 3.53228 3.38102 3.17648
