data/slope_4cell_max.txt
ncols	401
nrows	401
xllcorner	0.0
yllcorner	0.0
cellsize	10.0
NODATA_value	-9999.0
[rows 90 to 119 of 401, columns 67 to 133 of 401]
7.60544 7.7017 7.78249 7.85411 7.91713 7.96755 8.00537 8.03344 8.04948 8.05579 8.04948 8.03115 8.00365 7.96182 7.90739 7.84207 7.76415 7.67477 7.57221 7.45647 7.3287 7.18718 7.03306 6.86346 6.68584 6.58329 6.55406 6.58099 6.60105 6.62511 6.65433 6.68355 6.70934 6.73397 6.75002 6.76491 6.77179 6.77179 6.76205 6.74314 6.71449 6.67324 6.61766 6.55177 6.46984 6.37702 6.26415 6.13695 5.99543 5.83729 5.66254 5.72213 5.99027 6.24925 6.47729 6.6784 6.84742 6.98206 7.08577 7.15567 7.19349 7.19119 7.15796 7.08978 6.98722 6.85258 6.68355
7.56763 7.67878 7.77848 7.86671 7.94291 8.00938 8.06324 8.10678 8.13829 8.15605 8.16178 8.15605 8.13829 8.10506 8.06094 8.00136 7.92916 7.84207 7.74123 7.62492 7.49543 7.34818 7.19119 7.01701 6.82622 6.6274 6.54662 6.56896 6.58844 6.60563 6.61251 6.62511 6.6423 6.65892 6.66866 6.67324 6.67095 6.6635 6.64459 6.61995 6.58329 6.53688 6.47729 6.40452 6.32087 6.2206 6.10487 5.97652 5.83156 5.70781 5.60754 5.83443 6.12091 6.38218 6.61766 6.82106 6.99639 7.13734 7.24448 7.31724 7.35678 7.36136 7.331 7.26682 7.16885 7.03535 6.87091
7.50174 7.62664 7.74352 7.84838 7.93948 8.0237 8.09303 8.15376 8.19731 8.23168 8.25346 8.25919 8.25174 8.22997 8.1933 8.1423 8.07527 7.99162 7.89307 7.77848 7.64784 7.50174 7.33902 7.16025 6.96659 6.75517 6.54891 6.54891 6.56896 6.58329 6.59073 6.59589 6.5936 6.58329 6.58329 6.58099 6.57125 6.55636 6.53172 6.49963 6.45494 6.40223 6.33921 6.25899 6.17076 6.06762 5.98454 5.90548 5.82297 5.73588 5.64478 5.94959 6.24123 6.50708 6.74543 6.95456 7.13275 7.28 7.38944 7.46736 7.51205 7.52064 7.49314 7.43298 7.3373 7.20896 7.04681
7.40491 7.54643 7.67706 7.7991 7.9114 8.00938 8.09704 8.17152 8.23398 8.2821 8.31648 8.33768 8.34341 8.33253 8.3056 8.26893 8.2145 8.13657 8.03745 7.91885 7.7928 7.64555 7.47996 7.29776 7.09666 6.88294 6.64975 6.51739 6.53688 6.55636 6.56438 6.56896 6.56438 6.55406 6.54146 6.51969 6.49448 6.46239 6.42744 6.38733 6.3415 6.2928 6.23894 6.18164 6.11804 6.05215 5.98225 5.91121 5.83443 5.75307 5.73588 6.05445 6.34895 6.62225 6.86346 7.07889 7.26052 7.40892 7.52752 7.60773 7.65586 7.66847 7.64555 7.58883 7.49773 7.37225 7.21354
7.27771 7.43527 7.58424 7.7229 7.85239 7.96755 8.07298 8.16579 8.25174 8.34341 8.41446 8.4666 8.49868 8.51415 8.50441 8.47634 8.42936 8.35544 8.25518 8.13027 7.98359 7.81801 7.62664 7.44329 7.23989 7.01701 6.77465 6.53172 6.49963 6.51739 6.52656 6.52943 6.52656 6.51739 6.50193 6.48187 6.45723 6.42744 6.39192 6.3541 6.31056 6.26415 6.21258 6.15758 6.09971 6.04127 5.97366 5.90834 5.83729 5.76453 5.82583 6.14726 6.44692 6.72194 6.97118 7.19119 7.37855 7.53382 7.65414 7.73894 7.79108 7.80712 7.78707 7.73264 7.64784 7.52523 7.36996
7.11957 7.29547 7.46335 7.64097 7.81801 7.9813 8.13256 8.26664 8.38753 8.50269 8.60525 8.68432 8.74104 8.77141 8.77542 8.75193 8.7101 8.63848 8.54051 8.41274 8.25689 8.07298 7.86041 7.62263 7.38084 7.15109 6.90357 6.63714 6.46984 6.47729 6.48187 6.48474 6.48015 6.4727 6.45723 6.43947 6.41197 6.38447 6.34895 6.31285 6.27217 6.22576 6.17878 6.12893 6.07335 6.01663 5.95762 5.89745 5.83156 5.76453 5.90261 6.23092 6.53688 6.81705 7.06973 7.29318 7.48455 7.64326 7.76816 7.85812 7.91484 7.93547 7.91885 7.86843 7.78249 7.66675 7.51434
7.03306 7.2651 7.49085 7.70571 7.92744 8.14058 8.33023 8.50441 8.65682 8.78459 8.89803 8.99028 9.05503 9.09341 9.10258 9.0831 9.03268 8.95476 8.8459 8.70839 8.54223 8.34341 8.12053 7.86843 7.59112 7.28917 7.02389 6.74772 6.55177 6.44463 6.44463 6.43489 6.42973 6.42228 6.40681 6.38733 6.36155 6.33405 6.30024 6.26415 6.22576 6.18164 6.13695 6.0894 6.04127 5.98741 5.93011 5.87568 5.81724 5.7588 5.97079 6.3054 6.6148 6.89898 7.15796 7.38485 7.58023 7.74352 7.87301 7.96755 8.02599 8.05178 8.03917 7.99162 7.9114 7.79452 7.64555
7.12817 7.40892 7.68336 7.94291 8.18356 8.4179 8.63104 8.82069 8.99028 9.13237 9.24754 9.33807 9.3988 9.43089 9.43432 9.40739 9.35182 9.26358 9.14613 8.99773 8.81897 8.6127 8.37607 8.11079 7.81973 7.50174 7.16426 6.86862 6.63485 6.44463 6.41713 6.39707 6.37931 6.36384 6.34895 6.33118 6.30254 6.27733 6.24409 6.20742 6.17076 6.12893 6.0894 6.04413 5.9983 5.94673 5.89975 5.84761 5.79776 5.74161 6.03038 6.369 6.68584 6.97347 7.23531 7.46736 7.66675 7.83577 7.96755 8.06725 8.13027 8.15605 8.14803 8.10506 8.02599 7.9114 7.76587
7.36595 7.67477 7.97213 8.24945 8.50842 8.7462 8.96335 9.15644 9.32489 9.46584 9.58215 9.66752 9.72653 9.75231 9.7506 9.71794 9.65319 9.55579 9.43089 9.27332 9.0831 8.86538 8.61843 8.34169 8.03917 7.708 7.35449 7.00785 6.72423 6.50708 6.39937 6.37416 6.33921 6.31056 6.28764 6.26701 6.24123 6.21487 6.18393 6.14726 6.11002 6.07335 6.03038 5.99027 5.94673 5.90261 5.85907 5.81438 5.76739 5.71926 6.08137 6.42515 6.74314 7.03764 7.30235 7.54012 7.74524 7.91484 8.05349 8.15605 8.22023 8.25174 8.24544 8.20476 8.13027 8.01969 7.87473
7.63695 7.95953 8.26262 8.5491 8.81381 9.05732 9.27848 9.47271 9.64116 9.78268 9.8967 9.98092 10.03478 10.0577 10.04853 10.009 9.93681 9.83425 9.69846 9.53287 9.33291 9.1043 8.84761 8.55884 8.24372 7.90338 7.53841 7.15567 6.82622 6.57354 6.38218 6.3541 6.31571 6.27217 6.22805 6.19711 6.17362 6.14497 6.11289 6.08137 6.04413 6.00861 5.9685 5.93011 5.8923 5.84761 5.80865 5.76969 5.72786 5.7588 6.12606 6.4727 6.79528 7.09207 7.36595 7.60372 7.81343 7.98589 8.12855 8.23168 8.30388 8.33596 8.33253 8.29586 8.22252 8.1148 7.97213
7.89077 8.22252 8.53478 8.82584 9.09914 9.34666 9.57069 9.76664 9.93681 10.07833 10.19005 10.27141 10.32298 10.34132 10.32642 10.2823 10.20209 10.09265 9.94884 9.7718 9.56553 9.32661 9.05904 8.7611 8.43508 8.08329 7.708 7.30636 6.92706 6.63256 6.40452 6.32889 6.28764 6.24123 6.18909 6.13409 6.09971 6.07049 6.04127 6.00861 5.97366 5.93871 5.89975 5.86422 5.82583 5.78917 5.75307 5.71926 5.68489 5.78687 6.15758 6.50995 6.84054 7.14192 7.41522 7.66045 7.87072 8.04777 8.1933 8.30159 8.37206 8.40873 8.41045 8.37435 8.30159 8.19502 8.05579
8.12225 8.46144 8.78287 9.0831 9.35984 9.61366 9.84055 10.03879 10.21011 10.35106 10.46221 10.54013 10.58769 10.60258 10.58482 10.53268 10.44731 10.32814 10.17802 9.99353 9.7781 9.52943 9.2527 8.94616 8.61098 8.24773 7.86041 7.44788 7.03993 6.6996 6.44234 6.30024 6.25899 6.20972 6.15471 6.09169 6.03325 5.99543 5.96564 5.93011 5.89745 5.86422 5.8287 5.79203 5.7588 5.72499 5.69348 5.65968 5.63046 5.80865 6.1868 6.54146 6.87549 7.18031 7.45876 7.70571 7.92114 8.10277 8.24945 8.35945 8.43337 8.47233 8.47462 8.44081 8.37034 8.26492 8.12855
8.33253 8.6826 9.01148 9.31572 9.59876 9.85487 10.08635 10.28688 10.45934 10.59972 10.70801 10.78708 10.83062 10.83922 10.81744 10.75957 10.66905 10.543 10.38429 10.19349 9.96832 9.71335 9.42573 9.11117 8.76625 8.39326 7.99563 7.57565 7.13963 6.76491 6.48015 6.28535 6.23092 6.17591 6.11518 6.05215 5.98454 5.91636 5.88657 5.85334 5.81724 5.78401 5.74734 5.7164 5.68489 5.65337 5.62473 5.59608 5.56972 5.8287 6.20972 6.56667 6.90586 7.21583 7.49543 7.74754 7.96354 8.14803 8.29586 8.40644 8.48608 8.52504 8.52905 8.49696 8.42764 8.3245 8.18528
8.51816 8.87626 9.21316 9.526 9.81362 10.07489 10.30636 10.51034 10.68223 10.82317 10.93089 11.00652 11.04663 11.0535 11.02485 10.9624 10.86614 10.73322 10.56993 10.37054 10.13734 9.87435 9.58043 9.25613 8.90319 8.52103 8.1148 7.68508 7.23531 6.81705 6.50995 6.2905 6.19711 6.14211 6.07851 6.01147 5.93871 5.86422 5.80349 5.76969 5.73588 5.70208 5.66827 5.63619 5.60754 5.57832 5.55253 5.52618 5.50498 5.83959 6.22289 6.59073 6.92935 7.24219 7.52523 7.77848 7.99792 8.18356 8.33424 8.44998 8.52676 8.56858 8.57317 8.54223 8.47233 8.37206 8.23398
8.6826 9.04815 9.39078 9.71163 10.0027 10.2674 10.50289 10.70686 10.87932 11.01912 11.12627 11.19903 11.23685 11.24086 11.20763 11.13887 11.03746 10.9011 10.72863 10.52237 10.28402 10.01244 9.70992 9.37703 9.01664 8.62932 8.2145 7.77676 7.31724 6.87549 6.53172 6.30024 6.16273 6.10257 6.0384 5.96564 5.8923 5.81151 5.73302 5.68489 5.65051 5.61613 5.58462 5.55253 5.52618 5.49925 5.47289 5.45227 5.44596 5.84761 6.23894 6.60563 6.94998 7.26281 7.55044 7.8054 8.02599 8.2145 8.36461 8.48035 8.56056 8.60296 8.60697 8.57718 8.50842 8.40644 8.26893
8.82069 9.19425 9.54433 9.86805 10.16484 10.43242 10.67019 10.87703 11.04892 11.18929 11.29472 11.36347 11.40014 11.39728 11.36347 11.29071 11.18356 11.03918 10.86271 10.64957 10.40377 10.12703 9.8182 9.47729 9.10946 8.71354 8.29185 7.84838 7.38313 6.92248 6.55177 6.3054 6.15471 6.06476 5.99543 5.92209 5.84245 5.76166 5.67916 5.60467 5.56399 5.52904 5.49925 5.46716 5.4368 5.41674 5.39554 5.37377 5.44883 5.8562 6.24925 6.61766 6.96201 7.28 7.56992 7.82546 8.04948 8.2357 8.38925 8.50441 8.58463 8.62703 8.63276 8.60124 8.53478 8.43107 8.29356
8.937 9.31744 9.67095 10.00155 10.30235 10.57164 10.81171 11.01912 11.19101 11.33024 11.43452 11.50213 11.53479 11.53078 11.4901 11.41389 11.30159 11.15262 10.96985 10.75213 10.50002 10.21469 9.90014 9.55464 9.17936 8.77886 8.35143 7.8988 7.42668 6.95456 6.56667 6.3054 6.14726 6.02522 5.95189 5.87568 5.7949 5.71067 5.62473 5.53764 5.4792 5.4431 5.40758 5.38007 5.35314 5.32851 5.31017 5.29241 5.44883 5.86136 6.25383 6.6274 6.97519 7.29547 7.58424 7.84207 8.06324 8.25346 8.40644 8.52332 8.60124 8.64364 8.64937 8.61671 8.5491 8.44597 8.30732
9.02867 9.41542 9.77351 10.10812 10.41122 10.68337 10.92401 11.132 11.3056 11.44426 11.54567 11.61271 11.64193 11.63391 11.59094 11.509 11.39212 11.23857 11.05006 10.82604 10.56821 10.28058 9.95858 9.60678 9.22519 8.81897 8.38581 7.92916 7.45246 6.96889 6.56667 6.3054 6.14211 5.99027 5.91121 5.83156 5.74734 5.65968 5.56972 5.48206 5.40127 5.35945 5.32278 5.29241 5.26434 5.24256 5.22423 5.21162 5.44596 5.86422 6.25899 6.63714 6.98722 7.30407 7.59513 7.85239 8.07527 8.26492 8.4179 8.53249 8.61098 8.65281 8.65682 8.62359 8.55483 8.44998 8.30903
9.09513 9.48589 9.85201 10.18834 10.49372 10.76817 11.0111 11.21851 11.39212 11.52791 11.63047 11.69407 11.72042 11.71011 11.66198 11.57661 11.45457 11.29701 11.1045 10.87703 10.61748 10.3247 10.00155 9.6446 9.25785 8.84188 8.403 7.93776 7.45647 6.96659 6.55922 6.30254 6.13122 5.96277 5.87282 5.78687 5.69635 5.60754 5.51701 5.42247 5.33481 5.27064 5.23397 5.20246 5.17725 5.15547 5.13657 5.12396 5.44883 5.86995 6.26701 6.64459 6.9941 7.31323 7.60372 7.86041 8.08329 8.27065 8.42363 8.53822 8.61671 8.65281 8.65854 8.6213 8.5514 8.44425 8.30388
9.2527 9.63658 9.99525 10.32642 10.62894 10.90224 11.1446 11.35259 11.52677 11.66485 11.76626 11.83215 11.85851 11.84819 11.79949 11.7124 11.58864 11.42592 11.22825 10.99391 10.72291 10.41866 10.08119 9.71335 9.314 8.88887 8.4368 7.95953 7.46507 6.96201 6.54146 6.30024 6.12091 5.94157 5.83443 5.74161 5.64765 5.5554 5.46086 5.36804 5.27694 5.19272 5.15261 5.12052 5.09245 5.06953 5.05005 5.03744 5.45227 5.87282 6.27446 6.65204 7.00097 7.31954 7.60945 7.86671 8.08902 8.27466 8.42534 8.5365 8.6127 8.65109 8.65109 8.6127 8.54051 8.42936 8.28612
9.52084 9.90014 10.25423 10.58196 10.87932 11.14632 11.38009 11.5789 11.74392 11.87283 11.96508 12.02065 12.03555 12.0155 11.95476 11.85622 11.71928 11.54682 11.33597 11.08845 10.80598 10.48971 10.1425 9.76034 9.3501 8.91179 8.44998 7.96354 7.45647 6.94769 6.52484 6.3054 6.11804 5.93011 5.79776 5.70208 5.60467 5.50498 5.40758 5.31017 5.21506 5.12396 5.06953 5.03401 5.00536 4.98244 4.96239 5.01854 5.458 5.88084 6.28248 6.65892 7.00785 7.32641 7.61404 7.87072 8.09074 8.27294 8.41961 8.53249 8.60525 8.63848 8.63677 8.5978 8.51931 8.40873 8.25919
9.7718 10.14823 10.49544 10.81744 11.10965 11.36748 11.5938 11.78517 11.94159 12.06076 12.14327 12.18509 12.19197 12.15759 12.08597 11.97539 11.82871 11.64193 11.41848 11.16007 10.86614 10.53727 10.1763 9.78612 9.36328 8.9158 8.44253 7.94521 7.43069 6.91789 6.50708 6.31056 6.12091 5.93011 5.78917 5.67114 5.56113 5.458 5.35601 5.25517 5.15891 5.06667 4.99218 4.95265 4.92343 4.89994 4.87988 5.02427 5.46716 5.8923 6.2905 6.66866 7.01701 7.33329 7.61805 7.87072 8.08902 8.27065 8.41446 8.52103 8.59265 8.62359 8.61843 8.57317 8.49295 8.37836 8.22653
10.0027 10.37455 10.71718 11.03173 11.31534 11.56573 11.78345 11.96622 12.1129 12.22119 12.29281 12.3249 12.31859 12.27505 12.19197 12.06936 11.90893 11.71126 11.47692 11.20648 10.89938 10.56076 10.18834 9.78612 9.35468 8.89574 8.41446 7.90911 7.38485 6.8732 6.50708 6.31285 6.1232 5.93011 5.78687 5.66827 5.53764 5.41331 5.30731 5.20532 5.10104 5.0088 4.92343 4.87644 4.84321 4.81628 4.79909 5.04031 5.48206 5.90261 6.3054 6.6784 7.02618 7.34131 7.62492 7.87301 8.08558 8.26262 8.40472 8.50842 8.57317 8.60296 8.59265 8.54567 8.46144 8.3394 8.18528
10.21469 10.57852 10.91542 11.22138 11.49812 11.73991 11.94961 12.12092 12.25786 12.35641 12.416 12.43834 12.42115 12.36558 12.26989 12.13525 11.96393 11.7548 11.50786 11.22539 10.90969 10.55847 10.1763 9.76377 9.3226 8.85506 8.36232 7.85067 7.31724 6.81476 6.50479 6.31801 6.12893 5.93298 5.78917 5.66827 5.53764 5.39554 5.26147 5.15547 5.05005 4.95265 4.86384 4.80253 4.7693 4.73836 4.7206 5.05979 5.50211 5.92496 6.32087 6.69558 7.03764 7.34818 7.62893 7.87301 8.08329 8.25689 8.39326 8.49181 8.55483 8.57718 8.56285 8.51243 8.42363 8.29987 8.13829
10.4009 10.75614 11.08731 11.38524 11.65282 11.88601 12.08483 12.24812 12.37245 12.46069 12.51111 12.52085 12.49277 12.42516 12.31859 12.17249 11.988 11.76798 11.51015 11.21737 10.88964 10.52982 10.13734 9.71507 9.2653 8.78975 8.28783 7.76816 7.22958 6.74543 6.50708 6.32087 6.12893 5.93584 5.7949 5.674 5.54394 5.40127 5.246 5.11078 5.00536 4.90337 4.80941 4.7418 4.69711 4.66903 4.6444 5.08901 5.52618 5.94673 6.3415 6.7122 7.05082 7.35907 7.63524 7.87473 8.07928 8.24773 8.38008 8.47462 8.53249 8.5491 8.53077 8.47462 8.38008 8.24945 8.08329
10.55904 10.90969 11.23112 11.52161 11.77829 12.00404 12.19197 12.3438 12.45954 12.53689 12.57413 12.57241 12.53345 12.45438 12.33635 12.17879 11.9857 11.75308 11.48437 11.18242 10.84495 10.4731 10.07203 9.64116 9.18222 8.69693 8.1933 7.66446 7.12187 6.72423 6.50479 6.32087 6.12893 5.94157 5.80865 5.68775 5.55253 5.40758 5.25173 5.08557 4.95952 4.85696 4.75899 4.67935 4.63752 4.60257 4.66903 5.12396 5.56113 5.97652 6.369 6.73397 7.06743 7.36996 7.63925 7.87702 8.07756 8.23971 8.36633 8.45399 8.5067 8.51816 8.49295 8.43337 8.33424 8.19731 8.02771
10.69082 11.03173 11.34571 11.62589 11.8757 12.08998 12.26645 12.40855 12.51397 12.577 12.60564 12.59361 12.54205 12.45209 12.32375 12.15473 11.95075 11.70725 11.43051 11.11538 10.76931 10.38887 9.97921 9.53917 9.07451 8.58291 8.06896 7.53611 7.01931 6.6996 6.50708 6.32603 6.12893 5.94444 5.82297 5.69921 5.56686 5.41961 5.26434 5.09245 4.92343 4.81628 4.71372 4.63408 4.5808 4.54184 4.71029 5.16521 5.60181 6.01434 6.39937 6.75976 7.08978 7.38485 7.64956 7.87874 8.07298 8.22997 8.35143 8.43508 8.47806 8.48608 8.45571 8.38753 8.2821 8.1423 7.96583
10.78994 11.1234 11.42592 11.69865 11.93643 12.14212 12.31 12.44063 12.53345 12.58846 12.6045 12.58215 12.5197 12.41829 12.27734 12.09858 11.88314 11.63104 11.34113 11.01912 10.66446 10.276 9.85659 9.41083 8.937 8.44081 7.92343 7.38485 6.92935 6.68355 6.50193 6.32087 6.12893 5.95475 5.84474 5.71926 5.58462 5.4368 5.27694 5.10448 4.92343 4.78305 4.67935 4.59168 4.53095 4.49142 4.76586 5.21793 5.64765 6.05445 6.43718 6.7907 7.1127 7.40261 7.66045 7.88333 8.07126 8.22252 8.33596 8.41045 8.44998 8.44998 8.41446 8.3394 8.22997 8.08329 7.90109
10.86099 11.18356 11.47806 11.73876 11.96909 12.16103 12.31859 12.43949 12.52085 12.56439 12.57012 12.53574 12.46183 12.35011 12.19884 12.01034 11.78517 11.52218 11.22424 10.89422 10.5281 10.13276 9.7082 9.25441 8.77714 8.27466 7.75384 7.225 6.87549 6.67095 6.49734 6.31285 6.1232 5.97652 5.86709 5.73875 5.60467 5.45513 5.29241 5.12052 4.93317 4.75211 4.64783 4.56304 4.49142 4.44386 4.83003 5.27694 5.70208 6.10257 6.47729 6.82393 7.13963 7.4221 7.67248 7.88848 8.06896 8.21278 8.31877 8.38925 8.42133 8.41446 8.37206 8.29185 8.17553 8.02198 7.83405
10.89651 11.21164 11.49525 11.74678 11.96393 12.14728 12.29396 12.40224 12.47386 12.50652 12.50022 12.45553 12.3713 12.24812 12.08826 11.8883 11.65282 11.38238 11.07585 10.73494 10.36423 9.96202 9.52943 9.07279 8.58864 8.08329 7.55903 7.09436 6.82851 6.65605 6.48474 6.30024 6.12091 6.00574 5.8923 5.76453 5.62473 5.47289 5.31017 5.13657 4.94921 4.75555 4.6232 4.54184 4.46563 4.45475 4.90681 5.34398 5.76166 6.15471 6.52484 6.86117 7.16885 7.44788 7.68737 7.89708 8.06725 8.20476 8.30388 8.36461 8.38925 8.37836 8.32851 8.24142 8.11824 7.95781 7.76415
