data/slope_4cell_modal.txt
ncols	401
nrows	401
xllcorner	0.0
yllcorner	0.0
cellsize	10.0
NODATA_value	-9999.0
[rows 30 to 59 of 401, columns 0 to 66 of 401]
-9999.0 0.54374 0.54374 0.60103 0.67781 0.78954 0.92361 1.04106 1.18831 1.33155 1.47136 1.61975 1.77445 1.90852 2.0489 2.18068 2.31188 2.42934 2.54794 2.65509 2.75134 2.84531 2.92495 2.99657 3.06647 3.11976 3.16616 3.20226 3.23263 3.25268 3.26299 3.26815 3.26299 3.25268 3.23263 3.20742 3.17648 3.14038 3.09856 3.05616 3.00746 2.95245 2.89687 2.83958 2.78114 2.71525 2.65509 2.59263 2.53477 2.47575 2.40929 2.35428 2.29756 2.24714 2.18813 2.14286 2.09645 2.0489 2.02541 1.98415 1.95952 1.94233 1.92571 1.92571 1.92571 1.93373 1.94233
-9999.0 0.36211 0.36211 0.44404 0.54374 0.67781 0.83022 0.95856 1.11669 1.28113 1.43755 1.5997 1.73721 1.89133 2.03343 2.17323 2.29756 2.42247 2.54107 2.65509 2.75765 2.84531 2.93068 3.00746 3.0722 3.13007 3.18163 3.22231 3.2481 3.27273 3.28305 3.2882 3.28305 3.27273 3.25784 3.23778 3.20742 3.17132 3.13007 3.08251 3.03954 2.98511 2.93068 2.87396 2.81609 2.75765 2.69806 2.63618 2.58003 2.51528 2.45627 2.39554 2.33308 2.28324 2.23282 2.18068 2.13484 2.08843 2.0489 2.00879 1.97613 1.95092 1.93373 1.90852 1.90852 1.89133 1.89993
-9999.0 0.18105 0.18105 0.31398 0.44404 0.62739 0.76891 0.94137 1.0869 1.25535 1.41463 1.57907 1.73721 1.88217 2.03343 2.17323 2.30501 2.43564 2.55425 2.66712 2.76911 2.8625 2.94672 3.0235 3.08767 3.15069 3.20226 3.23778 3.26815 3.29279 3.3031 3.30769 3.3031 3.29279 3.28305 3.25784 3.22747 3.19195 3.15069 3.1146 3.06131 3.01261 2.96334 2.9026 2.84531 2.78687 2.73358 2.66712 2.61154 2.54794 2.48893 2.42934 2.38179 2.31933 2.26891 2.21047 2.16578 2.11192 2.07239 2.03343 1.99275 1.95092 1.92571 1.89993 1.87357 1.86498 1.85581
-9999.0 0.0 0.0 0.25611 0.44404 0.60103 0.76891 0.94137 1.10237 1.26853 1.42609 1.58938 1.75612 1.90852 2.05692 2.19557 2.32621 2.45627 2.57315 2.69176 2.79317 2.88542 2.96907 3.04527 3.1146 3.17648 3.22231 3.25784 3.2882 3.31284 3.32201 3.32717 3.32201 3.318 3.29795 3.27789 3.2481 3.212 3.17132 3.13007 3.08251 3.03438 2.97995 2.92495 2.87396 2.81609 2.75134 2.69806 2.63618 2.58003 2.52216 2.46257 2.40929 2.34741 2.29756 2.24026 2.18813 2.13484 2.09645 2.0489 2.00879 1.95952 1.92571 1.89133 1.85581 1.82945 1.81112
-9999.0 0.18105 0.18105 0.36211 0.51222 0.65317 0.83022 0.97575 1.16024 1.31895 1.48224 1.64038 1.79278 1.94233 2.08843 2.23282 2.36803 2.48893 2.61784 2.72728 2.82812 2.91922 3.00746 3.08251 3.14497 3.20226 3.2481 3.28305 3.31284 3.33175 3.34665 3.34665 3.34665 3.33175 3.318 3.29279 3.26299 3.22747 3.18679 3.14497 3.09856 3.05043 2.99657 2.94099 2.89115 2.82812 2.76911 2.71525 2.66139 2.59894 2.54107 2.48893 2.42934 2.37491 2.31933 2.26891 2.21047 2.16578 2.11192 2.06494 2.00879 1.96754 1.92571 1.88217 1.82945 1.79278 1.76528
-9999.0 0.40508 0.44404 0.54374 0.62739 0.78954 0.92361 1.0869 1.24217 1.40317 1.55787 1.7183 1.86498 2.01681 2.15776 2.29756 2.42934 2.54794 2.66712 2.77541 2.87396 2.96334 3.05043 3.11976 3.18163 3.23778 3.28305 3.31284 3.34206 3.36154 3.37128 3.37128 3.36613 3.3518 3.33691 3.30769 3.27789 3.23778 3.20226 3.15585 3.10371 3.05616 3.00746 2.95245 2.9026 2.84531 2.78114 2.72728 2.67342 2.61784 2.55425 2.4958 2.44939 2.38866 2.33308 2.28324 2.22537 2.17323 2.12739 2.06494 2.01681 1.96754 1.91712 1.85581 1.81112 1.76528 1.7183
-9999.0 0.60103 0.65317 0.72479 0.83022 0.95856 1.072 1.21524 1.36765 1.51547 1.6696 1.81112 1.95952 2.11192 2.24026 2.37491 2.50211 2.62415 2.73358 2.83958 2.93584 3.0235 3.10371 3.16616 3.22747 3.27789 3.32201 3.3518 3.37587 3.39076 3.39535 3.39535 3.38561 3.37128 3.3518 3.32201 3.2882 3.2481 3.20742 3.16616 3.1146 3.06131 3.01261 2.95761 2.9026 2.84531 2.78687 2.73358 2.67342 2.61784 2.56055 2.50898 2.44939 2.40241 2.34741 2.29069 2.23282 2.18068 2.12739 2.07239 2.01681 1.95952 1.90852 1.85581 1.79278 1.73721 1.67991
-9999.0 0.83022 0.86918 0.92361 1.02502 1.13159 1.25535 1.37968 1.51547 1.65986 1.80195 1.94233 2.08041 2.21792 2.35428 2.48263 2.59894 2.71525 2.82239 2.91922 3.01261 3.0934 3.16616 3.22747 3.2882 3.33175 3.36613 3.39535 3.41483 3.424 3.42915 3.424 3.40967 3.39076 3.36613 3.33691 3.29795 3.25784 3.21716 3.16616 3.1146 3.06131 3.00746 2.95245 2.89687 2.83958 2.78687 2.72728 2.66712 2.61784 2.56685 2.50211 2.44939 2.39554 2.34053 2.29069 2.23282 2.18068 2.12739 2.07239 2.00879 1.95092 1.89133 1.82945 1.77445 1.70856 1.65012
-9999.0 1.04106 1.0869 1.14592 1.22899 1.33155 1.44901 1.56876 1.69882 1.82029 1.95952 2.08843 2.22537 2.35428 2.47575 2.59894 2.70952 2.82239 2.91922 3.01261 3.09856 3.17648 3.24294 3.3031 3.3518 3.39076 3.424 3.44348 3.46238 3.46697 3.46238 3.45264 3.43374 3.40967 3.38102 3.34665 3.30769 3.26299 3.21716 3.16616 3.1146 3.06131 3.00173 2.94672 2.89115 2.83385 2.76911 2.71525 2.65509 2.60524 2.54794 2.4958 2.44252 2.38866 2.33308 2.28324 2.23282 2.17323 2.11937 2.06494 2.00077 1.94233 1.88217 1.82029 1.75612 1.67991 1.61001
-9999.0 1.25535 1.30634 1.37968 1.44901 1.54756 1.65986 1.76528 1.88217 2.00879 2.13484 2.25459 2.38179 2.50211 2.61784 2.73358 2.83958 2.94099 3.03438 3.12491 3.1971 3.27273 3.33175 3.38102 3.42915 3.46238 3.4853 3.50421 3.51338 3.50879 3.50421 3.48989 3.46697 3.43374 3.39993 3.36154 3.318 3.26815 3.22231 3.16616 3.10887 3.05043 2.99084 2.93068 2.87396 2.81036 2.75765 2.69806 2.64248 2.58003 2.52846 2.46945 2.42247 2.36803 2.31188 2.26891 2.21047 2.15776 2.1039 2.0489 1.99275 1.92571 1.86498 1.79278 1.72804 1.65012 1.57907
-9999.0 1.46047 1.52636 1.58938 1.6696 1.76528 1.86498 1.97613 2.08041 2.20302 2.31933 2.43564 2.55425 2.66139 2.78114 2.88542 2.97995 3.0722 3.16101 3.24294 3.31284 3.37587 3.42915 3.47671 3.51338 3.53687 3.5552 3.56437 3.56895 3.56437 3.54604 3.52254 3.49963 3.46238 3.424 3.37587 3.32717 3.27273 3.21716 3.16101 3.09856 3.03954 2.97422 2.91349 2.85104 2.78687 2.72728 2.66712 2.61154 2.55425 2.50211 2.44939 2.38866 2.34053 2.29069 2.24026 2.18813 2.13484 2.08041 2.02541 1.96754 1.90852 1.84722 1.78362 1.70856 1.63006 1.54756
-9999.0 1.68965 1.74695 1.81112 1.89993 1.98415 2.08041 2.18813 2.29069 2.40241 2.51528 2.62415 2.73358 2.83958 2.94672 3.04527 3.13523 3.21716 3.3031 3.37128 3.43374 3.49447 3.53687 3.57812 3.60562 3.62339 3.63198 3.63656 3.63198 3.61937 3.59646 3.56895 3.53228 3.48989 3.44348 3.39535 3.33691 3.27789 3.21716 3.15585 3.08767 3.0235 2.95761 2.89115 2.82239 2.75765 2.69806 2.63618 2.58003 2.52216 2.46257 2.40929 2.35428 2.30501 2.25459 2.20302 2.15031 2.1039 2.0489 2.00077 1.94233 1.88217 1.82029 1.75612 1.67991 1.5997 1.51547
-9999.0 1.89993 1.95952 2.03343 2.11192 2.20302 2.30501 2.40241 2.50211 2.61154 2.71525 2.82239 2.91922 3.0235 3.11976 3.212 3.29795 3.37587 3.44806 3.51338 3.56437 3.61479 3.65432 3.68125 3.70818 3.71678 3.72136 3.71678 3.7036 3.68125 3.65031 3.61479 3.57354 3.52713 3.47155 3.41483 3.3518 3.28305 3.21716 3.14497 3.07736 3.00173 2.93068 2.8625 2.79317 2.72155 2.65509 2.59894 2.53477 2.47575 2.41559 2.36116 2.30501 2.26204 2.20302 2.15776 2.1039 2.06494 2.00879 1.95952 1.90852 1.85581 1.79278 1.7183 1.65012 1.57907 1.50459
-9999.0 2.11192 2.17323 2.25459 2.34053 2.42247 2.52216 2.61784 2.71525 2.81609 2.91922 3.01834 3.1146 3.20742 3.29795 3.38561 3.46238 3.53687 3.60104 3.65891 3.70818 3.74772 3.77293 3.7947 3.81189 3.81647 3.80788 3.7947 3.77293 3.74772 3.70818 3.66349 3.61479 3.55979 3.49963 3.43374 3.36154 3.29279 3.21716 3.13523 3.06647 2.98511 2.90776 2.83385 2.75134 2.67972 2.61784 2.54794 2.48263 2.41559 2.36116 2.30501 2.25459 2.20302 2.15031 2.1039 2.05692 2.01681 1.95952 1.91712 1.86498 1.81112 1.75612 1.69882 1.63006 1.55787 1.48224
-9999.0 2.30501 2.38866 2.46257 2.55425 2.63618 2.73358 2.83385 2.92495 3.0235 3.12491 3.21716 3.30769 3.39993 3.4853 3.55979 3.63656 3.69902 3.76089 3.80788 3.84627 3.88007 3.90471 3.91731 3.91731 3.91731 3.9007 3.88465 3.85085 3.81647 3.77293 3.72136 3.66349 3.59646 3.52713 3.45264 3.37587 3.29795 3.21716 3.13007 3.04527 2.96334 2.87969 2.7989 2.71525 2.63618 2.56685 2.4958 2.42247 2.36116 2.30501 2.24026 2.18813 2.13484 2.08843 2.04088 1.99275 1.95092 1.90852 1.86498 1.82029 1.76528 1.7183 1.65986 1.61001 1.53667 1.46047
-9999.0 2.50898 2.58633 2.67342 2.76338 2.85677 2.94672 3.03954 3.13523 3.23263 3.32717 3.41941 3.50879 3.59187 3.66808 3.73912 3.80788 3.86747 3.9133 3.95914 3.99237 4.01586 4.03248 4.0405 4.03649 4.02446 4.0044 3.97174 3.93393 3.88866 3.83366 3.77293 3.70818 3.63656 3.55979 3.48129 3.39076 3.30769 3.212 3.12491 3.03438 2.94099 2.85104 2.75765 2.67972 2.59263 2.50898 2.43564 2.36116 2.29069 2.23282 2.16578 2.11192 2.06494 2.01681 1.96754 1.92571 1.88217 1.83805 1.80195 1.76528 1.7183 1.67991 1.61975 1.57907 1.51547 1.46047
-9999.0 2.70321 2.78687 2.87396 2.96334 3.05616 3.15069 3.2481 3.34206 3.43374 3.52254 3.61479 3.69902 3.77751 3.85085 3.91731 3.97976 4.02847 4.07659 4.10868 4.13618 4.15165 4.15967 4.16368 4.14821 4.13217 4.10467 4.06456 4.01586 3.96315 3.90471 3.83767 3.75631 3.67724 3.59646 3.50421 3.41483 3.31284 3.21716 3.11976 3.01834 2.91922 2.82239 2.72155 2.63618 2.54107 2.45627 2.37491 2.29756 2.21792 2.15031 2.08843 2.03343 1.98415 1.92571 1.89133 1.83805 1.80195 1.76528 1.73721 1.69882 1.65986 1.63006 1.58938 1.53667 1.4937 1.44901
-9999.0 2.89115 2.97995 3.0722 3.16101 3.25784 3.3518 3.44806 3.54145 3.62797 3.72136 3.80329 3.88866 3.96315 4.02847 4.08863 4.14821 4.19119 4.23015 4.2565 4.27942 4.29088 4.29088 4.28343 4.26452 4.23702 4.20265 4.15566 4.10066 4.0405 3.97174 3.89268 3.80788 3.72136 3.62797 3.53228 3.42915 3.32717 3.22231 3.10887 3.00746 2.9026 2.79317 2.68545 2.58633 2.48893 2.39554 2.30501 2.22537 2.14286 2.07239 2.00077 1.94233 1.89133 1.83805 1.79278 1.75612 1.7183 1.68965 1.65012 1.63006 1.5997 1.56876 1.54756 1.51547 1.47136 1.43755
-9999.0 3.06647 3.16101 3.25784 3.34665 3.44806 3.54145 3.63656 3.72996 3.82048 3.90471 3.99237 4.06456 4.14019 4.20265 4.2565 4.31036 4.3476 4.38141 4.40375 4.41865 4.42209 4.41865 4.40375 4.3774 4.34359 4.2989 4.24906 4.18316 4.11269 4.0405 3.95513 3.86345 3.76491 3.66808 3.55979 3.45264 3.33691 3.22231 3.10887 2.99084 2.87396 2.76338 2.65509 2.54794 2.43564 2.33308 2.24026 2.14286 2.06494 1.98415 1.90852 1.84722 1.78362 1.73721 1.68965 1.65986 1.61975 1.5997 1.56876 1.54756 1.52636 1.51547 1.4937 1.46047 1.44901 1.42609
-9999.0 3.23778 3.33175 3.43374 3.53228 3.62797 3.72594 3.82048 3.9133 4.00039 4.08462 4.16368 4.23702 4.30635 4.36594 4.41865 4.46563 4.49886 4.52751 4.54527 4.55215 4.55215 4.53783 4.51663 4.48397 4.4473 4.39631 4.33271 4.26452 4.19119 4.10467 4.01242 3.91731 3.81189 3.7036 3.59187 3.47155 3.3518 3.23263 3.10887 2.98511 2.8625 2.73931 2.62415 2.50211 2.38866 2.27636 2.17323 2.07239 1.98415 1.89133 1.82029 1.74695 1.68965 1.64038 1.57907 1.54756 1.51547 1.4937 1.48224 1.46047 1.44901 1.43755 1.42609 1.43755 1.41463 1.41463
-9999.0 3.39535 3.49447 3.60104 3.69902 3.7947 3.89268 3.98779 4.08061 4.1677 4.25249 4.32927 4.40375 4.46563 4.52064 4.57392 4.61288 4.6444 4.6656 4.67591 4.68278 4.67247 4.65471 4.62663 4.59168 4.54184 4.48397 4.41865 4.34359 4.26051 4.17171 4.07258 3.96716 3.85486 3.73912 3.61937 3.49447 3.37128 3.24294 3.1146 2.97422 2.85104 2.72155 2.58633 2.45627 2.34053 2.21792 2.1039 2.00077 1.89993 1.80195 1.7183 1.64038 1.56876 1.51547 1.47136 1.43755 1.40317 1.37968 1.36765 1.36765 1.36765 1.36765 1.37968 1.37968 1.39171 1.40317
-9999.0 3.54604 3.64573 3.75173 3.85486 3.95513 4.05253 4.14821 4.23702 4.32526 4.4112 4.48397 4.55215 4.61689 4.66903 4.71372 4.75211 4.77618 4.79566 4.80253 4.79909 4.78649 4.76243 4.72747 4.68679 4.63007 4.56647 4.49886 4.41464 4.32927 4.23015 4.12873 4.01586 3.89669 3.77751 3.65031 3.51796 3.38561 3.25268 3.1146 2.97422 2.83385 2.69806 2.56055 2.42247 2.29756 2.16578 2.04088 1.92571 1.81112 1.7183 1.61975 1.53667 1.46047 1.39171 1.34359 1.31895 1.28113 1.26853 1.25535 1.25535 1.26853 1.29374 1.30634 1.33155 1.35562 1.39171
-9999.0 3.68125 3.78611 3.89268 4.00039 4.10066 4.19921 4.29489 4.38485 4.47308 4.55215 4.62663 4.69367 4.75211 4.80253 4.84665 4.87988 4.89994 4.91369 4.91655 4.91025 4.89019 4.86384 4.82316 4.77274 4.71716 4.64783 4.57048 4.48397 4.39229 4.29088 4.17973 4.06055 3.94252 3.81189 3.67724 3.54145 3.40509 3.26299 3.1146 2.97422 2.82812 2.68545 2.54107 2.39554 2.25459 2.11937 1.99275 1.86498 1.73721 1.63006 1.52636 1.43755 1.34359 1.28113 1.22899 1.18831 1.16024 1.13159 1.14592 1.16024 1.17399 1.20207 1.24217 1.28113 1.33155 1.37968
-9999.0 3.80788 3.91731 4.02446 4.12873 4.23416 4.33672 4.42954 4.52064 4.60601 4.68679 4.75555 4.82316 4.87644 4.92686 4.96583 4.99562 5.01166 5.02083 5.01854 5.0088 4.98244 4.94921 4.90681 4.85696 4.79279 4.71716 4.63752 4.54527 4.4473 4.33672 4.22213 4.10467 3.97575 3.84627 3.70818 3.56437 3.424 3.27273 3.12491 2.97422 2.82239 2.67342 2.52216 2.36803 2.22537 2.08041 1.94233 1.81112 1.6696 1.54756 1.43755 1.33155 1.22899 1.16024 1.0869 1.04106 1.02502 1.00898 1.02502 1.02502 1.072 1.11669 1.17399 1.22899 1.29374 1.35562
-9999.0 3.91731 4.03248 4.1442 4.24906 4.35505 4.45131 4.54871 4.63752 4.7206 4.79909 4.87014 4.93317 4.98874 5.03401 5.06953 5.09474 5.10792 5.11422 5.11078 5.09245 5.06667 5.03057 4.98244 4.92343 4.85696 4.77961 4.69367 4.59512 4.49485 4.38141 4.26452 4.14019 4.01242 3.87205 3.73454 3.58729 3.43832 3.2882 3.13523 2.97995 2.82239 2.66712 2.51528 2.36116 2.20302 2.0489 1.89993 1.75612 1.61001 1.48224 1.35562 1.24217 1.13159 1.04106 0.97575 0.90585 0.86918 0.86918 0.88751 0.90585 0.95856 1.02502 1.0869 1.17399 1.25535 1.33155
-9999.0 4.02044 4.13618 4.24504 4.35505 4.45818 4.5596 4.65127 4.74524 4.8266 4.90337 4.9727 5.03057 5.08271 5.12683 5.15891 5.18011 5.19272 5.19615 5.18641 5.16521 5.13313 5.09474 5.04375 4.98244 4.91025 4.83003 4.7418 4.6444 4.53439 4.42209 4.2989 4.17171 4.03649 3.9007 3.75173 3.61021 3.4578 3.3031 3.14497 2.98511 2.82812 2.66712 2.50898 2.34741 2.18813 2.02541 1.87357 1.7183 1.56876 1.42609 1.29374 1.16024 1.04106 0.94137 0.83022 0.78954 0.72479 0.72479 0.74714 0.76891 0.8497 0.92361 1.02502 1.10237 1.20207 1.30634
-9999.0 4.10868 4.22213 4.33672 4.44386 4.54871 4.64783 4.74524 4.83347 4.91655 4.99218 5.05693 5.11422 5.16521 5.20246 5.23397 5.25173 5.26147 5.26147 5.24887 5.22423 5.18985 5.14631 5.09474 5.0277 4.95265 4.87014 4.77618 4.67591 4.56647 4.45131 4.32526 4.19921 4.06055 3.91731 3.77293 3.62339 3.47155 3.318 3.16101 2.99657 2.83385 2.67342 2.50898 2.34741 2.18068 2.02541 1.86498 1.69882 1.54756 1.39171 1.24217 1.10237 0.97575 0.83022 0.72479 0.62739 0.57296 0.57296 0.57296 0.65317 0.72479 0.83022 0.94137 1.04106 1.16024 1.28113
-9999.0 4.18316 4.2989 4.4112 4.52407 4.62663 4.72404 4.82316 4.91025 4.98874 5.06323 5.12683 5.18355 5.22767 5.26434 5.29241 5.31017 5.31648 5.31361 5.29528 5.27064 5.23397 5.18641 5.13026 5.05979 4.98244 4.8965 4.80253 4.70055 4.58825 4.46964 4.34359 4.21468 4.07659 3.93393 3.79069 3.63656 3.4853 3.32717 3.17132 3.01261 2.84531 2.68545 2.52216 2.35428 2.19557 2.02541 1.85581 1.69882 1.53667 1.37968 1.21524 1.072 0.90585 0.76891 0.65317 0.51222 0.44404 0.40508 0.44404 0.47957 0.60103 0.74714 0.8497 0.99236 1.11669 1.25535
-9999.0 4.24504 4.3625 4.47652 4.58825 4.69023 4.78935 4.88332 4.96926 5.04719 5.11709 5.18011 5.23397 5.27981 5.31361 5.33767 5.35314 5.35314 5.34684 5.32851 5.30158 5.26147 5.21162 5.15261 5.08271 5.00192 4.91369 4.81628 4.71372 4.59913 4.48053 4.35505 4.22213 4.08462 3.94252 3.79928 3.65031 3.49963 3.34206 3.18679 3.0235 2.8625 2.69806 2.53477 2.37491 2.21047 2.04088 1.87357 1.70856 1.54756 1.39171 1.21524 1.05653 0.90585 0.72479 0.57296 0.44404 0.31398 0.25611 0.31398 0.40508 0.47957 0.62739 0.78954 0.94137 1.0869 1.22899
-9999.0 4.29489 4.4112 4.52751 4.63408 4.73836 4.83691 4.92686 5.0151 5.09245 5.15891 5.21793 5.27064 5.31017 5.34398 5.36518 5.37721 5.37377 5.36518 5.34684 5.31361 5.27064 5.22136 5.15891 5.08557 5.0088 4.91655 4.81972 4.71372 4.59913 4.48397 4.35505 4.22614 4.08863 3.94653 3.80329 3.65432 3.50421 3.3518 3.1971 3.03954 2.87969 2.72155 2.56055 2.39554 2.23282 2.07239 1.90852 1.74695 1.57907 1.41463 1.25535 1.0869 0.90585 0.74714 0.57296 0.40508 0.25611 0.0 0.0 0.25611 0.40508 0.57296 0.72479 0.88751 1.05653 1.21524
