data/slope_horn_max.txt
ncols	401
nrows	401
xllcorner	0.0
yllcorner	0.0
cellsize	10.0
NODATA_value	-9999.0
[rows 300 to 329 of 401, columns 134 to 200 of 401]
8.54223 8.67344 8.76282 8.80808 8.8098 8.76511 8.67687 8.54337 8.37034 8.15376 7.89708 7.60372 7.27083 6.90357 6.50995 6.08367 5.63619 5.16521 4.70398 4.29088 3.87606 3.45264 3.04527 2.66139 2.35428 2.11192 1.94233 1.93373 2.11937 2.35428 2.62988 2.93584 3.24294 3.55062 3.84226 4.1167 4.37396 4.60601 4.81628 5.0088 5.17094 5.31361 5.43393 5.52904 5.60181 5.65681 5.69635 5.71926 5.71926 5.69921 5.65337 5.59035 5.50498 5.40414 5.28611 5.15261 5.0088 4.85696 4.70055 4.54871 4.4112 4.27197 4.13217 3.99237 3.84627 3.695 3.54145
8.39326 8.51415 8.59379 8.62932 8.6213 8.57145 8.47806 8.3394 8.16178 7.94291 7.68336 7.38944 7.05999 6.69558 6.30254 5.8837 5.44023 4.979 4.49886 4.03649 3.63198 3.22747 2.83385 2.48893 2.21047 1.99275 1.84722 1.96754 2.17323 2.41559 2.67972 2.96334 3.25784 3.54604 3.82908 4.09264 4.33672 4.56304 4.76586 4.94921 5.11709 5.27064 5.40414 5.51415 5.59894 5.67114 5.72213 5.75307 5.75307 5.73302 5.68775 5.62186 5.54107 5.4368 5.31017 5.16751 5.0151 4.84321 4.66216 4.48053 4.31036 4.14019 3.97976 3.82908 3.67266 3.51338 3.35639
8.22023 8.33253 8.40071 8.42936 8.41446 8.35544 8.25689 8.11652 7.93375 7.7143 7.45418 7.16025 6.8308 6.46984 6.08367 5.66827 5.23397 4.77618 4.30635 3.82048 3.38561 2.99657 2.63618 2.32621 2.07239 1.88217 1.82945 2.03343 2.26204 2.50898 2.77541 3.05043 3.33175 3.60562 3.87205 4.12873 4.37396 4.59913 4.81285 5.0088 5.18985 5.35314 5.49925 5.619 5.71926 5.7949 5.85047 5.88084 5.88657 5.87568 5.83729 5.76969 5.69348 5.59321 5.46716 5.32564 5.16521 4.98244 4.78305 4.57392 4.35849 4.14821 3.95112 3.76892 3.58271 3.39993 3.22231
8.02771 8.12626 8.18699 8.20647 8.18356 8.12053 8.01568 7.87072 7.68508 7.46335 7.20437 6.91044 6.58615 6.22805 5.84761 5.4431 5.01166 4.56647 4.10868 3.63198 3.15585 2.76911 2.43564 2.15776 1.94233 1.77445 1.87357 2.1039 2.36116 2.62415 2.89687 3.17648 3.45264 3.73454 4.0044 4.26051 4.51319 4.74524 4.96583 5.16751 5.35601 5.52618 5.674 5.79776 5.89745 5.97366 6.03325 6.06476 6.07851 6.07564 6.04929 6.00116 5.93871 5.84245 5.72499 5.58118 5.41044 5.22136 5.01166 4.78305 4.54184 4.29489 4.05654 3.82507 3.59646 3.38102 3.17132
7.81171 7.90109 7.94922 7.95953 7.93375 7.86213 7.75155 7.60372 7.41751 7.19578 6.9368 6.64688 6.32374 5.97366 5.59894 5.19902 4.77961 4.34359 3.89268 3.43832 2.97995 2.54794 2.25459 2.00879 1.80195 1.69882 1.93373 2.19557 2.46945 2.75134 3.03438 3.32201 3.61021 3.89268 4.1677 4.43297 4.69023 4.9303 5.15547 5.36231 5.54967 5.7164 5.86136 5.99027 6.09455 6.17878 6.25383 6.30769 6.34436 6.35639 6.3415 6.29795 6.22576 6.1232 5.99543 5.84245 5.66541 5.46086 5.2397 5.00192 4.74524 4.48053 4.21869 3.96315 3.71219 3.46238 3.212
7.57221 7.65185 7.68967 7.69368 7.65586 7.58252 7.46736 7.31495 7.12817 6.90586 6.64975 6.35926 6.04413 5.69921 5.33195 4.94348 4.53439 4.11269 3.67724 3.23778 2.82239 2.42247 2.07239 1.84722 1.6696 1.74695 2.00879 2.29069 2.58633 2.88542 3.18163 3.48129 3.77751 4.06857 4.3476 4.61976 4.87988 5.12396 5.35028 5.5554 5.74447 5.91636 6.06476 6.20972 6.33921 6.45494 6.54891 6.61766 6.65605 6.6635 6.64459 6.5936 6.51224 6.40223 6.26415 6.10257 5.91407 5.70208 5.47003 5.21793 4.95265 4.67247 4.38485 4.11269 3.84226 3.58729 3.32201
7.31094 7.37626 7.40892 7.40261 7.36136 7.28 7.16197 7.00785 6.81877 6.59589 6.34436 6.0596 5.74734 5.41044 5.05005 4.67247 4.27598 3.87205 3.46697 3.0722 2.68545 2.31188 1.93373 1.69882 1.54756 1.82029 2.11192 2.40929 2.71525 3.0235 3.33175 3.64573 3.94653 4.24103 4.52751 4.80253 5.06667 5.31017 5.54107 5.7502 5.94959 6.14211 6.32603 6.49734 6.64975 6.77465 6.86862 6.93164 6.96889 6.97118 6.9431 6.88294 6.79528 6.6761 6.53172 6.35926 6.16044 5.93584 5.69348 5.43164 5.15261 4.8604 4.5596 4.26051 3.97976 3.7036 3.43374
7.02618 7.08348 7.10353 7.09207 7.04222 6.95456 6.83539 6.6784 6.49218 6.2693 6.01949 5.73875 5.4368 5.10792 4.75555 4.39229 4.01586 3.65031 3.28305 2.91922 2.56055 2.20302 1.83805 1.54756 1.61001 1.89993 2.21047 2.52846 2.84531 3.17132 3.4853 3.80329 4.1167 4.41865 4.71029 4.98874 5.25173 5.50211 5.73875 5.97366 6.20456 6.42973 6.63485 6.81476 6.96659 7.08978 7.18031 7.24219 7.27313 7.27083 7.23531 7.17114 7.07431 6.94539 6.7907 6.60792 6.39937 6.16273 5.91121 5.63905 5.34684 5.04375 4.73091 4.41464 4.11269 3.82048 3.54145
6.71908 6.7672 6.77866 6.75976 6.70246 6.61251 6.48932 6.33118 6.14497 5.92496 5.67916 5.40414 5.10792 4.78935 4.46563 4.13217 3.7947 3.46697 3.13007 2.78687 2.44252 2.08843 1.73721 1.41463 1.68965 2.00879 2.32621 2.65509 2.98511 3.31284 3.64573 3.96716 4.28744 4.59168 4.88676 5.17094 5.44023 5.71067 5.97939 6.24639 6.50193 6.73397 6.9431 7.12187 7.27542 7.39631 7.48455 7.54414 7.56763 7.56132 7.52064 7.44559 7.34131 7.20437 7.03993 6.84513 6.62511 6.38218 6.11518 5.83443 5.52904 5.21506 4.89019 4.5596 4.23416 3.92992 3.64115
6.38963 6.42973 6.43489 6.40452 6.34436 6.24925 6.1232 5.96564 5.77828 5.56399 5.32278 5.06667 4.79279 4.50975 4.21869 3.91731 3.61479 3.29795 2.97422 2.64878 2.31188 1.97613 1.65012 1.4937 1.77445 2.1039 2.44252 2.78114 3.12491 3.46238 3.79928 4.12873 4.45131 4.76243 5.06323 5.35601 5.65051 5.95189 6.25154 6.53401 6.79528 7.03077 7.23989 7.4221 7.57221 7.69196 7.78077 7.83405 7.85411 7.84035 7.7928 7.71029 7.59742 7.45246 7.27771 7.07431 6.84284 6.58615 6.31056 6.01434 5.70208 5.37377 5.03744 4.69711 4.35104 4.03649 3.72996
6.04413 6.07049 6.06762 6.03325 5.96564 5.86709 5.74447 5.59035 5.41674 5.22136 5.01166 4.78305 4.54184 4.28343 4.01586 3.72996 3.43374 3.13007 2.81609 2.4958 2.17323 1.85581 1.53667 1.61001 1.87357 2.21047 2.56055 2.91349 3.25784 3.61021 3.95513 4.29088 4.61689 4.93317 5.24256 5.56113 5.88657 6.21258 6.52198 6.81247 7.0766 7.31724 7.52752 7.71029 7.86041 7.97557 8.06094 8.11079 8.12626 8.10506 8.05178 7.96182 7.84035 7.68508 7.49944 7.28459 7.04452 6.77694 6.48932 6.18164 5.8562 5.51988 5.17094 4.81628 4.45818 4.12472 3.80788
5.68202 5.70208 5.69635 5.66541 5.60754 5.51988 5.41331 5.28324 5.13313 4.95608 4.76586 4.55215 4.32125 4.07258 3.81647 3.53687 3.2481 2.95245 2.64878 2.34053 2.03343 1.72804 1.56876 1.70856 1.97613 2.32621 2.68545 3.04527 3.39993 3.75631 4.10066 4.44386 4.77618 5.10104 5.43393 5.77828 6.12606 6.46468 6.78325 7.0766 7.34589 7.58883 7.80082 7.98359 8.13027 8.24544 8.32851 8.37206 8.38008 8.35544 8.29185 8.19731 8.06324 7.90109 7.70571 7.48226 7.22958 6.95227 6.65204 6.33405 5.9983 5.64765 5.28611 4.91999 4.54871 4.1952 3.87205
5.39841 5.41961 5.41674 5.38924 5.33767 5.25803 5.15891 5.03401 4.89019 4.72404 4.53783 4.32927 4.10066 3.85887 3.60104 3.33175 3.05043 2.76338 2.46945 2.17323 1.89133 1.5997 1.64038 1.81112 2.08041 2.44252 2.80463 3.16616 3.53228 3.89268 4.24504 4.59168 4.9303 5.27694 5.63332 5.9983 6.36155 6.70475 7.02847 7.32641 7.60143 7.84437 8.05751 8.23799 8.38581 8.49868 8.57546 8.61671 8.61958 8.58692 8.51587 8.41045 8.27294 8.09876 7.89307 7.65815 7.39631 7.10811 6.79528 6.46755 6.11804 5.7588 5.38638 5.00536 4.6232 4.2565 3.9219
5.17725 5.19272 5.18641 5.15891 5.10104 5.0277 4.92686 4.80253 4.65471 4.48798 4.30234 4.09264 3.87205 3.62797 3.38102 3.1146 2.84531 2.56685 2.28324 2.00077 1.72804 1.55787 1.69882 1.89133 2.18068 2.55425 2.92495 3.29279 3.66349 4.02847 4.38485 4.73492 5.08557 5.45227 5.8287 6.21258 6.58099 6.93164 7.26281 7.56362 7.83806 8.08329 8.29757 8.47806 8.62359 8.73188 8.80464 8.83845 8.8373 8.79719 8.72042 8.60869 8.45972 8.27638 8.06094 7.81801 7.54184 7.24448 6.92248 6.5787 6.2206 5.84761 5.4643 5.07641 4.68278 4.30234 3.95513
4.97557 4.98588 4.96926 4.9366 4.87301 4.78935 4.68278 4.55616 4.40719 4.23702 4.05253 3.84627 3.62339 3.39076 3.14497 2.89115 2.62988 2.36116 2.09645 1.82029 1.56876 1.56876 1.74695 1.96754 2.28324 2.65509 3.03438 3.41483 3.78611 4.15566 4.51663 4.87014 5.2397 5.62186 6.01663 6.40968 6.7884 7.14192 7.47423 7.78077 8.05922 8.30388 8.51816 8.69693 8.84017 8.94616 9.01492 9.04299 9.0344 8.98856 8.90319 8.78287 8.62531 8.43337 8.20877 7.95323 7.66847 7.35907 7.02618 6.67324 6.30254 5.92209 5.52331 5.12683 4.7206 4.32927 3.97575
4.81285 4.80253 4.77618 4.73091 4.65872 4.57048 4.45818 4.32927 4.17572 4.01242 3.82507 3.61937 3.40509 3.17648 2.93584 2.68545 2.43564 2.17323 1.90852 1.65012 1.43755 1.57907 1.78362 2.03343 2.38179 2.76338 3.14497 3.52254 3.90471 4.27598 4.64096 5.00536 5.38638 5.78401 6.18909 6.5936 6.97519 7.3373 7.67248 7.97958 8.25919 8.50441 8.71755 8.89231 9.0344 9.13696 9.19998 9.22347 9.20972 9.15644 9.06419 8.93528 8.76797 8.56858 8.33424 8.06896 7.77446 7.45418 7.11041 6.74772 6.36671 5.97079 5.56686 5.15547 4.73836 4.34359 3.97976
4.77618 4.74867 4.70398 4.64096 4.5596 4.45818 4.34359 4.20666 4.05253 3.88007 3.695 3.49447 3.27273 3.04527 2.80463 2.55425 2.29069 2.01681 1.74695 1.4937 1.39171 1.56876 1.81112 2.08041 2.46945 2.85677 3.2481 3.63198 4.01242 4.38485 4.75555 5.13026 5.51988 5.93011 6.35124 6.75746 7.1465 7.51205 7.85067 8.16006 8.4391 8.68432 8.89574 9.07107 9.20629 9.30426 9.36328 9.38218 9.35984 9.30082 9.20113 9.06247 8.88887 8.67859 8.43508 8.16006 7.8564 7.52752 7.17343 6.80044 6.40681 6.00345 5.58748 5.16521 4.73836 4.33672 3.97174
4.91655 4.86728 4.80253 4.7206 4.62663 4.52064 4.39229 4.25249 4.09264 3.9219 3.72996 3.52254 3.29795 3.06131 2.80463 2.53477 2.25459 1.96754 1.67991 1.39171 1.40317 1.56876 1.82945 2.17323 2.56055 2.94672 3.33691 3.72594 4.11269 4.48798 4.8604 5.24256 5.64765 6.06476 6.49448 6.90586 7.30006 7.66675 8.00537 8.31877 8.5978 8.84017 9.04987 9.22233 9.35468 9.44922 9.50251 9.51454 9.48761 9.42057 9.314 9.16847 8.98455 8.76625 8.51415 8.22997 7.91713 7.57794 7.21354 6.8308 6.42973 6.01434 5.59035 5.15891 4.72404 4.31781 3.94653
5.09818 5.03744 4.96239 4.87301 4.77274 4.65127 4.52064 4.36995 4.20265 4.02044 3.81647 3.59646 3.36154 3.10887 2.83385 2.54794 2.24714 1.93373 1.61975 1.34359 1.44901 1.5997 1.89133 2.25459 2.63618 3.02923 3.42915 3.82048 4.20265 4.5808 4.95608 5.34684 5.7588 6.18393 6.61995 7.03764 7.43298 7.80082 8.14402 8.45399 8.73188 8.97424 9.18222 9.3501 9.47901 9.56725 9.61538 9.6234 9.58902 9.51454 9.40052 9.24754 9.05732 8.82813 8.56858 8.27638 7.95323 7.60544 7.23359 6.84054 6.42973 6.00574 5.57259 5.13026 4.69023 4.27942 3.90471
5.24887 5.18355 5.10104 5.00192 4.8965 4.7693 4.6232 4.46964 4.29489 4.09665 3.89268 3.66349 3.41483 3.14497 2.86823 2.56685 2.26204 1.92571 1.58938 1.41463 1.50459 1.7183 1.99275 2.33308 2.71525 3.10887 3.50879 3.9007 4.28343 4.66216 5.03744 5.44023 5.8562 6.28535 6.72652 7.1465 7.54414 7.91484 8.25689 8.56858 8.84418 9.08539 9.28822 9.45266 9.57584 9.66121 9.70361 9.70533 9.66408 9.58215 9.46068 9.30254 9.10258 8.86881 8.59952 8.29757 7.96984 7.60945 7.22958 6.82851 6.40968 5.97652 5.53477 5.08557 4.63752 4.23702 3.85486
5.37091 5.29871 5.21162 5.11078 4.99218 4.8604 4.71029 4.54527 4.35849 4.15566 3.93851 3.7036 3.44806 3.17132 2.88542 2.58003 2.25459 1.91712 1.56876 1.51547 1.68965 1.89133 2.11192 2.42247 2.79317 3.18163 3.57812 3.96716 4.35505 4.73836 5.11078 5.51415 5.93871 6.37186 6.81705 7.2376 7.63695 8.00537 8.34742 8.65682 8.93127 9.16847 9.36843 9.52943 9.65147 9.7294 9.76664 9.76034 9.71335 9.62684 9.49735 9.33119 9.12493 8.88199 8.60525 8.29757 7.96182 7.59513 7.20896 6.79814 6.37186 5.93298 5.48206 5.02427 4.5808 4.17973 3.79069
5.46716 5.38638 5.29528 5.18985 5.06667 4.92686 4.7693 4.59512 4.40719 4.19921 3.97174 3.72594 3.46238 3.18679 2.89115 2.57315 2.24026 1.89133 1.64038 1.77445 1.91712 2.07239 2.25459 2.50898 2.85677 3.24294 3.64115 4.03248 4.41865 4.79566 5.17725 5.57832 6.00345 6.43947 6.88523 7.30865 7.708 8.07756 8.4179 8.72271 8.99544 9.23035 9.42573 9.58215 9.69731 9.77008 9.80216 9.79128 9.73742 9.64288 9.50766 9.33463 9.12149 8.87282 8.58864 8.27466 7.92744 7.55903 7.16197 6.74772 6.31285 5.86709 5.41044 4.94921 4.50975 4.10868 3.72136
5.53191 5.44883 5.35028 5.23626 5.10792 4.96583 4.80253 4.62663 4.42954 4.21468 3.98378 3.73454 3.46697 3.17648 2.87396 2.55425 2.30501 2.0489 1.91712 2.02541 2.14286 2.26204 2.40241 2.60524 2.93068 3.30769 3.695 4.08462 4.47308 4.84665 5.22767 5.62759 6.05674 6.48932 6.9368 7.35907 7.75613 8.12626 8.46373 8.76625 9.0344 9.2653 9.45724 9.60678 9.71794 9.78612 9.81248 9.79471 9.73627 9.63658 9.49448 9.31228 9.09341 8.83845 8.5491 8.22767 7.87874 7.50174 7.09895 6.6784 6.24123 5.78687 5.32564 4.85696 4.42954 4.02847 3.63656
5.56399 5.47576 5.37721 5.26147 5.12683 4.979 4.81285 4.63007 4.43297 4.21067 3.97575 3.72136 3.44806 3.20226 2.96907 2.72728 2.48263 2.24026 2.17323 2.26891 2.36803 2.46257 2.56685 2.71525 3.00173 3.36154 3.74772 4.13217 4.51663 4.88676 5.26434 5.66541 6.09169 6.52484 6.96889 7.39173 7.78478 8.14975 8.48608 8.78459 9.04815 9.27676 9.4624 9.6085 9.71335 9.77638 9.79586 9.77351 9.70705 9.60163 9.4561 9.26817 9.04299 8.78287 8.4878 8.16006 7.8054 7.4221 7.01701 6.59073 6.15013 5.69348 5.22767 4.75899 4.34359 3.94252 3.54604
5.56972 5.4792 5.37721 5.25803 5.12052 4.96926 4.79909 4.61288 4.4112 4.18718 3.99638 3.80329 3.59646 3.38102 3.15069 2.91349 2.67972 2.43564 2.43564 2.51528 2.59263 2.66139 2.73358 2.84531 3.0722 3.40967 3.78611 4.17171 4.54527 4.91655 5.28897 5.68489 6.11002 6.53917 6.98206 7.40032 7.7928 8.15376 8.48379 8.78115 9.03956 9.26129 9.44234 9.58387 9.68241 9.73914 9.75403 9.72653 9.65491 9.54433 9.39078 9.19998 8.96908 8.70266 8.40472 8.07126 7.71258 7.32641 6.91789 6.48703 6.04127 5.58462 5.11078 4.65872 4.24906 3.84627 3.44348
5.54394 5.45227 5.34684 5.22423 5.08901 4.93317 4.77274 4.6444 4.49886 4.34359 4.17171 3.98378 3.78209 3.56895 3.34665 3.1146 2.87969 2.64878 2.69806 2.75134 2.80463 2.85104 2.90776 2.97422 3.14038 3.4578 3.82507 4.19921 4.57048 4.93317 5.30387 5.69635 6.11289 6.53917 6.97748 7.39173 7.77848 8.13657 8.46144 8.75193 9.00403 9.22061 9.39708 9.53287 9.62512 9.67898 9.687 9.65319 9.57756 9.46068 9.30254 9.10774 8.87282 8.60296 8.29987 7.96583 7.60372 7.21354 6.80044 6.369 5.92209 5.46086 4.99218 4.55616 4.1442 3.74772 3.34206
5.49065 5.39554 5.28897 5.21162 5.13313 5.03744 4.93317 4.80597 4.67247 4.51663 4.35104 4.1677 3.97575 3.76491 3.54604 3.32201 3.08767 2.89687 2.94099 2.97995 3.01261 3.05043 3.07736 3.1146 3.22231 3.50879 3.85486 4.22213 4.58825 4.94577 5.30731 5.69348 6.09971 6.52198 6.95227 7.36136 7.74352 8.09475 8.41446 8.69865 8.94788 9.15644 9.32833 9.45724 9.54605 9.59246 9.5959 9.55579 9.47443 9.35296 9.19253 8.992 8.75365 8.48207 8.17725 7.83806 7.47194 7.08348 6.67095 6.23607 5.78917 5.32564 4.8604 4.44386 4.03649 3.63656 3.23263
5.48493 5.45227 5.40758 5.35028 5.27694 5.18985 5.08901 4.9727 4.84035 4.69367 4.53095 4.35505 4.16368 3.96315 3.75173 3.53228 3.3031 3.14497 3.17648 3.20226 3.21716 3.23263 3.24294 3.25268 3.30769 3.55979 3.88465 4.23702 4.59512 4.94348 5.29871 5.67916 6.07851 6.48703 6.91044 7.31323 7.68967 8.03344 8.3457 8.62359 8.86709 9.06878 9.23379 9.35812 9.44063 9.47901 9.47729 9.43547 9.3501 9.22519 9.06075 8.85678 8.61442 8.34169 8.03115 7.69597 7.3287 6.93852 6.52484 6.09169 5.64478 5.18355 4.73492 4.32927 3.92992 3.53687 3.15069
5.60467 5.57545 5.53477 5.48206 5.41674 5.33767 5.24256 5.13026 5.00536 4.86728 4.71029 4.54184 4.35505 4.16368 3.95513 3.73912 3.51338 3.39535 3.40509 3.41483 3.41483 3.41483 3.39993 3.39535 3.40509 3.60562 3.90929 4.24906 4.59512 4.9366 5.27981 5.65051 6.03611 6.44234 6.84971 7.24677 7.61404 7.95151 8.25689 8.52676 8.76511 8.95991 9.11633 9.23379 9.31228 9.34666 9.33979 9.28994 9.20113 9.07279 8.90491 8.69865 8.45743 8.18126 7.87301 7.53382 7.17114 6.77866 6.369 5.93871 5.49409 5.05005 4.64096 4.24906 3.86747 3.4853 3.09856
5.72499 5.69921 5.66541 5.61613 5.5554 5.4792 5.39211 5.28897 5.16751 5.03401 4.88676 4.72404 4.54871 4.35849 4.15566 3.94653 3.72996 3.62339 3.62797 3.61937 3.60562 3.58271 3.5552 3.52713 3.51338 3.65432 3.92992 4.2565 4.59168 4.91999 5.25517 5.61384 5.98454 6.37702 6.77179 7.15796 7.51835 7.84838 8.14574 8.41045 8.63677 8.82813 8.97768 9.08883 9.15988 9.1891 9.17707 9.12664 9.0344 8.90147 8.73188 8.52332 8.2821 8.00365 7.69597 7.35907 6.99639 6.60792 6.21258 5.80865 5.39211 4.96239 4.57048 4.19119 3.80329 3.424 3.03438
